300	5.84006214142
300.764373779	0
301.528778076	6.56933498383
302.293151855	6.67241096497
303.057556152	3.58269643784
303.821929932	6.99885511398
304.586334229	9.31632518768
305.350708008	-0.168395861983
306.115112305	10.8940048218
306.879486084	11.1668195724
307.643890381	9.25743293762
308.40826416	2.95492577553
309.172668457	3.62858510017
309.937042236	7.28145265579
310.701446533	9.96220397949
311.465820313	13.2198228836
312.230224609	8.2727394104
312.994598389	12.4805603027
313.759002686	7.36799144745
314.523376465	10.9986476898
315.287780762	11.6318311691
316.052154541	8.20182228088
316.816558838	6.75196552277
317.580932617	9.40523052216
318.345336914	8.95426368713
319.109710693	3.53988695145
319.87411499	4.71032428741
320.63848877	5.16536521912
321.402862549	7.56480932236
322.167266846	8.23967647552
322.931640625	9.84881973267
323.696044922	15.4290533066
324.460418701	7.10141515732
325.224822998	13.2848520279
325.989196777	5.67266368866
326.753601074	4.88294696808
327.517974854	9.50526714325
328.28237915	13.4851913452
329.04675293	11.6992807388
329.811157227	5.170170784
330.575531006	2.56543087959
331.339935303	1.96110987663
332.104309082	5.10088443756
332.868713379	5.96228265762
333.633087158	4.76985883713
334.397491455	5.1726102829
335.161865234	7.12770700455
335.926269531	7.16890478134
336.690643311	4.78688812256
337.455047607	9.01568984985
338.219421387	8.0946855545
338.983825684	12.0144834518
339.748199463	11.2203273773
340.51260376	6.37405538559
341.276977539	4.74662637711
342.041381836	6.55155944824
342.805755615	2.26200437546
343.570129395	0.873741209507
344.334533691	7.30431509018
345.098907471	5.84556865692
345.863311768	2.93637919426
346.627685547	5.3347454071
347.392089844	6.31928825378
348.156463623	3.41094398499
348.92086792	5.69387674332
349.685241699	12.9031581879
350.449645996	7.01705312729
351.214019775	4.97211313248
351.978424072	5.84980773926
352.742797852	7.87503910065
353.507202148	10.2458438873
354.271575928	9.1476020813
355.035980225	5.08586645126
355.800354004	10.2035293579
356.564758301	15.3216867447
357.32913208	11.2398805618
358.093536377	7.44209718704
358.857910156	15.0483341217
359.622314453	12.5645618439
360.386688232	6.55556249619
361.151092529	7.69590377808
361.915466309	4.38325977325
362.679870605	14.8782739639
363.444244385	14.04920578
364.208618164	6.29346179962
364.973022461	6.16965770721
365.73739624	9.06896305084
366.501800537	7.71507835388
367.266174316	5.66754484177
368.030578613	7.75134277344
368.794952393	2.29451537132
369.559356689	6.98999071121
370.323730469	5.7065448761
371.088134766	8.44169425964
371.852508545	5.84786987305
372.616912842	5.6219496727
373.381286621	5.06057262421
374.145690918	2.31522417068
374.910064697	6.06308031082
375.674468994	6.56096696854
376.438842773	12.3657283783
377.20324707	7.51672363281
377.96762085	8.99220561981
378.732025146	11.1551532745
379.496398926	11.9650096893
380.260803223	11.1354150772
381.025177002	8.64699840546
381.789581299	6.35158777237
382.553955078	3.09430742264
383.318359375	14.9812488556
384.082733154	12.2851476669
384.847137451	4.97555494308
385.61151123	7.66894388199
386.37588501	11.6867008209
387.140289307	10.9798297882
387.904663086	11.0065155029
388.669067383	3.03576040268
389.433441162	6.41224908829
390.197845459	8.30645179749
390.962219238	5.3665356636
391.726623535	1.74893784523
392.490997314	1.65891826153
393.255401611	5.22169160843
394.019775391	9.87516784668
394.784179688	13.1881170273
395.548553467	12.7666826248
396.312957764	4.17708158493
397.077331543	8.53330802917
397.84173584	5.22588157654
398.606109619	6.28867292404
399.370513916	8.26426696777
400.134887695	9.24201393127
400.899291992	11.7081842422
401.663665771	14.3231859207
402.428070068	15.1079616547
403.192443848	11.8351278305
403.956848145	12.1960935593
404.721221924	5.79269504547
405.485626221	9.50110340118
406.25	11.198964119
407.014373779	8.70386219025
407.778778076	10.1145858765
408.543151855	9.38272571564
409.307556152	9.13392925262
410.071929932	5.8586192131
410.836334229	7.98262548447
411.600708008	12.5987100601
412.365112305	10.972530365
413.129486084	9.42662143707
413.893890381	10.9035701752
414.65826416	12.5195646286
415.422668457	14.7379150391
416.187042236	10.4420433044
416.951446533	9.82997322083
417.715820313	10.2195425034
418.480224609	9.68148899078
419.244598389	11.8979549408
420.009002686	15.8525810242
420.773376465	16.1175994873
421.537780762	11.5874824524
422.302154541	9.57244873047
423.066558838	10.6214742661
423.830932617	8.44736289978
424.595336914	6.68406248093
425.359710693	7.59283542633
426.12411499	7.5721244812
426.88848877	10.3749256134
427.652862549	12.9302167892
428.417266846	11.313035965
429.181640625	10.2810564041
429.946044922	8.4630613327
430.710418701	8.96344566345
431.474822998	9.04731369019
432.239196777	12.1738233566
433.003601074	10.3304195404
433.767974854	8.71411800385
434.53237915	10.3111820221
435.29675293	12.3915891647
436.061157227	11.2546491623
436.825531006	6.02308511734
437.589935303	16.1202087402
438.354309082	10.2972221375
439.118713379	12.5354509354
439.883087158	8.0103635788
440.647491455	10.9906845093
441.411865234	13.0284852982
442.176269531	8.16189479828
442.940643311	9.73045063019
443.705047607	19.0148582458
444.469421387	9.74146175385
445.233825684	15.6032485962
445.998199463	10.9971599579
446.76260376	12.3691263199
447.526977539	7.77118682861
448.291381836	9.85286045074
449.055755615	13.672118187
449.820129395	8.498919487
450.584533691	10.215303421
451.348907471	9.09362316132
452.113311768	6.9126830101
452.877685547	11.2037715912
453.642089844	11.3943080902
454.406463623	7.74748325348
455.17086792	7.81000518799
455.935241699	10.0980501175
456.699645996	9.97194290161
457.464019775	6.75625944138
458.228424072	0.191950425506
458.992797852	6.95723772049
459.757202148	7.72663593292
460.521575928	12.382188797
461.285980225	14.3482437134
462.050354004	10.5352277756
462.814758301	9.89404296875
463.57913208	13.5946559906
464.343536377	13.5973882675
465.107910156	7.79843568802
465.872314453	3.4156396389
466.636688232	6.15656423569
467.401092529	11.2430067062
468.165466309	13.6497440338
468.929870605	10.6692056656
469.694244385	7.68397378922
470.458618164	7.91354608536
471.223022461	8.9552936554
471.98739624	8.87284660339
472.751800537	11.0384063721
473.516174316	9.97382545471
474.280578613	16.541891098
475.044952393	11.6056489944
475.809356689	7.93389129639
476.573730469	8.39065170288
477.338134766	9.18033599854
478.102508545	9.31952476501
478.866912842	9.51209640503
479.631286621	10.3667583466
480.395690918	14.2670345306
481.160064697	10.0979671478
481.924468994	12.6191854477
482.688842773	8.92748069763
483.45324707	9.92335224152
484.21762085	10.1969146729
484.982025146	13.8477716446
485.746398926	14.2271556854
486.510803223	7.89318227768
487.275177002	5.6704955101
488.039581299	4.46519374847
488.803955078	5.86936569214
489.568359375	10.4121389389
490.332733154	12.5725545883
491.097137451	10.7803258896
491.86151123	4.93605136871
492.62588501	2.63566279411
493.390289307	4.98456192017
494.154663086	7.15245866776
494.919067383	7.16704320908
495.683441162	5.70993995667
496.447845459	6.66491603851
497.212219238	5.37533140182
497.976623535	4.47785043716
498.740997314	7.30365800858
499.505401611	6.98408651352
500.269775391	6.5663061142
501.034179688	6.23775291443
501.798553467	3.80918645859
502.562957764	2.27614355087
503.327331543	4.5542383194
504.09173584	1.79551136494
504.856109619	9.511926651
505.620513916	12.7586812973
506.384887695	9.98076629639
507.149291992	9.45081043243
507.913665771	9.20268821716
508.678070068	8.85408592224
509.442443848	9.01785755157
510.206848145	8.90587902069
510.971221924	10.1136054993
511.735626221	6.03523206711
512.5	0
513.264404297	7.9110956192
514.028747559	8.92569446564
514.793151855	6.76078701019
515.557556152	6.4768781662
516.321960449	6.55155897141
517.086303711	5.82758331299
517.850708008	5.59434986115
518.615112305	4.87832975388
519.379516602	4.53284025192
520.143859863	8.78302383423
520.90826416	8.44666290283
521.672668457	7.37204504013
522.437072754	9.27995204926
523.201416016	8.94584655762
523.965820313	4.40987062454
524.730224609	1.58484721184
525.494628906	3.80665588379
526.258972168	5.55361032486
527.023376465	4.40997838974
527.787780762	5.08996295929
528.552185059	7.99564361572
529.31652832	9.6592092514
530.080932617	5.34197616577
530.845336914	6.82362937927
531.609741211	9.27445030212
532.374084473	7.88927364349
533.13848877	5.51660346985
533.902893066	5.67397928238
534.667236328	6.39927101135
535.431640625	7.36346149445
536.196044922	6.87148189545
536.960449219	2.82718896866
537.72479248	6.25973701477
538.489196777	6.02091693878
539.253601074	7.88379526138
540.018005371	6.46559000015
540.782348633	4.89286708832
541.54675293	5.03343057632
542.311157227	2.09744119644
543.075561523	3.40725779533
543.839904785	5.95232057571
544.604309082	9.99775505066
545.368713379	7.98494815826
546.133117676	5.09720134735
546.897460938	8.74797153473
547.661865234	9.45789337158
548.426269531	8.99105262756
549.190673828	7.53266429901
549.95501709	4.35330438614
550.719421387	5.13718700409
551.483825684	10.1750659943
552.24822998	9.06116676331
553.012573242	9.24963855743
553.776977539	4.93938827515
554.541381836	3.03711819649
555.305725098	5.01173019409
556.070129395	6.69330120087
556.834533691	5.95788049698
557.598937988	6.59814023972
558.36328125	8.1424779892
559.127685547	5.926820755
559.892089844	6.66497278214
560.656494141	6.55368375778
561.420837402	4.91996765137
562.185241699	4.7991194725
562.949645996	1.85934221745
563.714050293	3.02283263206
564.478393555	8.23410224915
565.242797852	9.3803730011
566.007202148	7.60602855682
566.771606445	4.63808917999
567.535949707	0.720828533173
568.300354004	6.52552700043
569.064758301	0
569.829162598	8.37256622314
570.593505859	4.20198631287
571.357910156	2.96883249283
572.122314453	3.12110996246
572.88671875	6.46093416214
573.651062012	7.50299453735
574.415466309	4.65274763107
575.179870605	4.2010383606
575.944274902	6.78228330612
576.708618164	2.98037433624
577.473022461	2.14348363876
578.237426758	6.63973045349
579.00177002	0.900259494781
579.766174316	8.36645317078
580.530578613	7.4273557663
581.29498291	5.81700801849
582.059326172	5.4242606163
582.823730469	5.61798191071
583.588134766	5.83281183243
584.352539063	4.49096107483
585.116882324	2.5852894783
585.881286621	5.9813041687
586.645690918	3.26157832146
587.410095215	10.2992343903
588.174438477	9.90238189697
588.938842773	6.60683822632
589.70324707	5.01374578476
590.467651367	6.6785326004
591.231994629	8.14158821106
591.996398926	6.65541696548
592.760803223	5.34660863876
593.52520752	7.15205717087
594.289550781	6.95469379425
595.053955078	1.91012978554
595.818359375	4.24219036102
596.582763672	10.6015396118
597.347106934	8.03409957886
598.11151123	3.82906079292
598.875915527	5.7305059433
599.640258789	5.03246116638
600.404663086	6.1444144249
601.169067383	5.20692110062
601.93347168	3.49088454247
602.697814941	7.06471300125
603.462219238	3.31851267815
604.226623535	6.96534442902
604.991027832	0.785802721977
605.755371094	-0.862802267075
606.519775391	2.96765780449
607.284179688	8.6048002243
608.048583984	8.42958545685
608.812927246	6.98029565811
609.577331543	7.16685152054
610.34173584	4.84159421921
611.106140137	0.504202783108
611.870483398	1.01951158047
612.634887695	4.39630794525
613.399291992	2.29959917068
614.163696289	2.28385448456
614.928039551	4.07616567612
615.692443848	7.14110946655
616.456848145	5.69195222855
617.221252441	6.27405071259
617.985595703	4.95716238022
618.75	5.30596971512
619.514404297	9.23626327515
620.278747559	10.3964710236
621.043151855	7.12413883209
621.807556152	7.39463329315
622.571960449	5.27548742294
623.336303711	1.82149505615
624.100708008	4.53552293777
624.865112305	4.3946018219
625.629516602	-0.261546522379
626.393859863	1.56796360016
627.15826416	1.61200857162
627.922668457	6.07297182083
628.687072754	7.52128982544
629.451416016	6.46909046173
630.215820313	9.68904304504
630.980224609	8.12840270996
631.744628906	2.02911353111
632.508972168	10.1121892929
633.273376465	6.61301517487
634.037780762	6.10601472855
634.802185059	9.1654176712
635.56652832	6.87336683273
636.330932617	6.77951669693
637.095336914	7.88537025452
637.859741211	24.3153038025
638.624084473	24.2398605347
639.38848877	43.0571136475
640.152893066	10.484837532
640.917236328	51.6762504578
641.681640625	8.9770450592
642.446044922	11.0177354813
643.210449219	6.13173770905
643.97479248	1.92087709904
644.739196777	6.56253433228
645.503601074	5.76885128021
646.268005371	4.58373785019
647.032348633	4.14025306702
647.79675293	7.97104501724
648.561157227	11.2604913712
649.325561523	11.7257051468
650.089904785	11.1402282715
650.854309082	5.01522541046
651.618713379	5.76342964172
652.383117676	5.93782138824
653.147460938	9.82395553589
653.911865234	12.1261348724
654.676269531	8.42113494873
655.440673828	13.1448392868
656.20501709	9.1105670929
656.969421387	5.44766664505
657.733825684	6.46040058136
658.49822998	8.07409572601
659.262573242	7.29214668274
660.026977539	5.21657371521
660.791381836	5.17370271683
661.555725098	7.05649375916
662.320129395	3.84621548653
663.084533691	10.0367918015
663.848937988	9.80180454254
664.61328125	7.8361492157
665.377685547	12.8337602615
666.142089844	13.8732280731
666.906494141	10.0276908875
667.670837402	8.89866447449
668.435241699	7.15449762344
669.199645996	6.00628423691
669.964050293	7.28221893311
670.728393555	4.93863582611
671.492797852	5.67863845825
672.257202148	2.80617809296
673.021606445	13.4578199387
673.785949707	5.29852628708
674.550354004	5.99931573868
675.314758301	4.46907138824
676.079162598	4.97424650192
676.843505859	7.41947412491
677.607910156	5.48992061615
678.372314453	8.10662269592
679.13671875	12.2550649643
679.901062012	9.80872535706
680.665466309	6.78877639771
681.429870605	8.48021697998
682.194274902	8.63609218597
682.958618164	9.41513538361
683.723022461	7.03090572357
684.487426758	3.73584580421
685.25177002	11.1539611816
686.016174316	8.79290866852
686.780578613	13.5805625916
687.54498291	15.6144294739
688.309326172	11.7399501801
689.073730469	13.9547243118
689.838134766	12.9742565155
690.602539063	7.6943860054
691.366882324	11.5952339172
692.131286621	12.7716817856
692.895690918	7.16488838196
693.660095215	12.1646938324
694.424438477	6.69623947144
695.188842773	6.41816663742
695.95324707	9.23987197876
696.717651367	12.0175418854
697.481994629	12.1463108063
698.246398926	10.7892398834
699.010803223	7.7445473671
699.77520752	8.42527294159
700.539550781	7.74918985367
701.303955078	4.99235248566
702.068359375	2.83848166466
702.832763672	-0.866886198521
703.597106934	3.37946295738
704.36151123	6.60412836075
705.125915527	1.70646607876
705.890258789	7.94219207764
706.654663086	6.12787437439
707.419067383	6.56509542465
708.18347168	10.3602199554
708.947814941	10.0768756866
709.712219238	4.82523822784
710.476623535	8.9422044754
711.241027832	14.3403625488
712.005371094	12.3313369751
712.769775391	8.05927658081
713.534179688	7.79802179337
714.298583984	11.3207731247
715.062927246	11.5915403366
715.827331543	9.40647888184
716.59173584	14.8814630508
717.356140137	9.94448566437
718.120483398	9.32924365997
718.884887695	10.9331407547
719.649291992	12.560675621
720.413696289	11.2890310287
721.178039551	10.602602005
721.942443848	9.82854652405
722.706848145	12.1003160477
723.471252441	11.6721849442
724.235595703	8.01609706879
725	9.48546695709
725.764404297	12.4558763504
726.528747559	12.0219478607
727.293151855	8.76811027527
728.057556152	8.74516201019
728.821960449	5.65994405746
729.586303711	6.76308822632
730.350708008	10.0518636703
731.115112305	10.307808876
731.879516602	5.77923107147
732.643859863	9.22986602783
733.40826416	10.3996047974
734.172668457	12.4441490173
734.937072754	13.3327484131
735.701416016	11.942943573
736.465820313	12.3656377792
737.230224609	12.7887325287
737.994628906	13.6115007401
738.758972168	14.4757986069
739.523376465	10.7631158829
740.287780762	14.9585809708
741.052185059	9.06019496918
741.81652832	9.55292034149
742.580932617	8.29464530945
743.345336914	10.1959543228
744.109741211	14.3592014313
744.874084473	11.0361595154
745.63848877	9.9936466217
746.402893066	12.0591630936
747.167236328	14.0048465729
747.931640625	12.9192590714
748.696044922	14.0421361923
749.460449219	17.9648017883
750.22479248	11.2999820709
750.989196777	15.2014923096
751.753601074	7.54843902588
752.518005371	9.8708820343
753.282348633	12.6452198029
754.04675293	12.1737394333
754.811157227	7.97943639755
755.575561523	11.3238754272
756.339904785	12.6214809418
757.104309082	13.9007949829
757.868713379	16.1255016327
758.633117676	14.9928874969
759.397460938	14.1994380951
760.161865234	12.3561067581
760.926269531	9.93724155426
761.690673828	12.8955020905
762.45501709	13.8209524155
763.219421387	7.52299356461
763.983825684	5.62167310715
764.74822998	7.75946378708
765.512573242	10.50137043
766.276977539	12.1031608582
767.041381836	15.9844894409
767.805725098	14.6067037582
768.570129395	16.4540309906
769.334533691	14.3935670853
770.098937988	15.4616851807
770.86328125	10.6429414749
771.627685547	9.19317817688
772.392089844	12.9321842194
773.156494141	16.555606842
773.920837402	15.7281608582
774.685241699	14.296087265
775.449645996	19.0138320923
776.214050293	15.5756864548
776.978393555	12.4614715576
777.742797852	6.55261087418
778.507202148	16.2304229736
779.271606445	17.3630943298
780.035949707	12.4430932999
780.800354004	17.2804374695
781.564758301	14.109662056
782.329162598	10.9088964462
783.093505859	15.4413356781
783.857910156	16.4677639008
784.622314453	14.917140007
785.38671875	15.3377771378
786.151062012	14.7718572617
786.915466309	14.5548620224
787.679870605	15.9109153748
788.444274902	15.8675804138
789.208618164	15.4458189011
789.973022461	10.8694725037
790.737426758	15.9308853149
791.50177002	14.5149555206
792.266174316	15.6888494492
793.030578613	17.7727355957
793.79498291	14.2709312439
794.559326172	16.8119926453
795.323730469	17.9907417297
796.088134766	10.4395580292
796.852539063	11.8272447586
797.616882324	18.724319458
798.381286621	16.1812763214
799.145690918	12.4122047424
799.910095215	13.2663030624
800.674438477	17.2415237427
801.438842773	20.6053352356
802.20324707	18.0453891754
802.967651367	14.3558082581
803.731994629	15.5652770996
804.496398926	13.5565233231
805.260803223	11.5859146118
806.02520752	22.9568462372
806.789550781	15.9935741425
807.553955078	16.4207000732
808.318359375	13.8665809631
809.082763672	11.2133455276
809.847106934	12.0198392868
810.61151123	21.2114982605
811.375915527	17.559337616
812.140258789	17.7138137817
812.904663086	21.2435874939
813.669067383	22.4309177399
814.43347168	18.6105422974
815.197814941	17.0223445892
815.962219238	18.4253101349
816.726623535	14.5991382599
817.491027832	11.6963539124
818.255371094	17.7360630035
819.019775391	25.2003555298
819.784179688	19.9164886475
820.548583984	20.3120670319
821.312927246	25.6625099182
822.077331543	17.0706539154
822.84173584	22.2421970367
823.606140137	20.8986854553
824.370483398	20.6799430847
825.134887695	20.834482193
825.899291992	15.3939523697
826.663696289	13.5427703857
827.428039551	19.7057800293
828.192443848	21.5929164886
828.956848145	17.6009864807
829.721252441	16.2502269745
830.485595703	20.4081077576
831.25	21.2494983673
832.014404297	19.658203125
832.778747559	23.6928043365
833.543151855	21.0800418854
834.307556152	16.9021053314
835.071960449	21.3573799133
835.836303711	16.1850414276
836.600708008	20.9965324402
837.365112305	18.4458332062
838.129516602	20.0687942505
838.893859863	20.5271530151
839.65826416	20.2946147919
840.422668457	23.3584022522
841.187072754	19.7719726563
841.951416016	26.8021278381
842.715820313	22.6175804138
843.480224609	21.0008220673
844.244628906	15.2548379898
845.008972168	17.6256999969
845.773376465	22.3885746002
846.537780762	22.9015617371
847.302185059	20.8020629883
848.06652832	17.010263443
848.830932617	19.6066646576
849.595336914	21.2232933044
850.359741211	17.1193714142
851.124084473	14.6920681
851.88848877	18.614030838
852.652893066	20.5899868011
853.417236328	21.6991004944
854.181640625	25.896730423
854.946044922	25.8510055542
855.710449219	23.2667102814
856.47479248	21.0325164795
857.239196777	18.2110328674
858.003601074	17.4706192017
858.768005371	22.5926647186
859.532348633	23.4496593475
860.29675293	18.5926132202
861.061157227	22.9839706421
861.825561523	20.2115383148
862.589904785	17.3976078033
863.354309082	19.8403263092
864.118713379	21.2647953033
864.883117676	20.0747375488
865.647460938	13.7494764328
866.411865234	12.8548402786
867.176269531	20.5432262421
867.940673828	19.3254356384
868.70501709	9.71637630463
869.469421387	13.800819397
870.233825684	19.540058136
870.99822998	13.683347702
871.762573242	14.332988739
872.526977539	13.5693264008
873.291381836	20.0347614288
874.055725098	10.2162103653
874.820129395	14.0130252838
875.584533691	18.9070205688
876.348937988	11.1850652695
877.11328125	16.5101985931
877.877685547	11.9395799637
878.642089844	8.27255725861
879.406494141	11.3064517975
880.170837402	12.9201917648
880.935241699	9.54483795166
881.699645996	7.23326730728
882.464050293	9.25255584717
883.228393555	11.15924263
883.992797852	8.93935012817
884.757202148	7.24453878403
885.521606445	10.9265909195
886.285949707	8.30132102966
887.050354004	6.93062400818
887.814758301	7.79176568985
888.579162598	12.1839914322
889.343505859	10.6585588455
890.107910156	6.43899059296
890.872314453	5.25785636902
891.63671875	11.4625139236
892.401062012	8.81475353241
893.165466309	9.23515129089
893.929870605	7.77174186707
894.694274902	8.49287986755
895.458618164	6.15167284012
896.223022461	6.12128973007
896.987426758	7.03779125214
897.75177002	7.45646953583
898.516174316	8.59346103668
899.280578613	4.17388677597
900.04498291	0.93018758297
900.809326172	3.43125367165
901.573730469	6.63988399506
902.338134766	6.77188825607
903.102539063	4.15501880646
903.866882324	5.39210748672
904.631286621	6.90008068085
905.395690918	0.537419199944
906.160095215	4.14818382263
906.924438477	2.99181723595
907.688842773	3.50607848167
908.45324707	5.0636677742
909.217651367	1.54016780853
909.981994629	10.0026502609
910.746398926	3.39949178696
911.510803223	1.00209188461
912.27520752	4.57096004486
913.039550781	4.86088228226
913.803955078	8.89618492126
914.568359375	5.15314531326
915.332763672	1.15148162842
916.097106934	4.03688287735
916.86151123	0.881788253784
917.625915527	0.87896925211
918.390258789	4.09042453766
919.154663086	1.28155755997
919.919067383	1.41472816467
920.68347168	4.45336484909
921.447814941	2.67924022675
922.212219238	-1.12180709839
922.976623535	-0.861693799496
923.741027832	-0.646294474602
924.505371094	-0.388425827026
925.269775391	1.94714021683
926.034179688	0.514357209206
926.798583984	-0.627809405327
927.562927246	-0.0271925646812
928.327331543	-1.81364881992
929.09173584	0.629018425941
929.856140137	2.51862883568
930.620483398	2.75032138824
931.384887695	-3.20190453529
932.149291992	0.736502826214
932.913696289	-7.23184204102
933.678039551	3.76903915405
934.442443848	6.80422735214
935.206848145	1.67269444466
935.971252441	-1.80483794212
936.735595703	7.33084487915
937.5	0.212932288647
938.264404297	-5.78392982483
939.028747559	-1.13321101665
939.793151855	-1.35806405544
940.557556152	-1.00997376442
941.321960449	2.83146595955
942.086303711	1.34288370609
942.850708008	1.26262259483
943.615112305	3.87101149559
944.379516602	2.56393074989
945.143859863	-3.54041647911
945.90826416	-3.67753529549
946.672668457	-2.82566452026
947.437072754	0.11239181459
948.201416016	0.724764108658
948.965820313	-4.34761953354
949.730224609	-1.69400179386
950.494628906	2.4174990654
951.258972168	1.76309275627
952.023376465	2.75924611092
952.787780762	3.52300071716
953.552185059	0.593940198421
954.31652832	-2.65109610558
955.080932617	-1.19736301899
955.845336914	3.94837093353
956.609741211	-1.5830616951
957.374084473	2.53696703911
958.13848877	-3.87357854843
958.902893066	-0.0615234822035
959.667236328	-6.22548341751
960.431640625	-1.69235670567
961.196044922	-0.277181684971
961.960449219	2.81652832031
962.72479248	2.20591378212
963.489196777	1.65585505962
964.253601074	-1.0747590065
965.018005371	-0.631796836853
965.782348633	2.77295732498
966.54675293	-0.974599421024
967.311157227	-3.86334133148
968.075561523	2.12466239929
968.839904785	-1.84620475769
969.604309082	2.18560504913
970.368713379	2.42860460281
971.133117676	0.181195348501
971.897460938	0.380520313978
972.661865234	4.52468109131
973.426269531	3.45330858231
974.190673828	-1.46219289303
974.95501709	0.706694126129
975.719421387	4.50073242188
976.483825684	2.57624197006
977.24822998	-1.61614072323
978.012573242	0.221426546574
978.776977539	3.64920520782
979.541381836	-0.0394280813634
980.305725098	-0.573183953762
981.070129395	-1.27058637142
981.834533691	0.900973439217
982.598937988	6.47742986679
983.36328125	5.60047721863
984.127685547	7.61149835587
984.892089844	-0.0463760569692
985.656494141	4.08870363235
986.420837402	-0.180855646729
987.185241699	-1.02308595181
987.949645996	-0.400638371706
988.714050293	2.6773917675
989.478393555	1.53879463673
990.242797852	6.83358430862
991.007202148	-0.64995265007
991.771606445	-3.98348116875
992.535949707	4.27844524384
993.300354004	3.59832453728
994.064758301	-1.91354060173
994.829162598	5.82083702087
995.593505859	7.79417991638
996.357910156	9.65664577484
997.122314453	-1.1476341486
997.88671875	-1.05793678761
998.651062012	6.43601083755
999.415466309	4.75426959991
1000.17987061	-0.766459107399
1000.9442749	5.84980487823
1001.70861816	4.62618589401
1002.47302246	0.398704379797
1003.23742676	2.38256120682
1004.00177002	7.42391586304
1004.76617432	5.34317827225
1005.53057861	7.3524274826
1006.29498291	6.12263822556
1007.05932617	6.86458206177
1007.82373047	11.6221294403
1008.58813477	11.8251905441
1009.35253906	6.81321668625
1010.11688232	7.38414001465
1010.88128662	7.47132730484
1011.64569092	5.33412265778
1012.41009521	7.83182668686
1013.17443848	11.4502563477
1013.93884277	8.14434242249
1014.70324707	0
1015.46765137	2.48672485352
1016.23199463	7.85338830948
1016.99639893	9.5249710083
1017.76080322	14.240524292
1018.52520752	14.3993120193
1019.28955078	15.0399360657
1020.05395508	10.572224617
1020.81835938	7.72516822815
1021.58276367	10.2441358566
1022.34710693	2.78094816208
1023.11151123	10.482963562
1023.87591553	6.16352176666
1024.64025879	9.69242858887
1025.40466309	11.7184495926
1026.16906738	3.84101080894
1026.93347168	9.23621463776
1027.69787598	12.7507762909
1028.46228027	6.13155794144
1029.2265625	11.2755460739
1029.9909668	8.65895080566
1030.75537109	12.1712675095
1031.51977539	16.5262756348
1032.28417969	19.1907234192
1033.04858398	5.71979665756
1033.81298828	11.6154327393
1034.57739258	17.7549743652
1035.3416748	10.8481998444
1036.1060791	9.27478504181
1036.8704834	17.3570346832
1037.6348877	10.8573741913
1038.39929199	19.5270309448
1039.16369629	13.2992210388
1039.92810059	10.62778759
1040.69250488	18.4054737091
1041.45678711	20.4803943634
1042.22119141	18.8903198242
1042.9855957	15.8413276672
1043.75	16.1797542572
1044.5144043	17.3604412079
1045.27880859	20.0063934326
1046.04321289	13.7460479736
1046.80749512	14.2029733658
1047.57189941	15.9366846085
1048.33630371	14.9195842743
1049.10070801	14.6827611923
1049.8651123	16.9508590698
1050.6295166	15.3493928909
1051.3939209	17.8589267731
1052.1583252	18.3066806793
1052.92260742	17.4043502808
1053.68701172	13.1323165894
1054.45141602	15.8277292252
1055.21582031	14.1735210419
1055.98022461	14.6489553452
1056.74462891	14.1771392822
1057.5090332	18.1070976257
1058.2734375	18.1775302887
1059.03771973	14.2947483063
1059.80212402	14.4010534286
1060.56652832	15.4954376221
1061.33093262	16.4188690186
1062.09533691	19.6257839203
1062.85974121	14.9645643234
1063.62414551	9.14923763275
1064.3885498	11.3574714661
1065.15283203	15.8801164627
1065.91723633	17.035654068
1066.68164063	18.6085109711
1067.44604492	19.4621429443
1068.21044922	14.8226366043
1068.97485352	12.9380884171
1069.73925781	13.2563915253
1070.50354004	14.7269239426
1071.26794434	14.8945274353
1072.03234863	15.2054758072
1072.79675293	16.526884079
1073.56115723	17.0777187347
1074.32556152	15.2721815109
1075.08996582	13.0885353088
1075.85437012	14.9307222366
1076.61865234	15.3081493378
1077.38305664	17.5002155304
1078.14746094	13.9238119125
1078.91186523	12.7413406372
1079.67626953	16.7722301483
1080.44067383	12.9880847931
1081.20507813	13.6674985886
1081.96948242	15.8736991882
1082.73376465	14.1012573242
1083.49816895	15.9599885941
1084.26257324	19.2080249786
1085.02697754	18.2854614258
1085.79138184	21.5702171326
1086.55578613	21.5650901794
1087.32019043	15.4304599762
1088.08447266	12.3140277863
1088.84887695	15.8899869919
1089.61328125	14.8710899353
1090.37768555	14.6275262833
1091.14208984	17.4393482208
1091.90649414	13.7977361679
1092.67089844	13.5399780273
1093.43530273	18.0372619629
1094.19958496	17.0687236786
1094.96398926	16.1279506683
1095.72839355	15.0862531662
1096.49279785	15.6844062805
1097.25720215	17.8100967407
1098.02160645	11.925699234
1098.78601074	16.4286441803
1099.55041504	17.3822135925
1100.31469727	15.7079544067
1101.07910156	15.9995889664
1101.84350586	15.6963214874
1102.60791016	15.25385952
1103.37231445	13.3299789429
1104.13671875	17.3453369141
1104.90112305	11.3656167984
1105.66552734	14.5859928131
1106.42980957	14.1504011154
1107.19421387	16.0662841797
1107.95861816	18.6395187378
1108.72302246	12.5701732635
1109.48742676	13.9758968353
1110.25183105	18.2227745056
1111.01623535	10.9297447205
1111.78051758	11.8048524857
1112.54492188	6.95755910873
1113.30932617	13.1413984299
1114.07373047	14.5914258957
1114.83813477	11.6021308899
1115.60253906	10.6339120865
1116.36694336	10.5678653717
1117.13134766	10.0480527878
1117.89562988	11.5406188965
1118.66003418	12.6351470947
1119.42443848	16.4477977753
1120.18884277	18.8878688812
1120.95324707	12.0771970749
1121.71765137	9.30933380127
1122.48205566	14.0501718521
1123.24645996	14.9067821503
1124.01074219	9.2055644989
1124.77514648	6.96550321579
1125.53955078	5.06499099731
1126.30395508	3.4680223465
1127.06835938	0.365552842617
1127.83276367	6.04906368256
1128.59716797	7.45994138718
1129.3614502	0.82415419817
1130.12585449	3.34333539009
1130.89025879	3.73370170593
1131.65466309	4.89885616302
1132.41906738	4.97532653809
1133.18347168	0.646267652512
1133.94787598	4.77333593369
1134.71228027	0.907267153263
1135.4765625	7.70994472504
1136.2409668	0
1137.00537109	3.07222366333
1137.76977539	1.9928933382
1138.53417969	6.70265960693
1139.29858398	5.78362703323
1140.06298828	11.3215560913
1140.82739258	4.08424425125
1141.5916748	10.5554885864
1142.3560791	7.37171983719
1143.1204834	9.65264606476
1143.8848877	3.35785365105
1144.64929199	5.09557437897
1145.41369629	10.4049921036
1146.17810059	13.2669229507
1146.94250488	11.9605569839
1147.70678711	22.9405536652
1148.47119141	15.2055597305
1149.2355957	14.9566965103
1150	16.1859836578
1150.7644043	16.5857791901
1151.52880859	13.0093317032
1152.29321289	8.15284442902
1153.05749512	12.4974870682
1153.82189941	14.8831272125
1154.58630371	15.0938816071
1155.35070801	21.6927127838
1156.1151123	20.1159534454
1156.8795166	16.9730701447
1157.6439209	14.6308765411
1158.4083252	16.1019916534
1159.17260742	16.3967380524
1159.93701172	15.3254871368
1160.70141602	15.6485996246
1161.46582031	17.931596756
1162.23022461	20.2715625763
1162.99462891	18.8876667023
1163.7590332	18.2412891388
1164.5234375	16.6742115021
1165.28771973	14.0460233688
1166.05212402	13.719584465
1166.81652832	23.3890781403
1167.58093262	24.1937198639
1168.34533691	23.2572040558
1169.10974121	24.4930286407
1169.87414551	24.8138084412
1170.6385498	17.9129371643
1171.40283203	23.161655426
1172.16723633	25.2722816467
1172.93164063	17.1611747742
1173.69604492	27.3787956238
1174.46044922	30.104183197
1175.22485352	24.1666297913
1175.98925781	17.1701087952
1176.75354004	21.27085495
1177.51794434	23.8271903992
1178.28234863	23.889415741
1179.04675293	31.9240531921
1179.81115723	26.4673728943
1180.57556152	23.1942710876
1181.33996582	27.1378288269
1182.10437012	26.0993003845
1182.86865234	36.2462425232
1183.63305664	30.863986969
1184.39746094	31.5911369324
1185.16186523	31.3921318054
1185.92626953	31.222530365
1186.69067383	31.6532173157
1187.45507813	28.165813446
1188.21948242	35.5556602478
1188.98376465	27.2139930725
1189.74816895	34.5557823181
1190.51257324	31.8284111023
1191.27697754	30.8294944763
1192.04138184	32.5028266907
1192.80578613	33.3425712585
1193.57019043	27.8643703461
1194.33447266	39.8829612732
1195.09887695	41.2588539124
1195.86328125	37.7343711853
1196.62768555	40.4909172058
1197.39208984	33.8884544373
1198.15649414	32.7570457458
1198.92089844	27.1770915985
1199.68530273	32.4958229065
1200.44958496	41.2019386292
1201.21398926	43.9175453186
1201.97839355	41.9489250183
1202.74279785	33.7675514221
1203.50720215	39.5228767395
1204.27160645	35.1626052856
1205.03601074	39.5949325562
1205.80041504	38.4667129517
1206.56469727	42.4014053345
1207.32910156	52.611831665
1208.09350586	41.9048690796
1208.85791016	45.9130477905
1209.62231445	49.2557907104
1210.38671875	52.2543869019
1211.15112305	45.2917633057
1211.91552734	43.7856674194
1212.67980957	41.7122268677
1213.44421387	42.4557113647
1214.20861816	49.3677520752
1214.97302246	40.587638855
1215.73742676	42.9801177979
1216.50183105	50.8107147217
1217.26623535	53.2674026489
1218.03051758	46.2923583984
1218.79492188	45.9223327637
1219.55932617	51.1871795654
1220.32373047	57.1894989014
1221.08813477	49.7427978516
1221.85253906	49.744720459
1222.61694336	54.0365066528
1223.38134766	54.501991272
1224.14562988	59.5086593628
1224.91003418	62.507850647
1225.67443848	60.0046768188
1226.43884277	60.0323867798
1227.20324707	58.4837875366
1227.96765137	62.1098327637
1228.73205566	67.8884048462
1229.49645996	62.1951446533
1230.26074219	57.1034622192
1231.02514648	63.7552566528
1231.78955078	70.626625061
1232.55395508	66.2322158813
1233.31835938	66.8093261719
1234.08276367	67.2229995728
1234.84716797	66.0621490479
1235.6114502	61.6012496948
1236.37585449	61.7265396118
1237.14025879	70.061958313
1237.90466309	68.4337768555
1238.66906738	62.7879257202
1239.43347168	63.6171035767
1240.19787598	73.0722122192
1240.96228027	78.0424194336
1241.7265625	72.1238937378
1242.4909668	74.7578735352
1243.25537109	77.2171401978
1244.01977539	75.963180542
1244.78417969	78.7751083374
1245.54858398	80.7494506836
1246.31298828	85.5261688232
1247.07739258	89.0457763672
1247.8416748	83.6927719116
1248.6060791	79.6865158081
1249.3704834	81.9243621826
1250.1348877	82.9756774902
1250.89929199	80.7057571411
1251.66369629	88.9769821167
1252.42810059	91.9831314087
1253.19250488	87.4868240356
1253.95678711	87.850479126
1254.72119141	89.7801971436
1255.4855957	93.6865386963
1256.25	97.5009307861
1257.0144043	98.7793731689
1257.77880859	102.067077637
1258.54321289	107.519836426
1259.30749512	106.415367126
1260.07189941	100.824440002
1260.83630371	102.965278625
1261.60070801	105.628059387
1262.3651123	104.677131653
1263.1295166	105.878837585
1263.8939209	113.345802307
1264.6583252	115.392707825
1265.42260742	120.22505188
1266.18701172	113.538085938
1266.95141602	107.782821655
1267.71582031	117.576522827
1268.48022461	124.942489624
1269.24462891	127.321578979
1270.0090332	126.562469482
1270.7734375	126.056655884
1271.53771973	123.148674011
1272.30212402	119.913459778
1273.06652832	129.290771484
1273.83093262	143.010177612
1274.59533691	140.773376465
1275.35974121	139.621398926
1276.12414551	139.038208008
1276.8885498	139.187408447
1277.65283203	142.765335083
1278.41723633	136.588500977
1279.18164063	131.887527466
1279.94604492	140.459655762
1280.71044922	151.273117065
1281.47485352	151.963745117
1282.23925781	144.078796387
1283.00354004	150.019287109
1283.76794434	154.300674438
1284.53234863	156.444015503
1285.29675293	170.402648926
1286.06115723	171.6144104
1286.82556152	171.340423584
1287.58996582	175.662353516
1288.35437012	167.216674805
1289.11865234	172.584976196
1289.88305664	177.593719482
1290.64746094	185.751098633
1291.41186523	192.194229126
1292.17626953	187.668991089
1292.94067383	187.486114502
1293.70507813	192.928909302
1294.46948242	193.369522095
1295.23376465	202.073532104
1295.99816895	211.853393555
1296.76257324	207.919189453
1297.52697754	208.35546875
1298.29138184	217.760604858
1299.05578613	229.91986084
1299.82019043	219.23866272
1300.58447266	225.860977173
1301.34887695	236.44708252
1302.11328125	250.431442261
1302.87768555	230.110168457
1303.64208984	230.863510132
1304.40649414	246.574157715
1305.17089844	254.695419312
1305.93530273	248.444702148
1306.69958496	255.534103394
1307.46398926	258.191833496
1308.22839355	262.9581604
1308.99279785	279.242095947
1309.75720215	277.754272461
1310.52160645	279.549041748
1311.28601074	290.036132813
1312.05041504	282.923828125
1312.81469727	295.607635498
1313.57910156	305.872192383
1314.34350586	305.37322998
1315.10791016	319.474121094
1315.87231445	322.326416016
1316.63671875	328.072113037
1317.40112305	318.852020264
1318.16552734	331.815216064
1318.92980957	355.1015625
1319.69421387	355.407714844
1320.45861816	346.60067749
1321.22302246	365.444213867
1321.98742676	365.62097168
1322.75183105	382.847167969
1323.51623535	376.199768066
1324.28051758	375.033538818
1325.04492188	385.798583984
1325.80932617	405.189117432
1326.57373047	392.664520264
1327.33813477	413.365661621
1328.10253906	424.465820313
1328.86694336	421.874969482
1329.63134766	424.920196533
1330.39562988	418.636230469
1331.16003418	434.826416016
1331.92443848	427.077453613
1332.68884277	452.769378662
1333.45324707	444.948577881
1334.21765137	450.632293701
1334.98205566	466.326873779
1335.74645996	475.906463623
1336.51074219	496.121673584
1337.27514648	487.234100342
1338.03955078	490.919494629
1338.80395508	495.895324707
1339.56835938	504.049163818
1340.33276367	511.224578857
1341.09716797	509.680297852
1341.8614502	521.586914063
1342.62585449	528.20123291
1343.39025879	527.71484375
1344.15466309	522.221252441
1344.91906738	528.394348145
1345.68347168	532.739196777
1346.44787598	520.728820801
1347.21228027	525.753173828
1347.9765625	521.65045166
1348.7409668	518.69720459
1349.50537109	527.910461426
1350.26977539	524.582519531
1351.03417969	524.991760254
1351.79858398	531.28338623
1352.56298828	529.274719238
1353.32739258	543.905456543
1354.0916748	531.122497559
1354.8560791	516.92791748
1355.6204834	520.523986816
1356.3848877	521.241271973
1357.14929199	513.609191895
1357.91369629	517.281311035
1358.67810059	500.981170654
1359.44250488	511.271453857
1360.20678711	493.900787354
1360.97119141	490.342529297
1361.7355957	486.227722168
1362.5	490.450653076
1363.2644043	484.375457764
1364.02880859	471.707000732
1364.79321289	454.264709473
1365.55749512	474.188262939
1366.32189941	460.373199463
1367.08630371	449.639068604
1367.85070801	458.308380127
1368.6151123	428.055084229
1369.3795166	417.968017578
1370.1439209	417.117248535
1370.9083252	418.232727051
1371.67260742	421.846313477
1372.43701172	408.9715271
1373.20141602	411.121276855
1373.96582031	416.580169678
1374.73022461	393.512878418
1375.49462891	391.959625244
1376.2590332	385.771820068
1377.0234375	381.702758789
1377.78771973	380.834259033
1378.55212402	365.069976807
1379.31652832	364.507904053
1380.08093262	351.706207275
1380.84533691	346.50869751
1381.60974121	336.448547363
1382.37414551	331.34262085
1383.1385498	334.64654541
1383.90283203	330.89553833
1384.66723633	323.553649902
1385.43164063	308.637451172
1386.19604492	298.154663086
1386.96044922	303.164489746
1387.72485352	302.721038818
1388.48925781	293.817047119
1389.25354004	284.214263916
1390.01794434	285.137268066
1390.78234863	285.304016113
1391.54675293	276.355316162
1392.31115723	278.012481689
1393.07556152	269.514038086
1393.83996582	269.069244385
1394.60437012	271.288635254
1395.36865234	256.236694336
1396.13305664	250.853134155
1396.89746094	260.253967285
1397.66186523	255.412094116
1398.42626953	243.847747803
1399.19067383	239.065170288
1399.95507813	234.762207031
1400.71948242	232.212478638
1401.48376465	228.456710815
1402.24816895	216.372116089
1403.01257324	245.731124878
1403.77697754	219.071105957
1404.54138184	214.570449829
1405.30578613	214.569412231
1406.07019043	211.893569946
1406.83447266	213.095123291
1407.59887695	218.358642578
1408.36328125	208.250473022
1409.12768555	208.886672974
1409.89208984	192.052810669
1410.65649414	202.115447998
1411.42089844	200.084838867
1412.18530273	192.029815674
1412.94958496	188.476974487
1413.71398926	190.749649048
1414.47839355	190.721633911
1415.24279785	193.340194702
1416.00720215	189.753448486
1416.77160645	186.985137939
1417.53601074	182.686645508
1418.30041504	186.350463867
1419.06469727	188.540664673
1419.82910156	180.075454712
1420.59350586	169.601409912
1421.35791016	166.288101196
1422.12231445	178.691802979
1422.88671875	181.904846191
1423.65112305	169.274856567
1424.41552734	169.923782349
1425.17980957	169.379180908
1425.94421387	169.585769653
1426.70861816	160.075927734
1427.47302246	171.849746704
1428.23742676	164.001678467
1429.00183105	145.042816162
1429.76623535	166.266265869
1430.53051758	164.789672852
1431.29492188	169.385955811
1432.05932617	156.274383545
1432.82373047	156.290008545
1433.58813477	166.591522217
1434.35253906	163.563278198
1435.11694336	145.277572632
1435.88134766	143.926834106
1436.64562988	150.884414673
1437.41003418	154.923736572
1438.17443848	155.080749512
1438.93884277	145.309249878
1439.70324707	139.8853302
1440.46765137	135.530715942
1441.23205566	146.42829895
1441.99645996	145.234558105
1442.76074219	148.364624023
1443.52514648	150.61555481
1444.28955078	151.766204834
1445.05395508	152.362258911
1445.81835938	137.759613037
1446.58276367	139.152954102
1447.34716797	146.492538452
1448.1114502	140.500518799
1448.87585449	141.434951782
1449.64025879	156.901626587
1450.40466309	152.085754395
1451.16906738	143.851272583
1451.93347168	141.849441528
1452.69787598	140.542541504
1453.46228027	142.509368896
1454.2265625	142.272521973
1454.9909668	141.986450195
1455.75537109	137.827362061
1456.51977539	135.570800781
1457.28417969	136.987564087
1458.04858398	139.292877197
1458.81298828	141.326782227
1459.57739258	141.969985962
1460.3416748	139.866943359
1461.1060791	136.406890869
1461.8704834	129.006011963
1462.6348877	132.028289795
1463.39929199	147.603286743
1464.16369629	143.195144653
1464.92810059	138.937149048
1465.69250488	138.80015564
1466.45678711	140.603057861
1467.22119141	141.202301025
1467.9855957	128.61958313
1468.75	141.100891113
1469.5144043	130.2237854
1470.27880859	140.333938599
1471.04321289	132.650970459
1471.80749512	129.280715942
1472.57189941	130.591079712
1473.33630371	135.666809082
1474.10070801	133.692642212
1474.8651123	138.629623413
1475.6295166	139.040267944
1476.3939209	130.764129639
1477.1583252	133.993789673
1477.92260742	129.942749023
1478.68701172	124.374778748
1479.45141602	127.787956238
1480.21582031	134.303909302
1480.98022461	144.185211182
1481.74462891	144.604370117
1482.5090332	140.570877075
1483.2734375	132.078155518
1484.03771973	130.00843811
1484.80212402	141.348770142
1485.56652832	137.494949341
1486.33093262	138.081665039
1487.09533691	133.72366333
1487.85974121	141.636962891
1488.62414551	136.849105835
1489.3885498	125.186416626
1490.15283203	134.30355835
1490.91723633	133.069015503
1491.68164063	147.200897217
1492.44604492	133.883544922
1493.21044922	131.997558594
1493.97485352	135.157089233
1494.73925781	142.026443481
1495.50354004	139.473266602
1496.26794434	134.380142212
1497.03234863	136.884674072
1497.79675293	144.900985718
1498.56115723	133.563064575
1499.32556152	133.746505737
1500.08996582	137.812942505
1500.85437012	149.035446167
1501.61865234	141.92755127
1502.38305664	146.000457764
1503.14746094	148.74156189
1503.91186523	144.575424194
1504.67626953	153.798736572
1505.44067383	137.094802856
1506.20507813	140.075958252
1506.96948242	140.221466064
1507.73376465	146.716827393
1508.49816895	144.732162476
1509.26257324	144.841644287
1510.02697754	152.325408936
1510.79138184	154.483901978
1511.55578613	159.529602051
1512.32019043	151.699203491
1513.08447266	143.009475708
1513.84887695	145.45072937
1514.61328125	150.659561157
1515.37768555	143.96913147
1516.14208984	148.193710327
1516.90649414	147.281326294
1517.67089844	154.848739624
1518.43530273	153.801742554
1519.19958496	155.002075195
1519.96398926	151.650543213
1520.72839355	154.210174561
1521.49279785	146.864547729
1522.25720215	155.830154419
1523.02160645	162.854736328
1523.78601074	160.190490723
1524.55041504	144.530853271
1525.31469727	169.075180054
1526.07910156	157.818115234
1526.84350586	163.537399292
1527.60791016	169.295928955
1528.37231445	171.269393921
1529.13671875	163.440322876
1529.90112305	164.687728882
1530.66552734	165.444656372
1531.42980957	168.386993408
1532.19421387	172.764907837
1532.95861816	170.547653198
1533.72302246	177.162384033
1534.48742676	178.561538696
1535.25183105	164.433898926
1536.01623535	170.695968628
1536.78051758	167.856491089
1537.54492188	183.276123047
1538.30932617	171.530349731
1539.07373047	184.318893433
1539.83813477	172.285522461
1540.60253906	180.659042358
1541.36694336	181.451049805
1542.13134766	188.874679565
1542.89562988	191.220031738
1543.66003418	197.244949341
1544.42443848	202.806915283
1545.18884277	203.737564087
1545.95324707	200.612533569
1546.71765137	201.408996582
1547.48205566	201.157363892
1548.24645996	206.242584229
1549.01074219	204.080871582
1549.77514648	220.409454346
1550.53955078	213.033355713
1551.30395508	218.204971313
1552.06835938	235.002792358
1552.83276367	239.230407715
1553.59716797	236.540298462
1554.3614502	231.913925171
1555.12585449	239.362060547
1555.89025879	247.485855103
1556.65466309	250.752532959
1557.41906738	254.247177124
1558.18347168	251.359619141
1558.94787598	259.467803955
1559.71228027	264.552459717
1560.4765625	267.413848877
1561.2409668	269.695098877
1562.00537109	269.86932373
1562.76977539	264.61328125
1563.53417969	268.589172363
1564.29858398	282.301574707
1565.06298828	276.573547363
1565.82739258	295.383911133
1566.5916748	296.124603271
1567.3560791	304.430664063
1568.1204834	314.660095215
1568.8848877	309.32901001
1569.64929199	315.559051514
1570.41369629	325.247680664
1571.17810059	319.687408447
1571.94250488	325.386352539
1572.70678711	338.472045898
1573.47119141	335.701202393
1574.2355957	346.71484375
1575	361.368804932
1575.7644043	373.209289551
1576.52880859	372.524963379
1577.29321289	366.030822754
1578.05749512	369.635894775
1578.82189941	376.412017822
1579.58630371	376.609008789
1580.35070801	397.930755615
1581.1151123	390.26071167
1581.8795166	396.173675537
1582.6439209	398.787384033
1583.4083252	410.371032715
1584.17260742	411.626190186
1584.93701172	418.932403564
1585.70141602	435.278869629
1586.46582031	440.006622314
1587.23022461	429.941741943
1587.99462891	437.676574707
1588.7590332	427.693328857
1589.5234375	436.69519043
1590.28771973	446.822906494
1591.05212402	454.435913086
1591.81652832	438.704620361
1592.58093262	438.231109619
1593.34533691	461.343658447
1594.10974121	451.141479492
1594.87414551	457.586639404
1595.6385498	465.650970459
1596.40283203	466.274749756
1597.16723633	459.928283691
1597.93164063	464.25088501
1598.69604492	460.512268066
1599.46044922	466.957763672
1600.22485352	470.105804443
1600.98925781	465.265319824
1601.75354004	458.222595215
1602.51794434	463.675964355
1603.28234863	454.012908936
1604.04675293	449.984527588
1604.81115723	460.079681396
1605.57556152	447.064300537
1606.33996582	446.043457031
1607.10437012	439.499420166
1607.86865234	443.697479248
1608.63305664	438.002349854
1609.39746094	435.463134766
1610.16186523	425.813781738
1610.92626953	432.753845215
1611.69067383	436.952514648
1612.45507813	428.733795166
1613.21948242	443.829986572
1613.98376465	426.590179443
1614.74816895	413.783477783
1615.51257324	413.037200928
1616.27697754	408.642547607
1617.04138184	406.632629395
1617.80578613	409.114715576
1618.57019043	393.384155273
1619.33447266	384.276763916
1620.09887695	388.434295654
1620.86328125	386.21975708
1621.62768555	379.039306641
1622.39208984	373.356018066
1623.15649414	370.889465332
1623.92089844	355.542144775
1624.68530273	348.575714111
1625.44958496	343.10925293
1626.21398926	334.864837646
1626.97839355	328.341094971
1627.74279785	317.199737549
1628.50720215	321.336517334
1629.27160645	309.873931885
1630.03601074	291.13104248
1630.80041504	289.501342773
1631.56469727	283.200286865
1632.32910156	281.773284912
1633.09350586	272.088317871
1633.85791016	265.049102783
1634.62231445	256.967437744
1635.38671875	244.057846069
1636.15112305	247.139953613
1636.91552734	235.028076172
1637.67980957	228.88142395
1638.44421387	222.655136108
1639.20861816	219.946853638
1639.97302246	207.262878418
1640.73742676	198.961334229
1641.50183105	193.430175781
1642.26623535	181.294799805
1643.03051758	174.04057312
1643.79492188	178.708328247
1644.55932617	183.386367798
1645.32373047	170.291976929
1646.08813477	165.376037598
1646.85253906	159.169937134
1647.61694336	141.213897705
1648.38134766	150.895599365
1649.14562988	141.791809082
1649.91003418	131.30027771
1650.67443848	129.311981201
1651.43884277	126.295425415
1652.20324707	121.585144043
1652.96765137	118.652999878
1653.73205566	116.310394287
1654.49645996	113.555984497
1655.26074219	106.485313416
1656.02514648	107.087913513
1656.78955078	100.689506531
1657.55395508	93.6274871826
1658.31835938	87.3790740967
1659.08276367	86.0797424316
1659.84716797	85.3390350342
1660.6114502	81.5592727661
1661.37585449	75.0711364746
1662.14025879	70.9570922852
1662.90466309	73.5266189575
1663.66906738	74.6592407227
1664.43347168	66.5652618408
1665.19787598	64.1163635254
1665.96228027	65.5532836914
1666.7265625	63.7990875244
1667.4909668	61.7471923828
1668.25537109	53.9398040771
1669.01977539	58.3612213135
1669.78417969	51.7822875977
1670.54858398	50.4916687012
1671.31298828	49.0329971313
1672.07739258	44.4230041504
1672.8416748	43.4179496765
1673.6060791	42.2176361084
1674.3704834	38.4955101013
1675.1348877	40.8615646362
1675.89929199	36.5957984924
1676.66369629	39.5820465088
1677.42810059	35.4235343933
1678.19250488	29.0891342163
1678.95678711	30.4354476929
1679.72119141	30.9770011902
1680.4855957	28.5438919067
1681.25	31.1039085388
1682.0144043	25.9466972351
1682.77880859	26.2396507263
1683.54321289	26.1203536987
1684.30749512	26.2416915894
1685.07189941	20.7163772583
1685.83630371	19.7042579651
1686.60070801	18.8568115234
1687.3651123	17.8791007996
1688.1295166	19.913028717
1688.8939209	17.0750846863
1689.6583252	16.6761054993
1690.42260742	15.3313798904
1691.18701172	14.0005788803
1691.95141602	12.2502241135
1692.71582031	13.4601964951
1693.48022461	7.43585109711
1694.24462891	9.80938053131
1695.0090332	7.85016536713
1695.7734375	13.3694047928
1696.53771973	8.28961277008
1697.30212402	12.2418794632
1698.06652832	7.0480055809
1698.83093262	6.07935476303
1699.59533691	8.31839370728
1700.35974121	5.19222021103
1701.12414551	3.87750601768
1701.8885498	4.49586105347
1702.65283203	3.65389227867
1703.41723633	1.55714976788
1704.18164063	1.44391238689
1704.94604492	0
1705.71044922	1.17273843288
1706.47485352	7.75336313248
1707.23925781	1.99827003479
1708.00354004	4.0593380928
1708.76794434	2.54836463928
1709.53234863	5.34563970566
1710.29675293	2.70221972466
1711.06115723	0.494658470154
1711.82556152	2.00078129768
1712.58996582	4.34023332596
1713.35437012	3.23664474487
1714.11865234	4.85546541214
1714.88305664	1.30689048767
1715.64746094	1.82814061642
1716.41186523	12.7643823624
1717.17626953	4.78553390503
1717.94067383	4.84361791611
1718.70507813	4.24326372147
1719.46948242	0
1720.23376465	0.941189944744
1720.99816895	1.81721127033
1721.76257324	2.97748565674
1722.52697754	3.38457393646
1723.29138184	-0.0127477683127
1724.05578613	-0.482101500034
1724.82019043	3.95527648926
1725.58447266	0.335380643606
1726.34887695	2.49550151825
1727.11328125	-0.069614417851
1727.87768555	2.03639125824
1728.64208984	0.932811617851
1729.40649414	0.734881222248
1730.17089844	0.133291989565
1730.93530273	0.580071210861
1731.69958496	-0.466386854649
1732.46398926	0.211557283998
1733.22839355	1.84308707714
1733.99279785	0.786422491074
1734.75720215	2.17108893394
1735.52160645	1.48052561283
1736.28601074	-3.43903541565
1737.05041504	3.25102853775
1737.81469727	-3.91350626945
1738.57910156	-0.0225489400327
1739.34350586	-1.73446595669
1740.10791016	-6.07141208649
1740.87231445	-3.0802488327
1741.63671875	-5.27402687073
1742.40112305	-4.50911951065
1743.16552734	-3.34293413162
1743.92980957	-0.566026091576
1744.69421387	-0.337674558163
1745.45861816	-4.37388849258
1746.22302246	-5.3685965538
1746.98742676	-5.94016504288
1747.75183105	-4.10660552979
1748.51623535	-3.22508645058
1749.28051758	-4.17471075058
1750.04492188	-6.84750843048
1750.80932617	-3.96759319305
1751.57373047	-6.6231970787
1752.33813477	-6.55254364014
1753.10253906	-2.87448239326
1753.86694336	-0.205750286579
1754.63134766	-5.31431531906
1755.39562988	-0.904258430004
1756.16003418	-4.95009660721
1756.92443848	-4.59871244431
1757.68884277	-1.61708533764
1758.45324707	-4.89846324921
1759.21765137	-1.61514508724
1759.98205566	-3.12616825104
1760.74645996	-0.744568824768
1761.51074219	-4.87934017181
1762.27514648	-4.58720397949
1763.03955078	-2.20378351212
1763.80395508	-3.81408214569
1764.56835938	-4.6586432457
1765.33276367	-6.66278028488
1766.09716797	-4.98228979111
1766.8614502	-5.55945682526
1767.62585449	-2.46601486206
1768.39025879	2.46789932251
1769.15466309	-0.157696798444
1769.91906738	0.37186229229
1770.68347168	0.938584148884
1771.44787598	-1.79604744911
1772.21228027	-0.0447075814009
1772.9765625	-3.24824571609
1773.7409668	-6.35288333893
1774.50537109	-3.9593064785
1775.26977539	-0.171533823013
1776.03417969	-4.82550477982
1776.79858398	-4.92843484879
1777.56298828	-6.02265787125
1778.32739258	0.809884607792
1779.0916748	-0.725785970688
1779.8560791	0.677550971508
1780.6204834	-1.74741303921
1781.3848877	-2.34781503677
1782.14929199	0.138671427965
1782.91369629	-0.814329147339
1783.67810059	-2.55534601212
1784.44250488	-4.92015457153
1785.20678711	0.228881448507
1785.97119141	-5.06204032898
1786.7355957	1.21404504776
1787.5	-6.08801412582
1788.2644043	-1.87520039082
1789.02880859	-2.47073674202
1789.79321289	-8.40469360352
1790.55749512	-7.99675989151
1791.32189941	-2.87017202377
1792.08630371	-0.401367783546
1792.85070801	-4.84830522537
1793.6151123	-4.80841302872
1794.3795166	-4.98262500763
1795.1439209	-4.37983417511
1795.9083252	-6.65185832977
1796.67260742	-2.75462651253
1797.43701172	-4.0426363945
1798.20141602	-3.45964694023
1798.96582031	-1.73036658764
1799.73022461	-7.05694437027
1800.49462891	-5.6929063797
1801.2590332	-2.74665355682
1802.0234375	-2.27092456818
1802.78771973	-0.940638422966
1803.55212402	2.13885211945
1804.31652832	-6.14921617508
1805.08093262	-4.05989980698
1805.84533691	-3.93189764023
1806.60974121	-3.2776119709
1807.37414551	-2.25707840919
1808.1385498	-2.17816376686
1808.90283203	-6.25665140152
1809.66723633	-2.34395647049
1810.43164063	-3.76920580864
1811.19604492	-4.74130439758
1811.96044922	-7.24290466309
1812.72485352	-3.52075004578
1813.48925781	-7.87853622437
1814.25354004	-5.88604354858
1815.01794434	-5.09648895264
1815.78234863	-6.7400932312
1816.54675293	-5.50143098831
1817.31115723	-8.97712135315
1818.07556152	-9.61325645447
1818.83996582	-3.65953969955
1819.60437012	-3.486992836
1820.36865234	-6.80767250061
1821.13305664	-2.2081758976
1821.89746094	-9.34941387177
1822.66186523	-5.0633187294
1823.42626953	-3.739123106
1824.19067383	-3.46323823929
1824.95507813	-8.10694503784
1825.71948242	-5.11575365067
1826.48376465	-2.73043584824
1827.24816895	-3.66186189651
1828.01257324	-5.44530630112
1828.77697754	0.983775496483
1829.54138184	-5.53775835037
1830.30578613	-3.63300681114
1831.07019043	-1.06018710136
1831.83447266	-2.23296666145
1832.59887695	-4.24934911728
1833.36328125	-4.40815591812
1834.12768555	-4.18796634674
1834.89208984	-6.56809997559
1835.65649414	-2.36357235909
1836.42089844	-2.13950705528
1837.18530273	-7.36807489395
1837.94958496	-7.38593196869
1838.71398926	-5.81821155548
1839.47839355	-4.93030166626
1840.24279785	-7.07600355148
1841.00720215	-3.79425477982
1841.77160645	-5.88941144943
1842.53601074	-3.77531313896
1843.30041504	-3.78206825256
1844.06469727	-10.1248226166
1844.82910156	-5.14779663086
1845.59350586	-5.93239068985
1846.35791016	-8.50563716888
1847.12231445	-7.54391002655
1847.88671875	-5.82812833786
1848.65112305	-6.67767000198
1849.41552734	-6.81477975845
1850.17980957	-2.97183203697
1850.94421387	-2.11546778679
1851.70861816	-2.05174064636
1852.47302246	0.605712234974
1853.23742676	-2.99350094795
1854.00183105	-2.03674530983
1854.76623535	-1.69392073154
1855.53051758	-8.31367111206
1856.29492188	-3.94533085823
1857.05932617	-3.81477832794
1857.82373047	-4.28121709824
1858.58813477	-4.18916749954
1859.35253906	-2.68020510674
1860.11694336	-0.948826730251
1860.88134766	0.280062675476
1861.64562988	-4.05136728287
1862.41003418	0.54131758213
1863.17443848	-0.311857610941
1863.93884277	-0.90797919035
1864.70324707	-2.70391106606
1865.46765137	-3.27611851692
1866.23205566	-2.37698769569
1866.99645996	-3.11054611206
1867.76074219	-1.39033055305
1868.52514648	0.358228653669
1869.28955078	-2.40253424644
1870.05395508	-0.630217671394
1870.81835938	-1.83338582516
1871.58276367	-2.68526005745
1872.34716797	-2.82261657715
1873.1114502	1.04139077663
1873.87585449	-3.03358864784
1874.64025879	-1.15693295002
1875.40466309	-0.92569065094
1876.16906738	-2.48959708214
1876.93347168	-6.74912881851
1877.69787598	-1.88975441456
1878.46228027	-2.17048549652
1879.2265625	-5.15986299515
1879.9909668	-7.4590215683
1880.75537109	-1.4598389864
1881.51977539	-0.779610276222
1882.28417969	3.90257072449
1883.04858398	-1.33902812004
1883.81298828	-1.13122010231
1884.57739258	0.836955428123
1885.3416748	2.3480424881
1886.1060791	0.781026422977
1886.8704834	-0.716231107712
1887.6348877	2.6303896904
1888.39929199	-0.313197225332
1889.16369629	1.83185184002
1889.92810059	-0.707763850689
1890.69250488	3.69741463661
1891.45678711	-2.57065296173
1892.22119141	-1.63443982601
1892.9855957	2.60890030861
1893.75	1.89793896675
1894.5144043	2.05234599113
1895.27880859	4.343272686
1896.04321289	4.50560522079
1896.80749512	-1.50191044807
1897.57189941	-2.79638981819
1898.33630371	-0.50616145134
1899.10070801	0.327314317226
1899.8651123	2.98691749573
1900.6295166	-0.495476901531
1901.3939209	0.0531714148819
1902.1583252	2.73189020157
1902.92260742	0.679834067822
1903.68701172	-3.1584084034
1904.45141602	0.0209901966155
1905.21582031	5.01137828827
1905.98022461	1.52274179459
1906.74462891	-0.187761873007
1907.5090332	1.08983504772
1908.2734375	-1.35659849644
1909.03771973	3.44597625732
1909.80212402	3.46036577225
1910.56652832	-1.93949270248
1911.33093262	0.0318635478616
1912.09533691	3.77850365639
1912.85974121	2.1178920269
1913.62414551	2.07100272179
1914.3885498	1.8654242754
1915.15283203	-0.21643486619
1915.91723633	-0.209808662534
1916.68164063	-0.41784632206
1917.44604492	2.15471959114
1918.21044922	2.91443610191
1918.97485352	-4.85613155365
1919.73925781	0.801104366779
1920.50354004	-2.74285888672
1921.26794434	-0.172883331776
1922.03234863	-0.445055246353
1922.79675293	2.26168441772
1923.56115723	1.35240125656
1924.32556152	-0.163138523698
1925.08996582	-0.312202513218
1925.85437012	1.43621623516
1926.61865234	3.59914541245
1927.38305664	4.59221744537
1928.14746094	3.86549043655
1928.91186523	3.70116853714
1929.67626953	2.4498231411
1930.44067383	0.584736526012
1931.20507813	0.824546098709
1931.96948242	-0.809574484825
1932.73376465	-4.44614458084
1933.49816895	2.28610897064
1934.26257324	-0.897273182869
1935.02697754	2.41278743744
1935.79138184	3.91775631905
1936.55578613	2.36899995804
1937.32019043	2.27185463905
1938.08447266	-0.054643753916
1938.84887695	8.53248119354
1939.61328125	0.240607336164
1940.37768555	2.89649796486
1941.14208984	-0.254427164793
1941.90649414	6.83552360535
1942.67089844	2.60089230537
1943.43530273	-1.35689234734
1944.19958496	-4.44057893753
1944.96398926	-0.617094278336
1945.72839355	6.17395448685
1946.49279785	5.2690038681
1947.25720215	2.96194958687
1948.02160645	-1.10503339767
1948.78601074	0.556914865971
1949.55041504	2.97776246071
1950.31469727	-0.466960430145
1951.07910156	1.87159383297
1951.84350586	-1.43722343445
1952.60791016	9.40985393524
1953.37231445	0.993580698967
1954.13671875	1.97445702553
1954.90112305	2.76761889458
1955.66552734	0.177043512464
1956.42980957	0.374024689198
1957.19421387	0.877675294876
1957.95861816	1.56072223186
1958.72302246	5.62832117081
1959.48742676	-3.74333310127
1960.25183105	3.07085347176
1961.01623535	3.98894953728
1961.78051758	4.40173244476
1962.54492188	0.734060943127
1963.30932617	-0.216535583138
1964.07373047	7.62303590775
1964.83813477	5.19331502914
1965.60253906	3.11669707298
1966.36694336	1.38427639008
1967.13134766	3.61762022972
1967.89562988	5.76476144791
1968.66003418	2.69765377045
1969.42443848	3.02496576309
1970.18884277	5.2646613121
1970.95324707	5.05180454254
1971.71765137	7.24450922012
1972.48205566	6.8158698082
1973.24645996	6.78614902496
1974.01074219	4.67118835449
1974.77514648	3.07088685036
1975.53955078	4.251288414
1976.30395508	3.28789448738
1977.06835938	1.60976433754
1977.83276367	8.64203262329
1978.59716797	3.48256897926
1979.3614502	2.95636749268
1980.12585449	6.10215473175
1980.89025879	3.43689274788
1981.65466309	0
1982.41906738	1.79358696938
1983.18347168	4.12847185135
1983.94787598	1.64512515068
1984.71228027	4.40915489197
1985.4765625	6.06121730804
1986.2409668	3.08847999573
1987.00537109	2.64699149132
1987.76977539	5.37806558609
1988.53417969	2.56054329872
1989.29858398	7.01864290237
1990.06298828	9.00356578827
1990.82739258	6.09508085251
1991.5916748	3.78556752205
1992.3560791	5.85938119888
1993.1204834	4.06556367874
1993.8848877	6.51092290878
1994.64929199	6.45160770416
1995.41369629	6.30663204193
1996.17810059	7.03939294815
1996.94250488	5.66038894653
1997.70678711	6.71770572662
1998.47119141	8.09224700928
1999.2355957	6.44120740891
2000	8.85122871399
