300	20262.4746094
300.77923584	20717.3300781
301.558441162	21175.5898438
302.337677002	21549.4375
303.116882324	21882.6445313
303.896118164	22087.578125
304.675323486	22188.5683594
305.454559326	22216.8183594
306.233764648	22145.109375
307.013000488	22132.9667969
307.792205811	22094.0390625
308.57144165	21989.484375
309.350646973	21965.1601563
310.129882813	22000.4648438
310.909088135	21995.7792969
311.688323975	21986.1152344
312.467529297	21989.0449219
313.246765137	21941.2363281
314.025970459	21885.2617188
314.805206299	21853.3457031
315.584411621	21829.1875
316.363647461	21887.1035156
317.142852783	21856.4628906
317.922088623	21801.8378906
318.701293945	21777.0839844
319.480529785	21765.0488281
320.259735107	21770.1210938
321.038970947	21847.3925781
321.81817627	21813.7480469
322.597412109	21741.6523438
323.376617432	21758.8457031
324.155853271	21783.265625
324.935058594	21788.9375
325.714294434	21797.8359375
326.493499756	21787.7773438
327.272735596	21757.4707031
328.051940918	21750.7949219
328.831176758	21701.4921875
329.61038208	21796.3710938
330.38961792	21756.0527344
331.168823242	21771.3125
331.948059082	21740.2539063
332.727264404	21741.5214844
333.506500244	21754.5527344
334.285705566	21787.0878906
335.064941406	21848.6328125
335.844146729	21795.9511719
336.623382568	21828.1816406
337.402587891	21814.4746094
338.18182373	21756.7050781
338.961029053	21750.7734375
339.740264893	21793.4160156
340.519470215	21797.9765625
341.298706055	21769.3378906
342.077911377	21770.6894531
342.857147217	21804.4667969
343.636352539	21821.9726563
344.415588379	21787.2792969
345.194793701	21824.8007813
345.974029541	21797.0351563
346.753234863	21835.3261719
347.532470703	21866.0253906
348.311676025	21834.6464844
349.090911865	21821.1484375
349.870117188	21881.9414063
350.649353027	21913.6367188
351.42855835	21940.0097656
352.207794189	21919.3730469
352.986999512	21916.25
353.766235352	21797.3535156
354.545440674	21850.5683594
355.324676514	21927.0195313
356.103881836	21926.7988281
356.883117676	21928.5644531
357.662322998	21957.3496094
358.441558838	21877.5605469
359.22076416	21941.3613281
360	21968.03125
360.77923584	21880.6640625
361.558441162	21891.2675781
362.337677002	21938.4414063
363.116882324	21955.5175781
363.896118164	21919.4277344
364.675323486	21869.6132813
365.454559326	21863.984375
366.233764648	21894.7929688
367.013000488	21903.1816406
367.792205811	21847.6855469
368.57144165	21932.8691406
369.350646973	21897.1308594
370.129882813	21886.9453125
370.909088135	21910.7382813
371.688323975	21931.7402344
372.467529297	21926.8847656
373.246765137	21892.0664063
374.025970459	21860.5917969
374.805206299	21876.3125
375.584411621	21911.3007813
376.363647461	21932.4804688
377.142852783	21937.9003906
377.922088623	21895.0722656
378.701293945	21865.7402344
379.480529785	21886.7480469
380.259735107	21917.4707031
381.038970947	21907.0507813
381.81817627	21888.2226563
382.597412109	21931.0273438
383.376617432	21875.1660156
384.155853271	21877.2929688
384.935058594	21934.9667969
385.714294434	21944.1777344
386.493499756	21893.2460938
387.272735596	21920.1816406
388.051940918	21985.7773438
388.831176758	21942.078125
389.61038208	21902.4316406
390.38961792	21998.7636719
391.168823242	21975.0097656
391.948059082	21945.5019531
392.727264404	22000.8242188
393.506500244	22008.0664063
394.285705566	22042.1113281
395.064941406	22074.40625
395.844146729	22076.9335938
396.623382568	22077.0859375
397.402587891	22077.4082031
398.18182373	22066.4921875
398.961029053	22166.9199219
399.740264893	22212.2578125
400.519470215	22200.7089844
401.298706055	22259.8632813
402.077911377	22230.4746094
402.857147217	22209.5058594
403.636352539	22227.4785156
404.415588379	22260.7753906
405.194793701	22313.9707031
405.974029541	22328.1542969
406.753234863	22353.8671875
407.532470703	22349.2402344
408.311676025	22271.6328125
409.090911865	22318.4453125
409.870117188	22321.8417969
410.649353027	22312.2324219
411.42855835	22326.4121094
412.207794189	22320.2558594
412.986999512	22310.6835938
413.766235352	22369.0039063
414.545440674	22347.0253906
415.324676514	22431.5917969
416.103881836	22457.9199219
416.883117676	22435.9980469
417.662322998	22408.6191406
418.441558838	22455.3125
419.22076416	22433.7890625
420	22361.8535156
420.77923584	22371.9277344
421.558441162	22438.2890625
422.337677002	22381.2441406
423.116882324	22277.453125
423.896118164	22402.1152344
424.675323486	22491.2265625
425.454559326	22467.8339844
426.233764648	22412.65625
427.013000488	22424.3769531
427.792205811	22428.7890625
428.57144165	22463.84375
429.350646973	22511.7421875
430.129882813	22495.9257813
430.909088135	22531.9628906
431.688323975	22554.8613281
432.467529297	22660.9003906
433.246765137	22633.0253906
434.025970459	22611.0917969
434.805206299	22674.0351563
435.584411621	22715.4160156
436.363647461	22715.2539063
437.142852783	22726.0664063
437.922088623	22772.2871094
438.701293945	22822.6523438
439.480529785	22857.0214844
440.259735107	22905.9335938
441.038970947	22844.8515625
441.81817627	22922.2148438
442.597412109	22973.7929688
443.376617432	23020.3828125
444.155853271	23052.4589844
444.935058594	23127.5839844
445.714294434	23151.109375
446.493499756	23176.0136719
447.272735596	23256.7851563
448.051940918	23168.9765625
448.831176758	23229.5683594
449.61038208	23277.8164063
450.38961792	23361.1035156
451.168823242	23436.6523438
451.948059082	23441.0273438
452.727264404	23552.4453125
453.506500244	23579.5742188
454.285705566	23614.0253906
455.064941406	23735.6289063
455.844146729	23835.4433594
456.623382568	23889.78125
457.402587891	23946.03125
458.18182373	24022.953125
458.961029053	24088.2597656
459.740264893	24156.0332031
460.519470215	24156.4316406
461.298706055	24230.7480469
462.077911377	24371.0878906
462.857147217	24552.8671875
463.636352539	24640.0976563
464.415588379	24687.7070313
465.194793701	24850.5136719
465.974029541	24936.0527344
466.753234863	25138.5351563
467.532470703	25199.1152344
468.311676025	25292.3789063
469.090911865	25428.6132813
469.870117188	25575.7363281
470.649353027	25643.2910156
471.42855835	25795.6796875
472.207794189	25992.8574219
472.986999512	26142.0625
473.766235352	26291.2460938
474.545440674	26508.328125
475.324676514	26746.71875
476.103881836	26893.2050781
476.883117676	27043.1699219
477.662322998	27270.890625
478.441558838	27487.3632813
479.22076416	27758.8300781
480	27900.4882813
480.77923584	28121.6855469
481.558441162	28416.0195313
482.337677002	28714.4667969
483.116882324	28979.4941406
483.896118164	29083.1289063
484.675323486	29219.6640625
485.454559326	29367.59375
486.233764648	29520.0019531
487.013000488	29669.7109375
487.792205811	29760.6582031
488.57144165	29808.5234375
489.350646973	29790.1074219
490.129882813	29746.8085938
490.909088135	29710.0507813
491.688323975	29637.6914063
492.467529297	29512.9042969
493.246765137	29355.0371094
494.025970459	29059.2539063
494.805206299	28912.1914063
495.584411621	28661.6894531
496.363647461	28360.5449219
497.142852783	28064.0117188
497.922088623	27759.6894531
498.701293945	27525.5058594
499.480529785	27217.0859375
500.259735107	26920.5859375
501.038970947	26631.3554688
501.81817627	26300.2617188
502.597412109	26048.3789063
503.376617432	25728.2460938
504.155853271	25414.390625
504.935058594	25263.1445313
505.714294434	25058.8496094
506.493499756	24802.796875
507.272735596	24599.3222656
508.051940918	24396.9140625
508.831176758	24239.4863281
509.61038208	24121.2167969
510.38961792	23972.421875
511.168823242	23811.7011719
511.948059082	23704.7773438
512.727294922	23622.3769531
513.506469727	23623.2226563
514.285705566	23340.8769531
515.064941406	23346.8554688
515.844177246	23217.828125
516.623352051	23114.8398438
517.402587891	23098.3632813
518.18182373	23005.375
518.96105957	22969.4511719
519.740234375	22931.3066406
520.519470215	22844.9628906
521.298706055	22776.7558594
522.077941895	22692.5019531
522.857116699	22618.4589844
523.636352539	22656.7109375
524.415588379	22559.0273438
525.194824219	22521.453125
525.973999023	22525.1367188
526.753234863	22470.8066406
527.532470703	22550.3945313
528.311706543	22515.1914063
529.090881348	22466.8964844
529.870117188	22458.3125
530.649353027	22424.0742188
531.428588867	22360.671875
532.207763672	22331.5800781
532.986999512	22407.3046875
533.766235352	22394.3828125
534.545471191	22325.2988281
535.324645996	22371.1386719
536.103881836	22328.9238281
536.883117676	22317.3496094
537.662353516	22318.5429688
538.44152832	22336.7246094
539.22076416	22347.2636719
540	22342.7226563
540.77923584	22336.3085938
541.55847168	22349.4375
542.337646484	22375.1503906
543.116882324	22356.1054688
543.896118164	22359.8085938
544.675354004	22458.3085938
545.454528809	22319.3496094
546.233764648	22345.2460938
547.013000488	22416.0097656
547.792236328	22368.1230469
548.571411133	22387.0527344
549.350646973	22440.7324219
550.129882813	22465.40625
550.909118652	22428.1171875
551.688293457	22410.7011719
552.467529297	22460.5917969
553.246765137	22461.6074219
554.026000977	22618.6640625
554.805175781	22637.7753906
555.584411621	22630.9980469
556.363647461	22577.4960938
557.142883301	22673.2792969
557.922058105	22685.6914063
558.701293945	22650.5332031
559.480529785	22622.8300781
560.259765625	22640.1152344
561.03894043	22676.9414063
561.81817627	22725.0820313
562.597412109	22786.984375
563.376647949	22822.7011719
564.155822754	22832.6347656
564.935058594	22852.921875
565.714294434	22860.0742188
566.493530273	22909.7773438
567.272705078	22868.4023438
568.051940918	22944.0195313
568.831176758	22931.859375
569.610412598	22919.7480469
570.389587402	22944.8769531
571.168823242	22971.7695313
571.948059082	22971.1894531
572.727294922	22997.5761719
573.506469727	23045.0371094
574.285705566	23034.5976563
575.064941406	23046.9316406
575.844177246	23075.3222656
576.623352051	23128.359375
577.402587891	22983.6464844
578.18182373	23036.3710938
578.96105957	23041.3632813
579.740234375	23098.1855469
580.519470215	23177.9765625
581.298706055	23146.1484375
582.077941895	23049.2734375
582.857116699	23078.9375
583.636352539	23095.5078125
584.415588379	23013.0957031
585.194824219	23018.9902344
585.973999023	23040.5644531
586.753234863	23101.7148438
587.532470703	23043.3085938
588.311706543	23090.2382813
589.090881348	23048.5839844
589.870117188	23057.6230469
590.649353027	23021.4199219
591.428588867	22986.9726563
592.207763672	23090.5585938
592.986999512	23159.2753906
593.766235352	23114.1914063
594.545471191	23079.8320313
595.324645996	23067.3027344
596.103881836	23024.71875
596.883117676	22996.5253906
597.662353516	22964.1464844
598.44152832	23059.1347656
599.22076416	23114.7539063
600	23017.4179688
600.77923584	22948.3691406
601.55847168	23008.2597656
602.337646484	23025.8535156
603.116882324	22970.34375
603.896118164	22940.8671875
604.675354004	22977.8808594
605.454528809	23052.21875
606.233764648	23084.4960938
607.013000488	23031.7753906
607.792236328	22984.6152344
608.571411133	23005.9609375
609.350646973	22994.6445313
610.129882813	23035.953125
610.909118652	23020.4765625
611.688293457	23024.8320313
612.467529297	23036.8828125
613.246765137	23087.4511719
614.026000977	23094.1953125
614.805175781	23078.9511719
615.584411621	23090.7792969
616.363647461	23084.5898438
617.142883301	23024.546875
617.922058105	23035.9472656
618.701293945	23091.2207031
619.480529785	23090.7363281
620.259765625	23095.5664063
621.03894043	23109.6953125
621.81817627	23055.7675781
622.597412109	23070.9042969
623.376647949	23010.8867188
624.155822754	22946.6523438
624.935058594	23025.8339844
625.714294434	23070.3535156
626.493530273	23023.0214844
627.272705078	23031.421875
628.051940918	23045.5429688
628.831176758	23033.2714844
629.610412598	23015.7441406
630.389587402	23007.1601563
631.168823242	23039.5410156
631.948059082	23041.1542969
632.727294922	22982.4277344
633.506469727	23004.4804688
634.285705566	22975.6035156
635.064941406	22944.7792969
635.844177246	22971.8945313
636.623352051	22883.9824219
637.402587891	23019.3027344
638.18182373	22950.6796875
638.96105957	22987.8398438
639.740234375	22931.140625
640.519470215	22891.7734375
641.298706055	22903.890625
642.077941895	22977.4746094
642.857116699	22963.5722656
643.636352539	22937.2714844
644.415588379	22913.296875
645.194824219	22888.0351563
645.973999023	23020.8085938
646.753234863	23057
647.532470703	22983.5761719
648.311706543	23020.9160156
649.090881348	22979.5644531
649.870117188	22999.4082031
650.649353027	23039.5507813
651.428588867	23065.125
652.207763672	23019.4746094
652.986999512	23122.6660156
653.766235352	23106.9785156
654.545471191	23150.8300781
655.324645996	23156.9804688
656.103881836	23152.53125
656.883117676	23227.5820313
657.662353516	23261.1191406
658.44152832	23233.7304688
659.22076416	23252.5488281
660	23223.7011719
660.77923584	23305.1269531
661.55847168	23310.3984375
662.337646484	23364.4570313
663.116882324	23487.5117188
663.896118164	23414.6230469
664.675354004	23406.7675781
665.454528809	23402.2207031
666.233764648	23421.0917969
667.013000488	23518.2050781
667.792236328	23558.0800781
668.571411133	23573.0664063
669.350646973	23551.5
670.129882813	23563.4609375
670.909118652	23657.5175781
671.688293457	23687.453125
672.467529297	23629.6621094
673.246765137	23652.2382813
674.026000977	23674.8515625
674.805175781	23737.0507813
675.584411621	23705.5898438
676.363647461	23700.1835938
677.142883301	23677.9628906
677.922058105	23682.5214844
678.701293945	23707.9511719
679.480529785	23661.4472656
680.259765625	23681.2519531
681.03894043	23690.109375
681.81817627	23760.4882813
682.597412109	23769.2226563
683.376647949	23722.7304688
684.155822754	23699.6660156
684.935058594	23788.1328125
685.714294434	23924.0449219
686.493530273	23936.2773438
687.272705078	23860.359375
688.051940918	23826
688.831176758	23807.7519531
689.610412598	23810.4355469
690.389587402	23793.4765625
691.168823242	23812.0859375
691.948059082	23746.2617188
692.727294922	23918.7207031
693.506469727	24154.0703125
694.285705566	23733.75
695.064941406	23566.8359375
695.844177246	23506.6210938
696.623352051	23530.0800781
697.402587891	23545.96875
698.18182373	23540.3417969
698.96105957	23516.6347656
699.740234375	23509.0683594
700.519470215	23491.9511719
701.298706055	23464.3300781
702.077941895	23473.3964844
702.857116699	23453.8515625
703.636352539	23561.1074219
704.415588379	23660.0664063
705.194824219	23614.5625
705.973999023	23500.8671875
706.753234863	23570.8378906
707.532470703	23614.4785156
708.311706543	23705.3027344
709.090881348	23572.7890625
709.870117188	23623.6972656
710.649353027	23822.5234375
711.428588867	23824.3242188
712.207763672	23755.2382813
712.986999512	23772.4902344
713.766235352	23803.6347656
714.545471191	23819.6757813
715.324645996	23848.1210938
716.103881836	23892.2285156
716.883117676	23919.9003906
717.662353516	23914.7734375
718.44152832	23952.8691406
719.22076416	24031.0898438
720	24077.7675781
720.77923584	24061.9355469
721.55847168	24215.5566406
722.337646484	24162.3496094
723.116882324	24167.3046875
723.896118164	24224.6660156
724.675354004	24081.5449219
725.454528809	24259.3515625
726.233764648	24312.1816406
727.013000488	24348.6503906
727.792236328	24421.7148438
728.571411133	24429.6757813
729.350646973	24464.2207031
730.129882813	24519.0878906
730.909118652	24500.6953125
731.688293457	24517.7792969
732.467529297	24575.3320313
733.246765137	24569.1484375
734.026000977	24583.4003906
734.805175781	24622.7011719
735.584411621	24649.3398438
736.363647461	24665.2382813
737.142883301	24640.9023438
737.922058105	24664.5429688
738.701293945	24750.6074219
739.480529785	24749.9003906
740.259765625	24817.8359375
741.03894043	24811.8867188
741.81817627	24750.7519531
742.597412109	24802.4375
743.376647949	24842.8925781
744.155822754	24894.4804688
744.935058594	24807.4082031
745.714294434	24832.6796875
746.493530273	24894.7636719
747.272705078	24924.4101563
748.051940918	24906.7851563
748.831176758	24837.4101563
749.610412598	24833.1230469
750.389587402	24889.390625
751.168823242	24914.953125
751.948059082	24980.4824219
752.727294922	24995.3144531
753.506469727	24932.0898438
754.285705566	25003.2851563
755.064941406	24967.4492188
755.844177246	25028.5351563
756.623352051	24882.9921875
757.402587891	24993.4550781
758.18182373	25014.2597656
758.96105957	24993.9921875
759.740234375	25005.6015625
760.519470215	24996.1503906
761.298706055	25042.0800781
762.077941895	24976.3710938
762.857116699	25036.5742188
763.636352539	25128.15625
764.415588379	25049.4804688
765.194824219	25041.6347656
765.973999023	25094.1074219
766.753234863	25108.9394531
767.532470703	25096.8027344
768.311706543	25119.1152344
769.090881348	25116.2011719
769.870117188	25061.609375
770.649353027	25112.5136719
771.428588867	25137.390625
772.207763672	25140.2050781
772.986999512	25135.7753906
773.766235352	25166.1367188
774.545471191	25118.265625
775.324645996	25202.7167969
776.103881836	25321.2636719
776.883117676	25213.6660156
777.662353516	25258.9199219
778.44152832	25202.9980469
779.22076416	25233.3125
780	25264.7851563
780.77923584	25256.4746094
781.55847168	25297.4472656
782.337646484	25308.2402344
783.116882324	25305.7070313
783.896118164	25289.6230469
784.675354004	25325.0839844
785.454528809	25341.6035156
786.233764648	25320.296875
787.013000488	25326.8652344
787.792236328	25333.6152344
788.571411133	25352.09375
789.350646973	25368.9628906
790.129882813	25371.5234375
790.909118652	25415.6699219
791.688293457	25362.4726563
792.467529297	25356.3730469
793.246765137	25281.3867188
794.026000977	25271.6738281
794.805175781	25379.5234375
795.584411621	25403.5195313
796.363647461	25417.4648438
797.142883301	25367.3378906
797.922058105	25408.6484375
798.701293945	25438.7382813
799.480529785	25428.53125
800.259765625	25468.4589844
801.03894043	25445.9394531
801.81817627	25503.3867188
802.597412109	25505.6367188
803.376647949	25466.4609375
804.155822754	25676.7207031
804.935058594	25653.7382813
805.714294434	25547.2949219
806.493530273	25521.6621094
807.272705078	25528.8398438
808.051940918	25548.7617188
808.831176758	25578.7070313
809.610412598	25654.8320313
810.389587402	25682.0351563
811.168823242	25652.6796875
811.948059082	25683.2207031
812.727294922	25689.2792969
813.506469727	25727.6425781
814.285705566	25777.0097656
815.064941406	25734.3496094
815.844177246	25734.8632813
816.623352051	25674.6464844
817.402587891	25808.1660156
818.18182373	25839.75
818.96105957	25882.8671875
819.740234375	25881.2109375
820.519470215	25857.0351563
821.298706055	25833.7109375
822.077941895	25929.765625
822.857116699	26056.3261719
823.636352539	26063.9980469
824.415588379	26066.9726563
825.194824219	26065.2597656
825.973999023	26031.2753906
826.753234863	26059.2265625
827.532470703	26096.53125
828.311706543	26134.5683594
829.090881348	26186.2753906
829.870117188	26190.3144531
830.649353027	26192.2050781
831.428588867	26199.5546875
832.207763672	26240.1035156
832.986999512	26279.8828125
833.766235352	26313.4257813
834.545471191	26299.4589844
835.324645996	26304.1601563
836.103881836	26373.1464844
836.883117676	26373.1035156
837.662353516	26369.6621094
838.44152832	26361.0898438
839.22076416	26340.8964844
840	26374.9257813
840.77923584	26402.3632813
841.55847168	26407.2851563
842.337646484	26454.1582031
843.116882324	26468.9726563
843.896118164	26519.7753906
844.675354004	26514.8339844
845.454528809	26475.8242188
846.233764648	26488.8613281
847.013000488	26522.0996094
847.792236328	26668.1621094
848.571411133	26525.21875
849.350646973	26613.7363281
850.129882813	26646.4335938
850.909118652	26574.5644531
851.688293457	26559.6582031
852.467529297	26611.2636719
853.246765137	26601.9121094
854.026000977	26573.671875
854.805175781	26655.46875
855.584411621	26659.4238281
856.363647461	26627.0605469
857.142883301	26659.0742188
857.922058105	26688.5390625
858.701293945	26706.7382813
859.480529785	26769.5234375
860.259765625	26717.6816406
861.03894043	26674.109375
861.81817627	26730.2421875
862.597412109	26739.0527344
863.376647949	26731.0136719
864.155822754	26729.5605469
864.935058594	26738.7871094
865.714294434	26822.3242188
866.493530273	26837.7089844
867.272705078	26828.3808594
868.051940918	26908.6933594
868.831176758	26872.1113281
869.610412598	26932.5527344
870.389587402	26919.5351563
871.168823242	26897.9375
871.948059082	26952.4023438
872.727294922	26908.1191406
873.506469727	26946.5605469
874.285705566	26964.7050781
875.064941406	26874.0820313
875.844177246	26770.3867188
876.623352051	27054.3769531
877.402587891	27020.3027344
878.18182373	27052.6933594
878.96105957	27017.1503906
879.740234375	27104.8691406
880.519470215	27067.171875
881.298706055	27045.4257813
882.077941895	27103.3945313
882.857116699	27107.1992188
883.636352539	27104.9140625
884.415588379	27139.5644531
885.194824219	27176.6894531
885.973999023	27079.9785156
886.753234863	27103.2285156
887.532470703	27204.6835938
888.311706543	27236.7734375
889.090881348	27136.4726563
889.870117188	27148.171875
890.649353027	27227.5722656
891.428588867	27267.3691406
892.207763672	27284.5078125
892.986999512	27285.7480469
893.766235352	27247.78125
894.545471191	27249.34375
895.324645996	27251.2226563
896.103881836	27289.8242188
896.883117676	27329.0625
897.662353516	27341.0566406
898.44152832	27358.1035156
899.22076416	27361.7988281
900	27363.6230469
900.77923584	27395.9804688
901.55847168	27423.6113281
902.337646484	27397.3183594
903.116882324	27434.6875
903.896118164	27496.6835938
904.675354004	27524.6230469
905.454528809	27541.3789063
906.233764648	27516.5605469
907.013000488	27503.4101563
907.792236328	27497.6953125
908.571411133	27568.828125
909.350646973	27581.5332031
910.129882813	27639.3945313
910.909118652	27595
911.688293457	27624.5429688
912.467529297	27636.5820313
913.246765137	27703.4765625
914.026000977	27603.1191406
914.805175781	27720.0878906
915.584411621	27699.7832031
916.363647461	27649.0546875
917.142883301	27738.1289063
917.922058105	27765.2519531
918.701293945	27762.9863281
919.480529785	27780.0644531
920.259765625	27820.9765625
921.03894043	27765.3769531
921.81817627	27748.7382813
922.597412109	27772.2851563
923.376647949	27795.8046875
924.155822754	27880.4785156
924.935058594	27907.4941406
925.714294434	27775.984375
926.493530273	27862.71875
927.272705078	27915.4921875
928.051940918	27888.9902344
928.831176758	27949.3515625
929.610412598	27965.0488281
930.389587402	27876.7480469
931.168823242	27903.5488281
931.948059082	27897.7265625
932.727294922	27898.5722656
933.506469727	27908.6777344
934.285705566	27916.7226563
935.064941406	27973.0117188
935.844177246	27922.0507813
936.623352051	27887.5976563
937.402587891	27877.546875
938.18182373	27918.3847656
938.96105957	27940.0722656
939.740234375	27881.6015625
940.519470215	27880.6582031
941.298706055	27926.8027344
942.077941895	27877.0703125
942.857116699	27910.6269531
943.636352539	27926.6191406
944.415588379	27914.1210938
945.194824219	27913.9863281
945.973999023	27895.3691406
946.753234863	27873.5742188
947.532470703	27865.8105469
948.311706543	27906.0761719
949.090881348	27852.2167969
949.870117188	27821.5195313
950.649353027	27883.6464844
951.428588867	27894.1269531
952.207763672	27869.765625
952.986999512	27856.9609375
953.766235352	27850.4609375
954.545471191	27819.6425781
955.324645996	27790.2910156
956.103881836	27794.9355469
956.883117676	27780.3691406
957.662353516	27792.9609375
958.44152832	27809.7226563
959.22076416	27745.4921875
960	27709.9433594
960.77923584	27673.046875
961.55847168	27708.5292969
962.337646484	27728.0078125
963.116882324	27776.4824219
963.896118164	27758.5664063
964.675354004	27724.4023438
965.454528809	27746.96875
966.233764648	27720.0625
967.013000488	27730.71875
967.792236328	27682.9863281
968.571411133	27673.2324219
969.350646973	27703.2226563
970.129882813	27656.5
970.909118652	27647.1386719
971.688293457	27644.3867188
972.467529297	27732.8808594
973.246765137	27704.3125
974.026000977	27708.2871094
974.805175781	27671.5644531
975.584411621	27721.453125
976.363647461	27658.3320313
977.142883301	27709.1757813
977.922058105	27675.1152344
978.701293945	27625.8203125
979.480529785	27677.0839844
980.259765625	27752.3984375
981.03894043	27745.8945313
981.81817627	27719.6347656
982.597412109	27777.6230469
983.376647949	27735.5410156
984.155822754	27775.0742188
984.935058594	27774.4355469
985.714294434	27771.5449219
986.493530273	27768.5703125
987.272705078	27803.5449219
988.051940918	27844.3808594
988.831176758	27825.8984375
989.610412598	27806.6328125
990.389587402	27761.2519531
991.168823242	27931.4160156
991.948059082	27777.6875
992.727294922	27826.5117188
993.506469727	27854.4765625
994.285705566	27937.4121094
995.064941406	27947.5039063
995.844177246	27912.4335938
996.623352051	27916.3769531
997.402587891	27941.0605469
998.18182373	27980.5644531
998.96105957	28047.9238281
999.740234375	28015.3203125
1000.51947021	28038.1289063
1001.29870605	28018.8203125
1002.07794189	28091.453125
1002.8571167	28121.3378906
1003.63635254	28138.4960938
1004.41558838	28078.6347656
1005.19482422	28134.1132813
1005.97399902	28153.1914063
1006.75323486	28192.8710938
1007.5324707	28178.6601563
1008.31170654	28316.7695313
1009.09088135	28308.0839844
1009.87011719	28272.0859375
1010.64935303	28344.8496094
1011.42858887	28314.8007813
1012.20776367	28323.765625
1012.98699951	28396.3535156
1013.76623535	28444.1113281
1014.54547119	28460.8457031
1015.324646	28406.8789063
1016.10388184	28399.1503906
1016.88311768	28495.953125
1017.66235352	28541.0996094
1018.44152832	28500.96875
1019.22076416	28569.0371094
1020	28540.203125
1020.77923584	28593.9609375
1021.55847168	28630.3125
1022.33764648	28591.5898438
1023.11688232	28607.1953125
1023.89611816	28654.7792969
1024.67529297	28720.21875
1025.45458984	28739.546875
1026.23376465	28661.5449219
1027.01293945	28678.5703125
1027.79223633	28728.9648438
1028.57141113	28744.3378906
1029.35070801	28697.5527344
1030.12988281	28806.984375
1030.90905762	28757.453125
1031.68835449	28792.1269531
1032.4675293	28784.2539063
1033.2467041	28838.3554688
1034.02600098	28823.8886719
1034.80517578	28826.0019531
1035.58447266	28922.921875
1036.36364746	28962.4121094
1037.14282227	28913.8222656
1037.92211914	28924.5917969
1038.70129395	28863.9804688
1039.48046875	28954.03125
1040.25976563	28892.7128906
1041.03894043	28915.5371094
1041.8182373	28887.0546875
1042.59741211	28839.7910156
1043.37658691	28972.3652344
1044.15588379	28978.4277344
1044.93505859	28970.125
1045.7142334	29004.6308594
1046.49353027	28943.90625
1047.27270508	28921.15625
1048.05200195	28935.3691406
1048.83117676	29023.453125
1049.61035156	28984.9472656
1050.38964844	28982.4785156
1051.16882324	28910.4570313
1051.94799805	28891.0722656
1052.72729492	29011.8027344
1053.50646973	28400.6679688
1054.2857666	28208.2734375
1055.06494141	28074.8417969
1055.84411621	27932.4199219
1056.62341309	27741.1855469
1057.40258789	27575.390625
1058.1817627	27453.984375
1058.96105957	27223.1992188
1059.74023438	26994.9785156
1060.51953125	26812.609375
1061.29870605	26642.8515625
1062.07788086	26459.078125
1062.85717773	26333.0976563
1063.63635254	26189.28125
1064.41552734	25973.2421875
1065.19482422	25808.5234375
1065.97399902	25626.5839844
1066.7532959	25429.8964844
1067.5324707	25267.6035156
1068.31164551	25110.5136719
1069.09094238	24861.2773438
1069.87011719	24663.671875
1070.64929199	24540.6230469
1071.42858887	24373.0078125
1072.20776367	24193.1230469
1072.98706055	24070.0488281
1073.76623535	23860.1445313
1074.54541016	23640.4648438
1075.32470703	23512.8476563
1076.10388184	23357.4257813
1076.88305664	23201.171875
1077.66235352	23018.6074219
1078.44152832	22844.0175781
1079.2208252	22639.0527344
1080	22505.359375
1080.7791748	22278.6796875
1081.55847168	22090.3964844
1082.33764648	21974.1699219
1083.11694336	21808.3730469
1083.89611816	21584.6757813
1084.67529297	21442.140625
1085.45458984	21249.1484375
1086.23376465	21048.9707031
1087.01293945	20929.4765625
1087.79223633	20777.640625
1088.57141113	20582.5371094
1089.35070801	20421.8515625
1090.12988281	20265.8554688
1090.90905762	20074.7734375
1091.68835449	19916.3867188
1092.4675293	19760.359375
1093.2467041	19532.4550781
1094.02600098	19360.5957031
1094.80517578	19166.7402344
1095.58447266	19000.0195313
1096.36364746	18856.2695313
1097.14282227	18604.7089844
1097.92211914	18403.6542969
1098.70129395	18293.5136719
1099.48046875	18145.34375
1100.25976563	18024.1738281
1101.03894043	17869.7871094
1101.8182373	17669.6484375
1102.59741211	17534.2910156
1103.37658691	17300.4160156
1104.15588379	17156.6367188
1104.93505859	16982.46875
1105.7142334	16858.0703125
1106.49353027	16620.9414063
1107.27270508	16480.3535156
1108.05200195	16315.2519531
1108.83117676	16106.2255859
1109.61035156	15937.5585938
1110.38964844	15784.8125
1111.16882324	15582.6142578
1111.94799805	15417.21875
1112.72729492	15286.0888672
1113.50646973	15125.8847656
1114.2857666	14890.9833984
1115.06494141	14753.5976563
1115.84411621	14493.7451172
1116.62341309	14367.9111328
1117.40258789	14125.2197266
1118.1817627	14011.5068359
1118.96105957	13857.8857422
1119.74023438	13748.6552734
1120.51953125	13480.0351563
1121.29870605	13292.0947266
1122.07788086	13139.5791016
1122.85717773	12948.1533203
1123.63635254	12799.3330078
1124.41552734	12580.9775391
1125.19482422	12411.5771484
1125.97399902	12161.3046875
1126.7532959	12105.6757813
1127.5324707	11815.9082031
1128.31164551	11679.8779297
1129.09094238	11468.0693359
1129.87011719	11336.3505859
1130.64929199	11155.6298828
1131.42858887	10891.2617188
1132.20776367	10761.3457031
1132.98706055	10756.8876953
1133.76623535	10714.3037109
1134.54541016	10767.1035156
1135.32470703	10757.6308594
1136.10388184	10830.234375
1136.88305664	10786.6835938
1137.66235352	10765.7753906
1138.44152832	10825.8154297
1139.2208252	10786.2353516
1140	10722.7197266
1140.7791748	10786.7050781
1141.55847168	10761.9267578
1142.33764648	10800.1474609
1143.11694336	10825.2138672
1143.89611816	10821.6601563
1144.67529297	10872.9980469
1145.45458984	10879.4052734
1146.23376465	10879.5722656
1147.01293945	10889.5214844
1147.79223633	10921.3154297
1148.57141113	10921.6171875
1149.35070801	10881.3193359
1150.12988281	10843.3300781
1150.90905762	10907.4775391
1151.68835449	10899.3583984
1152.4675293	10925.6523438
1153.2467041	10864.3496094
1154.02600098	10931.296875
1154.80517578	10869.1748047
1155.58447266	10927.796875
1156.36364746	10932.5390625
1157.14282227	10894.3212891
1157.92211914	10904.9970703
1158.70129395	10908.0986328
1159.48046875	10919.40625
1160.25976563	10966.5449219
1161.03894043	10978.8847656
1161.8182373	10908.0585938
1162.59741211	10968.7070313
1163.37658691	11001.6357422
1164.15588379	10902.328125
1164.93505859	10950.3505859
1165.7142334	10943.6103516
1166.49353027	10996.3154297
1167.27270508	11010.8867188
1168.05200195	10954.2265625
1168.83117676	11014.4775391
1169.61035156	11006.8408203
1170.38964844	10907.1044922
1171.16882324	10964.0849609
1171.94799805	10958.4042969
1172.72729492	10981.7451172
1173.50646973	10910.7099609
1174.2857666	10988.1884766
1175.06494141	10911.1640625
1175.84411621	10984.2304688
1176.62341309	11003.875
1177.40258789	11001.9658203
1178.1817627	11037.7011719
1178.96105957	10957.6728516
1179.74023438	11042.5263672
1180.51953125	11056.6689453
1181.29870605	10984.6542969
1182.07788086	10981.2304688
1182.85717773	11011.5224609
1183.63635254	10939.2734375
1184.41552734	11034.3935547
1185.19482422	11032.4863281
1185.97399902	10993.5761719
1186.7532959	11030.7070313
1187.5324707	11067.7763672
1188.31164551	10991.4462891
1189.09094238	10998.6103516
1189.87011719	11037.4726563
1190.64929199	11107.1679688
1191.42858887	11044.8525391
1192.20776367	11089.7226563
1192.98706055	11053.6777344
1193.76623535	11103.1650391
1194.54541016	11082.8291016
1195.32470703	11009.4707031
1196.10388184	11132.3828125
1196.88305664	11157.5488281
1197.66235352	11145.6503906
1198.44152832	11094.2255859
1199.2208252	11135.6660156
1200	11137.1035156
1200.7791748	11160.3525391
1201.55847168	11199.8085938
1202.33764648	11126.4599609
1203.11694336	11129.7998047
1203.89611816	11124.0048828
1204.67529297	11204.0996094
1205.45458984	11137.2480469
1206.23376465	11149.21875
1207.01293945	11251.4736328
1207.79223633	11228.7480469
1208.57141113	11294.2695313
1209.35070801	11256.9267578
1210.12988281	11243.1416016
1210.90905762	11231.5185547
1211.68835449	11244.5146484
1212.4675293	11268.1777344
1213.2467041	11275.3613281
1214.02600098	11279.8271484
1214.80517578	11313.796875
1215.58447266	11311.359375
1216.36364746	11284.4296875
1217.14282227	11311.1416016
1217.92211914	11309.6943359
1218.70129395	11342.8164063
1219.48046875	11376.8447266
1220.25976563	11338.7724609
1221.03894043	11353.5439453
1221.8182373	11367.0859375
1222.59741211	11372.6523438
1223.37658691	11372.0830078
1224.15588379	11378.3828125
1224.93505859	11367.4121094
1225.7142334	11395.796875
1226.49353027	11404.7744141
1227.27270508	11454.0634766
1228.05200195	11470.0195313
1228.83117676	11448.4160156
1229.61035156	11453.5771484
1230.38964844	11453.9707031
1231.16882324	11472.9951172
1231.94799805	11432.6923828
1232.72729492	11486.5029297
1233.50646973	11486.2607422
1234.2857666	11508.3173828
1235.06494141	11487.2910156
1235.84411621	11488.6464844
1236.62341309	11558.9599609
1237.40258789	11496.0322266
1238.1817627	11474.9746094
1238.96105957	11503.0615234
1239.74023438	11594.8730469
1240.51953125	11594.6396484
1241.29870605	11540.5947266
1242.07788086	11526.1923828
1242.85717773	11541.8310547
1243.63635254	11654.0898438
1244.41552734	11573.0078125
1245.19482422	11598.9980469
1245.97399902	11644.6503906
1246.7532959	11607.4150391
1247.5324707	11637.2636719
1248.31164551	11680.5332031
1249.09094238	11572.1269531
1249.87011719	11623.3476563
1250.64929199	11609.6972656
1251.42858887	11623.578125
1252.20776367	11622.1875
1252.98706055	11636.8144531
1253.76623535	11616.8994141
1254.54541016	11688.9873047
1255.32470703	11662.6142578
1256.10388184	11626.421875
1256.88305664	11606.5546875
1257.66235352	11639.1582031
1258.44152832	11687.1367188
1259.2208252	11667.0302734
1260	11602.1650391
1260.7791748	11645.7275391
1261.55847168	11682.15625
1262.33764648	11669.6943359
1263.11694336	11637.1123047
1263.89611816	11607.859375
1264.67529297	11642.1191406
1265.45458984	11673.3193359
1266.23376465	11648.4453125
1267.01293945	11631.8037109
1267.79223633	11660.8369141
1268.57141113	11674.1650391
1269.35070801	11639.0361328
1270.12988281	11639.7460938
1270.90905762	11676.90625
1271.68835449	11654.6660156
1272.4675293	11631.9316406
1273.2467041	11657.5195313
1274.02600098	11650.4130859
1274.80517578	11705.1816406
1275.58447266	11713.6591797
1276.36364746	11653.4130859
1277.14282227	11615.1826172
1277.92211914	11687.0322266
1278.70129395	11561.5644531
1279.48046875	11674.5224609
1280.25976563	11696.9501953
1281.03894043	11642.5703125
1281.8182373	11687.4521484
1282.59741211	11634.2070313
1283.37658691	11641.5957031
1284.15588379	11633.8300781
1284.93505859	11643.9169922
1285.7142334	11755.1572266
1286.49353027	11697.8720703
1287.27270508	11702.5039063
1288.05200195	11692.078125
1288.83117676	11685.3193359
1289.61035156	11713.4228516
1290.38964844	11759.6708984
1291.16882324	11711.1386719
1291.94799805	11719.6005859
1292.72729492	11723.9873047
1293.50646973	11752.3398438
1294.2857666	11714.0449219
1295.06494141	11703.5019531
1295.84411621	11696.0166016
1296.62341309	11741.171875
1297.40258789	11792.5253906
1298.1817627	11786.5693359
1298.96105957	11775.0283203
1299.74023438	11761.0078125
1300.51953125	11707.4082031
1301.29870605	11752.2382813
1302.07788086	11820.2207031
1302.85717773	11825.9960938
1303.63635254	11832.6572266
1304.41552734	11820.2900391
1305.19482422	11816.8544922
1305.97399902	11782.0878906
1306.7532959	11849.3085938
1307.5324707	11806.7070313
1308.31164551	11803.1220703
1309.09094238	11886.1865234
1309.87011719	11863.1357422
1310.64929199	11922.0664063
1311.42858887	11920.0019531
1312.20776367	11867.4931641
1312.98706055	11845.9140625
1313.76623535	11863.6337891
1314.54541016	11837.4980469
1315.32470703	11909.8818359
1316.10388184	11894.15625
1316.88305664	11926.0820313
1317.66235352	11860.2333984
1318.44152832	11939.0488281
1319.2208252	11937.0419922
1320	11938.0390625
1320.7791748	11963.84375
1321.55847168	11964.046875
1322.33764648	11987.9775391
1323.11694336	12015.6201172
1323.89611816	12082.0800781
1324.67529297	12056.6142578
1325.45458984	12041.8222656
1326.23376465	12039.2021484
1327.01293945	12051.6054688
1327.79223633	12076.6015625
1328.57141113	12133.7363281
1329.35070801	12103.8427734
1330.12988281	12126.9677734
1330.90905762	12119.8105469
1331.68835449	12194.9755859
1332.4675293	12126.7177734
1333.2467041	12094.4580078
1334.02600098	12087.4277344
1334.80517578	12173.1650391
1335.58447266	12227.6015625
1336.36364746	12108.7226563
1337.14282227	12219.5654297
1337.92211914	12284.1103516
1338.70129395	12229.7900391
1339.48046875	12270.7871094
1340.25976563	12282.0009766
1341.03894043	12286.4160156
1341.8182373	12308.2460938
1342.59741211	12381.3974609
1343.37658691	12348.8212891
1344.15588379	12352.5332031
1344.93505859	12338.7480469
1345.7142334	12338.7460938
1346.49353027	12369.4775391
1347.27270508	12313.3486328
1348.05200195	12300.4941406
1348.83117676	12376.9072266
1349.61035156	12427.7617188
1350.38964844	12369.9882813
1351.16882324	12350.5205078
1351.94799805	12357.0966797
1352.72729492	12312.9287109
1353.50646973	12293.0966797
1354.2857666	12387.9882813
1355.06494141	12413.7412109
1355.84411621	12388.0830078
1356.62341309	12306.8642578
1357.40258789	12453.9248047
1358.1817627	12412.6884766
1358.96105957	12395.5986328
1359.74023438	12305.2988281
1360.51953125	12372.7949219
1361.29870605	12339.2753906
1362.07788086	12372.3720703
1362.85717773	12366.1650391
1363.63635254	12317.4941406
1364.41552734	12253.1572266
1365.19482422	12249.8349609
1365.97399902	12299.0478516
1366.7532959	12320.0273438
1367.5324707	12366.9052734
1368.31164551	12324.8603516
1369.09094238	12294.8671875
1369.87011719	12311.6279297
1370.64929199	12268.0869141
1371.42858887	12321.8935547
1372.20776367	12326.453125
1372.98706055	12361.2900391
1373.76623535	12330.6738281
1374.54541016	12314.4697266
1375.32470703	12308.5292969
1376.10388184	12262.1748047
1376.88305664	12341.4277344
1377.66235352	12357.0332031
1378.44152832	12241.1914063
1379.2208252	12288.5810547
1380	12356.9423828
1380.7791748	12328.2451172
1381.55847168	12322.8154297
1382.33764648	12294.5097656
1383.11694336	12307.640625
1383.89611816	12328.7929688
1384.67529297	12343.5625
1385.45458984	12330.5703125
1386.23376465	12313.1103516
1387.01293945	12322.9628906
1387.79223633	12421.8076172
1388.57141113	12407.53125
1389.35070801	12387.1923828
1390.12988281	12399.6806641
1390.90905762	12384.359375
1391.68835449	12431.5966797
1392.4675293	12394.3320313
1393.2467041	12413.9150391
1394.02600098	12571.2070313
1394.80517578	12395.8974609
1395.58447266	12429.8525391
1396.36364746	12470.7050781
1397.14282227	12478.1777344
1397.92211914	12498.1972656
1398.70129395	12471.7021484
1399.48046875	12482.9726563
1400.25976563	12497.3789063
1401.03894043	12498.9394531
1401.8182373	12485.4042969
1402.59741211	12467.7373047
1403.37658691	12532.0898438
1404.15588379	12573.1689453
1404.93505859	12546.6152344
1405.7142334	12557.8994141
1406.49353027	12574.3007813
1407.27270508	12546.71875
1408.05200195	12600.5478516
1408.83117676	12560.0517578
1409.61035156	12570.0068359
1410.38964844	12586.6621094
1411.16882324	12657.7714844
1411.94799805	12547.0087891
1412.72729492	12597.3662109
1413.50646973	12606.9111328
1414.2857666	12628.875
1415.06494141	12651.5917969
1415.84411621	12639.1611328
1416.62341309	12590.1210938
1417.40258789	12631.7910156
1418.1817627	12645.8222656
1418.96105957	12669.0410156
1419.74023438	12646.7236328
1420.51953125	12604.1601563
1421.29870605	12596.0810547
1422.07788086	12614.5908203
1422.85717773	12611.9541016
1423.63635254	12637.5537109
1424.41552734	12729.7314453
1425.19482422	12640.6474609
1425.97399902	12705.2597656
1426.7532959	12657.8242188
1427.5324707	12647.6777344
1428.31164551	12725.3222656
1429.09094238	12674.4960938
1429.87011719	12686.6181641
1430.64929199	12790.796875
1431.42858887	12832.0537109
1432.20776367	12811.9648438
1432.98706055	12802.3271484
1433.76623535	12744.6748047
1434.54541016	12790.015625
1435.32470703	12797.3808594
1436.10388184	12790.1181641
1436.88305664	12805.3027344
1437.66235352	12812.1464844
1438.44152832	12789.3759766
1439.2208252	12867.8857422
1440	12852.6689453
1440.7791748	12954.0605469
1441.55847168	12902.328125
1442.33764648	12915.6816406
1443.11694336	12884.3564453
1443.89611816	12884.1298828
1444.67529297	12942.5585938
1445.45458984	12922.8535156
1446.23376465	12917.6904297
1447.01293945	12951.9833984
1447.79223633	13012.3925781
1448.57141113	13079
1449.35070801	13116.9257813
1450.12988281	13064.1835938
1450.90905762	13034.3125
1451.68835449	13081.3466797
1452.4675293	13086.171875
1453.2467041	13143.2138672
1454.02600098	13129.8056641
1454.80517578	13109.1972656
1455.58447266	13187.3183594
1456.36364746	13098.9433594
1457.14282227	13133.03125
1457.92211914	13180.9824219
1458.70129395	13184.4199219
1459.48046875	13084.7607422
1460.25976563	13115.8105469
1461.03894043	13160.7265625
1461.8182373	13181.4619141
1462.59741211	13178.4277344
1463.37658691	13172.6289063
1464.15588379	13171.8486328
1464.93505859	13212.8828125
1465.7142334	13183.3330078
1466.49353027	13169.4873047
1467.27270508	13209.5527344
1468.05200195	13224.7480469
1468.83117676	13230.2744141
1469.61035156	13286.9287109
1470.38964844	13260.8027344
1471.16882324	13185.8203125
1471.94799805	13283.3183594
1472.72729492	13250.1699219
1473.50646973	13219.6357422
1474.2857666	13252.640625
1475.06494141	13221.7509766
1475.84411621	13199.9775391
1476.62341309	13246.0957031
1477.40258789	13299.0361328
1478.1817627	13308.1757813
1478.96105957	13248.6923828
1479.74023438	13244.0224609
1480.51953125	13244.2255859
1481.29870605	13267.4941406
1482.07788086	13294.328125
1482.85717773	13341.1533203
1483.63635254	13206.4550781
1484.41552734	13225.2431641
1485.19482422	13256.5800781
1485.97399902	13307.2109375
1486.7532959	13331.4736328
1487.5324707	13353.0585938
1488.31164551	13285.2519531
1489.09094238	13260.1923828
1489.87011719	13256.7832031
1490.64929199	13308.9042969
1491.42858887	13301.0146484
1492.20776367	13298.1298828
1492.98706055	13331.5244141
1493.76623535	13327.0800781
1494.54541016	13374.4970703
1495.32470703	13300.8671875
1496.10388184	13330.8583984
1496.88305664	13381.0751953
1497.66235352	13309.9775391
1498.44152832	13279.4150391
1499.2208252	13401.4921875
1500	13375.1044922
1500.7791748	13350.2695313
1501.55847168	13287.4648438
1502.33764648	13341.5332031
1503.11694336	13282.5546875
1503.89611816	13231.0595703
1504.67529297	13331.703125
1505.45458984	13358.1699219
1506.23376465	13330.3242188
1507.01293945	13334.0751953
1507.79223633	13387.9091797
1508.57141113	13257.5244141
1509.35070801	13326.8408203
1510.12988281	13320.8408203
1510.90905762	13273.5488281
1511.68835449	13270.4726563
1512.4675293	13261.2324219
1513.2467041	13267.5302734
1514.02600098	13263.7441406
1514.80517578	13283.7939453
1515.58447266	13249.3486328
1516.36364746	13222.5615234
1517.14282227	13283.9589844
1517.92211914	13263.3369141
1518.70129395	13289.5058594
1519.48046875	13318.7099609
1520.25976563	13202.2666016
1521.03894043	13260.6513672
1521.8182373	13230.0927734
1522.59741211	13260.5068359
1523.37658691	13263.8486328
1524.15588379	13324.4648438
1524.93505859	13349.8017578
1525.7142334	13322.890625
1526.49353027	13365.4238281
1527.27270508	13258.9941406
1528.05200195	13291.2792969
1528.83117676	13365.015625
1529.61035156	13320.4882813
1530.38964844	13354.1884766
1531.16882324	13372.8398438
1531.94799805	13318.6523438
1532.72729492	13370.1630859
1533.50646973	13341.7324219
1534.2857666	13307.5732422
1535.06494141	13375.9541016
1535.84411621	13388.2148438
1536.62341309	13451.1708984
1537.40258789	13478.4121094
1538.1817627	13470.4912109
1538.96105957	13443.9404297
1539.74023438	13422.5087891
1540.51953125	13398.7861328
1541.29870605	13412.5898438
1542.07788086	13458.6416016
1542.85717773	13478.6318359
1543.63635254	13458.4482422
1544.41552734	13538.2324219
1545.19482422	13501.4609375
1545.97399902	13552.0185547
1546.7532959	13515.6943359
1547.5324707	13550.3242188
1548.31164551	13488.9619141
1549.09094238	13553.9462891
1549.87011719	13554.0166016
1550.64929199	13619.3085938
1551.42858887	13608.1396484
1552.20776367	13630.3896484
1552.98706055	13586.0683594
1553.76623535	13620.7041016
1554.54541016	13651.8310547
1555.32470703	13641.9248047
1556.10388184	13718.9785156
1556.88305664	13733.8896484
1557.66235352	13688.5722656
1558.44152832	13668.9462891
1559.2208252	13696.5351563
1560	13693.7050781
1560.7791748	13755.0146484
1561.55847168	13721.7802734
1562.33764648	13646.2734375
1563.11694336	13729.375
1563.89611816	13660.4296875
1564.67529297	13763.6396484
1565.45458984	13778.4335938
1566.23376465	13719.4267578
1567.01293945	13840.4794922
1567.79223633	13836.6279297
1568.57141113	13740.7646484
1569.35070801	13825.3457031
1570.12988281	13837.7597656
1570.90905762	13805.4658203
1571.68835449	13911.0224609
1572.4675293	13827.2832031
1573.2467041	13823.5351563
1574.02600098	13850.0253906
1574.80517578	13891.0849609
1575.58447266	13901.0849609
1576.36364746	13946.0585938
1577.14282227	13990.1621094
1577.92211914	14023.5576172
1578.70129395	13963.3623047
1579.48046875	13936.5283203
1580.25976563	14045.3525391
1581.03894043	13979.4716797
1581.8182373	14006.1552734
1582.59741211	13971.9980469
1583.37658691	14042.4228516
1584.15588379	14023.5625
1584.93505859	14058.3857422
1585.7142334	14035.5722656
1586.49353027	14047.6054688
1587.27270508	14048.6523438
1588.05200195	14082.7216797
1588.83117676	14109.2255859
1589.61035156	14113.1992188
1590.38964844	14105.4638672
1591.16882324	14188.21875
1591.94799805	14127.1708984
1592.72729492	14177.8964844
1593.50646973	14182.8105469
1594.2857666	14176.6757813
1595.06494141	14164.1005859
1595.84411621	14184.8251953
1596.62341309	14212.4638672
1597.40258789	14243.1923828
1598.1817627	14333.8857422
1598.96105957	14186.2773438
1599.74023438	14181.3564453
1600.51953125	14234.4716797
1601.29870605	14206.9423828
1602.07788086	14287.2714844
1602.85717773	14268.6777344
1603.63635254	14251.6386719
1604.41552734	14254.0039063
1605.19482422	14266.8232422
1605.97399902	14285
1606.7532959	14293.2949219
1607.5324707	14224.9267578
1608.31164551	14215.7626953
1609.09094238	14295.3085938
1609.87011719	14351.4804688
1610.64929199	14285.2412109
1611.42858887	14318.5146484
1612.20776367	14294.1035156
1612.98706055	14342.3339844
1613.76623535	14388.4833984
1614.54541016	14376.0429688
1615.32470703	14388.4179688
1616.10388184	14342.1816406
1616.88305664	14249.6826172
1617.66235352	14284.8046875
1618.44152832	14330.8808594
1619.2208252	14335.5761719
1620	14364.7226563
1620.7791748	14311.4658203
1621.55847168	14286.6914063
1622.33764648	14337.875
1623.11694336	14340.1083984
1623.89611816	14367.7841797
1624.67529297	14308.3710938
1625.45458984	14294.3154297
1626.23376465	14384.2890625
1627.01293945	14314.8955078
1627.79223633	14362.7597656
1628.57141113	14273.90625
1629.35070801	14335.1757813
1630.12988281	14366.1279297
1630.90905762	14356.0722656
1631.68835449	14414.4101563
1632.4675293	14432.8251953
1633.2467041	14408.3232422
1634.02600098	14459.5693359
1634.80517578	14365.359375
1635.58447266	14398.8105469
1636.36364746	14371.1748047
1637.14282227	14431.1650391
1637.92211914	14400.0839844
1638.70129395	14343.4042969
1639.48046875	14393.3349609
1640.25976563	14397.7578125
1641.03894043	14355.3085938
1641.8182373	14374.9082031
1642.59741211	14312.7099609
1643.37658691	14397.9599609
1644.15588379	14358.8183594
1644.93505859	14445.8056641
1645.7142334	14448.7529297
1646.49353027	14421.6582031
1647.27270508	14427.5820313
1648.05200195	14422.0791016
1648.83117676	14388.8681641
1649.61035156	14408.4052734
1650.38964844	14451.6777344
1651.16882324	14549.2236328
1651.94799805	14510.9355469
1652.72729492	14336.8994141
1653.50646973	14407.7871094
1654.2857666	14421.484375
1655.06494141	14397.6748047
1655.84411621	14422.6611328
1656.62341309	14466.8798828
1657.40258789	14486.1162109
1658.1817627	14446.5732422
1658.96105957	14409.4121094
1659.74023438	14471.0703125
1660.51953125	14519.7666016
1661.29870605	14485.3203125
1662.07788086	14466.0791016
1662.85717773	14448.0957031
1663.63635254	14444.3242188
1664.41552734	14464.5654297
1665.19482422	14445.4394531
1665.97399902	14536.9775391
1666.7532959	14570.3125
1667.5324707	14551.9677734
1668.31164551	14480.8300781
1669.09094238	14481.1044922
1669.87011719	14477.6376953
1670.64929199	14565.8017578
1671.42858887	14572.2714844
1672.20776367	14545.3730469
1672.98706055	14591.8564453
1673.76623535	14497.0839844
1674.54541016	14531.4335938
1675.32470703	14571.5019531
1676.10388184	14574.9921875
1676.88305664	14639.1337891
1677.66235352	14569.8310547
1678.44152832	14597.5214844
1679.2208252	14615.7626953
1680	14625.1210938
1680.7791748	14633.5126953
1681.55847168	14611.3720703
1682.33764648	14641.9443359
1683.11694336	14680.3203125
1683.89611816	14702.0537109
1684.67529297	14810.1845703
1685.45458984	14735.2851563
1686.23376465	14704.3212891
1687.01293945	14735.2080078
1687.79223633	14750.1269531
1688.57141113	14753.5683594
1689.35070801	14782.8681641
1690.12988281	14807.8623047
1690.90905762	14735.5400391
1691.68835449	14749.9345703
1692.4675293	14734.1162109
1693.2467041	14856.9023438
1694.02600098	14796.8515625
1694.80517578	14848.6679688
1695.58447266	14829.6445313
1696.36364746	14866.1513672
1697.14282227	14784.7197266
1697.92211914	14844.0498047
1698.70129395	14910.0703125
1699.48046875	14851.5068359
1700.25976563	14986.1337891
1701.03894043	14876.9462891
1701.8182373	14914.9033203
1702.59741211	14933.2792969
1703.37658691	14821.0800781
1704.15588379	14851.9794922
1704.93505859	14902.7744141
1705.7142334	14926.1318359
1706.49353027	14959.3193359
1707.27270508	14918.4785156
1708.05200195	14997.9277344
1708.83117676	14993.5615234
1709.61035156	15019.0107422
1710.38964844	14945.2646484
1711.16882324	14920.3476563
1711.94799805	14973.8134766
1712.72729492	15010.2587891
1713.50646973	14946.6337891
1714.2857666	14951.9414063
1715.06494141	15052.1611328
1715.84411621	14963.2636719
1716.62341309	15000.6679688
1717.40258789	14985.8427734
1718.1817627	15001.1875
1718.96105957	15019.2382813
1719.74023438	14966.9326172
1720.51953125	15058.3691406
1721.29870605	15010.2109375
1722.07788086	15054.5927734
1722.85717773	15099.2460938
1723.63635254	15042.8144531
1724.41552734	15096.6308594
1725.19482422	15050.4521484
1725.97399902	15089.8964844
1726.7532959	15097.7451172
1727.5324707	15065.4287109
1728.31164551	15171.5214844
1729.09094238	15151.3652344
1729.87011719	15115.9785156
1730.64929199	15187.28125
1731.42858887	15131.0332031
1732.20776367	15110.3037109
1732.98706055	15178.8457031
1733.76623535	15163.3134766
1734.54541016	15146.5683594
1735.32470703	15166.5507813
1736.10388184	15259.109375
1736.88305664	15186.3935547
1737.66235352	15118.3779297
1738.44152832	15168.9833984
1739.2208252	15157.4082031
1740	15198.7568359
1740.7791748	15202.4648438
1741.55847168	15246.3261719
1742.33764648	15201.5273438
1743.11694336	15226.8212891
1743.89611816	15197.6611328
1744.67529297	15269.5
1745.45458984	15257
1746.23376465	15293.5488281
1747.01293945	15293.9667969
1747.79223633	15373.5126953
1748.57141113	15331.0839844
1749.35070801	15267.3496094
1750.12988281	15347.7470703
1750.90905762	15311.8681641
1751.68835449	15320.5214844
1752.4675293	15357.3291016
1753.2467041	15357.6269531
1754.02600098	15299.8066406
1754.80517578	15400.8955078
1755.58447266	15339.9824219
1756.36364746	15410.6806641
1757.14282227	15428.5087891
1757.92211914	15334.4873047
1758.70129395	15401.4980469
1759.48046875	15429.4697266
1760.25976563	15454.9042969
1761.03894043	15391.5810547
1761.8182373	15437.3779297
1762.59741211	15362.9248047
1763.37658691	15340.5605469
1764.15588379	15386.3427734
1764.93505859	15354.0009766
1765.7142334	15425.5019531
1766.49353027	15520.4501953
1767.27270508	15457.5283203
1768.05200195	15582.3183594
1768.83117676	15531.5976563
1769.61035156	15532.5283203
1770.38964844	15521.9892578
1771.16882324	15502.015625
1771.94799805	15492.671875
1772.72729492	15455.6708984
1773.50646973	15498.8779297
1774.2857666	15402.7167969
1775.06494141	15581.5820313
1775.84411621	15534.9951172
1776.62341309	15588.515625
1777.40258789	15594.8886719
1778.1817627	15565.8974609
1778.96105957	15573.9599609
1779.74023438	15542.5966797
1780.51953125	15575.7724609
1781.29870605	15601.8056641
1782.07788086	15710.1865234
1782.85717773	15679.6621094
1783.63635254	15611.7138672
1784.41552734	15635.7363281
1785.19482422	15648.2587891
1785.97399902	15725.7587891
1786.7532959	15717.9912109
1787.5324707	15768.4267578
1788.31164551	15756.9082031
1789.09094238	15648.8544922
1789.87011719	15704.9072266
1790.64929199	15686.7216797
1791.42858887	15723.1914063
1792.20776367	15735.9824219
1792.98706055	15738.8417969
1793.76623535	15804.4775391
1794.54541016	15842.8007813
1795.32470703	15871.4511719
1796.10388184	15854.4746094
1796.88305664	15782.8183594
1797.66235352	15820.5712891
1798.44152832	15876.4599609
1799.2208252	15789.7226563
1800	15835.5800781
