100	69.0889053345
100.749916077	49.6165542603
101.499839783	33.6322288513
102.249755859	40.2382621765
102.999671936	50.9418792725
103.749595642	52.7066383362
104.499511719	57.1881332397
105.249427795	78.8821182251
105.999351501	110.590744019
106.749267578	138.571853638
107.499183655	138.966751099
108.249099731	107.16456604
108.999023438	66.566947937
109.748939514	49.3318252563
110.498855591	41.8702201843
111.248779297	39.0229187012
111.998695374	46.4833717346
112.74861145	54.0219154358
113.498535156	41.8115463257
114.248451233	50.7286643982
114.99836731	63.0667228699
115.748291016	64.2046051025
116.498207092	68.4156951904
117.248123169	69.915977478
117.998046875	51.5032272339
118.747962952	45.3726463318
119.497879028	47.9996948242
120.247802734	42.0133209229
120.997718811	44.0059394836
121.747634888	57.570274353
122.497550964	73.1768417358
123.24747467	78.349609375
123.997390747	67.9859008789
124.747306824	52.8283996582
125.49723053	31.0828762054
126.247146606	22.1825180054
126.997062683	37.6114463806
127.746986389	42.3671073914
128.496902466	44.6116485596
129.246826172	46.0052223206
129.996734619	45.7775306702
130.746658325	45.9903640747
131.496582031	44.7252922058
132.246490479	32.6382865906
132.996414185	23.7547473907
133.746337891	19.3099880219
134.496246338	16.4976406097
135.246170044	22.301492691
135.99609375	29.3008861542
136.746002197	16.1241588593
137.495925903	22.9844532013
138.245849609	46.1373977661
138.995758057	56.2475509644
139.745681763	52.7700614929
140.495605469	42.4090881348
141.245513916	32.8418426514
141.995437622	28.5713691711
142.745361328	24.4981002808
143.495269775	21.0676651001
144.245193481	22.0874595642
144.995101929	23.4696464539
145.745025635	21.0851593018
146.494949341	24.3788795471
147.244857788	18.2917079926
147.994781494	11.6071252823
148.7447052	4.54537725449
149.494613647	8.72588920593
150.244537354	22.6600055695
150.99446106	18.4254055023
151.744369507	6.78977060318
152.494293213	10.5419111252
153.244216919	14.5181560516
153.994125366	22.1953430176
154.744049072	30.5189399719
155.493972778	27.128484726
156.243881226	13.7720718384
156.993804932	9.382396698
157.743728638	14.4011220932
158.493637085	8.34797668457
159.243560791	1.85666286945
159.993484497	11.0299606323
160.743392944	0.199150905013
161.49331665	13.5597200394
162.243240356	6.5732884407
162.993148804	7.4570479393
163.74307251	8.12096118927
164.492996216	0.906182408333
165.242904663	3.23424720764
165.992828369	0.00547583308071
166.742752075	5.41934347153
167.492660522	7.89485406876
168.242584229	6.55391550064
168.992507935	6.19082069397
169.742416382	10.8650159836
170.492340088	7.83773708344
171.242263794	11.2028226852
171.992172241	-2.09894967079
172.742095947	-1.85834550858
173.492004395	6.73383378983
174.241928101	4.98502731323
174.991851807	-3.38595581055
175.741760254	10.7035531998
176.49168396	0.974980115891
177.241607666	-5.75324201584
177.991516113	-3.76482248306
178.741439819	3.43630719185
179.491363525	7.39749240875
180.241271973	-13.3945293427
180.991195679	2.13391661644
181.741119385	8.28981971741
182.491027832	5.15639734268
183.240951538	3.84156656265
183.990875244	10.0521564484
184.740783691	8.02870464325
185.490707397	1.39983272552
186.240631104	-0.319203555584
186.990539551	-2.6681406498
187.740463257	-4.03979539871
188.490386963	-3.14339900017
189.24029541	-1.28829550743
189.990219116	6.260887146
190.740142822	1.51308810711
191.49005127	5.76842975616
192.239974976	-0.584334731102
192.989898682	-7.65188169479
193.739807129	2.44012951851
194.489730835	12.9368982315
195.239654541	-0.476260155439
195.989562988	1.19282329082
196.739486694	-1.32050919533
197.4894104	-7.83777856827
198.239318848	-6.69271230698
198.989242554	10.0627384186
199.73916626	1.94033634663
200.489074707	4.14480495453
201.238998413	5.59611797333
201.98890686	-5.0494351387
202.738830566	-9.32088470459
203.488754272	3.70255589485
204.23866272	-1.36629080772
204.988586426	-4.40530395508
205.738510132	-1.40539181232
206.488418579	0.086979649961
207.238342285	-6.3446726799
207.988265991	-10.4910774231
208.738174438	0.886960327625
209.488098145	-2.15354800224
210.238021851	-6.02810192108
210.987930298	-5.19240760803
211.737854004	0.656915426254
212.48777771	3.07887029648
213.237686157	-0.594590723515
213.987609863	0.0080893356353
214.737533569	7.80759239197
215.487442017	0.132071480155
216.237365723	0.113825641572
216.987289429	1.90354800224
217.737197876	0.12963822484
218.487121582	-4.04249238968
219.237045288	-2.68950724602
219.986953735	-3.61017608643
220.736877441	-0.911884367466
221.486801147	-3.4793856144
222.236709595	-3.96356129646
222.986633301	-2.61495542526
223.736557007	-5.33922529221
224.486465454	4.57447147369
225.23638916	1.23444843292
225.986312866	-1.60081398487
226.736221313	0.822633504868
227.48614502	2.35764074326
228.236068726	-1.08409738541
228.985977173	-4.68285131454
229.735900879	-5.60714912415
230.485809326	-3.56788730621
231.235733032	-5.15227985382
231.985656738	2.01489901543
232.735565186	8.47025299072
233.485488892	2.63822507858
234.235412598	-4.39302110672
234.985321045	3.21008300781
235.735244751	17.8120002747
236.485168457	9.71808624268
237.235076904	7.7074971199
237.98500061	6.01993989944
238.734924316	-8.70951843262
239.484832764	13.7146921158
240.23475647	-5.12952709198
240.984680176	3.98180484772
241.734588623	0.023675693199
242.484512329	-1.59733808041
243.234436035	1.56018209457
243.984344482	-4.37756109238
244.734268188	1.09908115864
245.484191895	13.1460971832
246.234100342	6.82505321503
246.984024048	4.69885110855
247.733947754	3.90416193008
248.483856201	1.68516862392
249.233779907	2.63111042976
249.983703613	-3.42056727409
250.733612061	3.94958114624
251.483535767	0.554336369038
252.233459473	-2.50425362587
252.98336792	0.344013720751
253.733291626	1.49439275265
254.483215332	-10.9988136292
255.233123779	-4.23414897919
255.983047485	8.40425205231
256.732971191	9.06731128693
257.482879639	4.78705358505
258.232788086	3.99213266373
258.982727051	7.33552312851
259.732635498	5.79374504089
260.482543945	-3.04440402985
261.23248291	-3.70900917053
261.982391357	4.08011484146
262.732299805	3.8058848381
263.48223877	2.04850625992
264.232147217	5.91346693039
264.982055664	4.49778747559
265.731994629	2.49977779388
266.481903076	6.83785247803
267.231811523	6.17285966873
267.981750488	7.03138685226
268.731658936	1.5504001379
269.481567383	-9.67063808441
270.231506348	-3.36934661865
270.981414795	4.47673892975
271.731323242	6.79929542542
272.481262207	3.30471873283
273.231170654	-0.143064975739
273.981079102	-0.906354546547
274.731018066	2.23519253731
275.480926514	9.34334754944
276.230834961	0.490290552378
276.980773926	-1.23744034767
277.730682373	-5.97514104843
278.48059082	-4.81844758987
279.230529785	-3.76668334007
279.980438232	-6.93672657013
280.73034668	-3.85416030884
281.480285645	-1.35610687733
282.230194092	1.34801077843
282.980102539	5.55548524857
283.730041504	0.962001264095
284.479949951	-0.237704977393
285.229858398	5.72500324249
285.979797363	0.752735137939
286.729705811	6.26645374298
287.479614258	10.3521633148
288.229553223	2.36190462112
288.97946167	1.69442498684
289.729370117	2.87777543068
290.479309082	-0.893641412258
291.229217529	-2.28823280334
291.979125977	6.02379512787
292.729064941	-4.83905267715
293.478973389	-11.9738788605
294.228881836	-6.29103136063
294.978820801	5.99933433533
295.728729248	12.0730047226
296.478637695	4.41301727295
297.22857666	-4.69708395004
297.978485107	2.90267896652
298.728393555	5.37171983719
299.47833252	7.38256025314
300.228240967	3.19443535805
300.978149414	-1.72946834564
301.728057861	1.27803981304
302.477996826	-5.54453992844
303.227905273	-7.12994241714
303.977813721	3.24472284317
304.727752686	3.42435574532
305.477661133	2.60727882385
306.22756958	1.47191894054
306.977508545	-3.90295243263
307.727416992	-3.76186871529
308.477325439	-3.62078523636
309.227264404	1.98218762875
309.977172852	-3.40134119987
310.727081299	1.64249801636
311.477020264	7.49746990204
312.226928711	2.87247061729
312.976837158	3.99885988235
313.726776123	4.35599851608
314.47668457	10.0366325378
315.226593018	7.8219575882
315.976531982	2.88388442993
316.72644043	2.0194747448
317.476348877	1.15471434593
318.226287842	-7.24502134323
318.976196289	1.09089410305
319.726104736	-6.07553243637
320.476043701	-7.11341381073
321.225952148	-3.43644142151
321.975860596	0.642004787922
322.725799561	1.76586687565
323.475708008	-1.47400045395
324.225616455	-8.20244693756
324.97555542	5.13365745544
325.725463867	5.46169185638
326.475372314	0.306342989206
327.225311279	4.58828639984
327.975219727	7.67816114426
328.725128174	-0.157622843981
329.475067139	-3.67369151115
330.224975586	2.94484734535
330.974884033	-0.161322578788
331.724822998	-2.13687133789
332.474731445	-1.34414601326
333.224639893	-1.06670987606
333.974578857	-4.9798579216
334.724487305	-10.796172142
335.474395752	-4.40944480896
336.224334717	0.712983131409
336.974243164	2.62133955956
337.724151611	0.962328612804
338.474090576	-7.1573548317
339.223999023	-6.57201147079
339.973907471	8.02437877655
340.723846436	7.60780525208
341.473754883	-5.68657398224
342.22366333	-3.19682717323
342.973602295	-3.75481152534
343.723510742	1.57718992233
344.473419189	3.55894112587
345.223358154	-1.43268275261
345.973266602	-3.07267379761
346.723175049	3.67651844025
347.473114014	-1.82044625282
348.223022461	1.96314680576
348.972930908	-0.253122866154
349.722869873	-2.85381674767
350.47277832	-1.41803252697
351.222686768	1.80702018738
351.972625732	1.53819739819
352.72253418	1.46231627464
353.472442627	-0.692857205868
354.222381592	-7.48704004288
354.972290039	-11.8310413361
355.722198486	-9.25618076324
356.472137451	-1.27533149719
357.222045898	4.3132314682
357.971954346	-2.68885064125
358.721893311	-5.15316152573
359.471801758	6.06296491623
360.221710205	5.61986541748
360.971618652	3.49527835846
361.721557617	-3.2248916626
362.471466064	-12.4886159897
363.221374512	-9.31437492371
363.971313477	-7.43543958664
364.721221924	0.310952484608
365.471130371	-0.243268817663
366.221069336	3.95942020416
366.970977783	4.50071144104
367.72088623	2.73209643364
368.470825195	1.01598513126
369.220733643	-10.9837703705
369.97064209	-1.49587702751
370.720581055	-2.77876067162
371.470489502	6.78471660614
372.220397949	-2.59179329872
372.970336914	-8.64704608917
373.720245361	-3.34635591507
374.470153809	-2.78943228722
375.220092773	-1.21142268181
375.970001221	-7.16077804565
376.719909668	-3.73733043671
377.469848633	2.21343588829
378.21975708	4.47959566116
378.969665527	4.28784704208
379.719604492	3.8542444706
380.469512939	1.59528839588
381.219421387	-5.04519844055
381.969360352	6.87751483917
382.719268799	-1.33374238014
383.469177246	-7.7253279686
384.219116211	-3.27758264542
384.969024658	0.131689339876
385.718933105	-1.85949027538
386.46887207	3.56224632263
387.218780518	2.17777132988
387.968688965	1.00888025761
388.71862793	-1.85648488998
389.468536377	-9.69871616364
390.218444824	-3.08527350426
390.968383789	2.39745998383
391.718292236	-2.79027557373
392.468200684	7.06852817535
393.218139648	2.84076666832
393.968048096	7.53095293045
394.717956543	7.05197286606
395.467895508	2.57331109047
396.217803955	-2.4474401474
396.967712402	-5.52213096619
397.717651367	-6.69237422943
398.467559814	-6.85827493668
399.217468262	-0.378011286259
399.967407227	2.2165081501
400.717315674	4.76249885559
401.467224121	2.55308055878
402.217163086	2.84620070457
402.967071533	2.3316218853
403.71697998	-0.419460713863
404.466918945	5.64615869522
405.216827393	1.63137364388
405.96673584	0.637683987617
406.716674805	1.72368144989
407.466583252	-1.60160458088
408.216491699	0.447582870722
408.966430664	5.31071805954
409.716339111	4.76234865189
410.466247559	1.46729016304
411.216186523	2.70273971558
411.966094971	0.00997631438076
412.716003418	2.55078673363
413.465942383	3.31856226921
414.21585083	8.04342365265
414.965759277	9.59469413757
415.715698242	5.58352375031
416.465606689	7.70841789246
417.215515137	-3.30394864082
417.965423584	6.71740674973
418.715362549	8.5010061264
419.465270996	2.81854200363
420.215179443	6.27494096756
420.965118408	5.89373683929
421.715026855	-2.82994842529
422.464935303	2.01657176018
423.214874268	9.98651885986
423.964782715	3.55210924149
424.714691162	16.9474430084
425.464630127	9.91789245605
426.214538574	-0.218481943011
426.964447021	4.22888374329
427.714385986	14.0876550674
428.464294434	8.19268226624
429.214202881	0.102571949363
429.964141846	16.0729999542
430.714050293	7.80068397522
431.46395874	-1.87207508087
432.213897705	1.35156428814
432.963806152	8.556391716
433.7137146	6.30760526657
434.463653564	0.24865193665
435.213562012	15.5408430099
435.963470459	11.5020942688
436.713409424	9.59020519257
437.463317871	11.219203949
438.213226318	3.05631709099
438.963165283	-3.06104707718
439.71307373	2.57326936722
440.462982178	12.3979997635
441.212921143	10.1342277527
441.96282959	5.52805042267
442.712738037	8.53117179871
443.462677002	5.93546724319
444.212585449	6.47179174423
444.962493896	13.3131694794
445.712432861	17.038526535
446.462341309	12.6941890717
447.212249756	10.1177434921
447.962188721	20.8768215179
448.712097168	13.509604454
449.462005615	13.7704687119
450.21194458	8.76241111755
450.961853027	10.9316778183
451.711761475	13.6093444824
452.461700439	9.64273738861
453.211608887	5.76480817795
453.961517334	14.2057733536
454.711456299	10.1584692001
455.461364746	12.9164810181
456.211273193	7.70857334137
456.961212158	5.09738922119
457.711120605	11.0242547989
458.461029053	13.9851474762
459.210968018	8.74786472321
459.960876465	5.74674367905
460.710784912	5.6765537262
461.460723877	12.0095758438
462.210632324	5.7424030304
462.960540771	5.15078258514
463.710479736	4.84388113022
464.460388184	7.80501794815
465.210296631	7.30355405807
465.960235596	-0.730428516865
466.710144043	-2.73703479767
467.46005249	-6.76596450806
468.209991455	7.50424432755
468.959899902	7.56588315964
469.70980835	5.38206148148
470.459747314	3.50416111946
471.209655762	-1.37993228436
471.959564209	1.44026660919
472.709503174	14.9202461243
473.459411621	0.228497222066
474.209320068	3.46993780136
474.959228516	-4.2392745018
475.70916748	1.28667187691
476.459075928	9.07681083679
477.208984375	9.24601364136
477.95892334	4.64090824127
478.708831787	-2.36634922028
479.458740234	-10.507601738
480.208679199	2.30243873596
480.958587646	8.4914932251
481.708496094	3.25893187523
482.458435059	2.6298930645
483.208343506	2.22433543205
483.958251953	-2.22570943832
484.708190918	0.0318333283067
485.458099365	5.51902151108
486.208007813	-8.41307163239
486.957946777	-3.55981016159
487.707855225	1.08122479916
488.457763672	-0.969940066338
489.207702637	-2.42550158501
489.957611084	-2.37915492058
490.707519531	-2.08467769623
491.457458496	-0.567865252495
492.207366943	-2.27309799194
492.957275391	-14.4444484711
493.707214355	-6.75209140778
494.457122803	-1.21976017952
495.20703125	-7.67405462265
495.956970215	-6.18431091309
496.706878662	-2.70130395889
497.456787109	0.974917829037
498.206726074	-1.53539979458
498.956634521	-10.2182636261
499.706542969	-7.35775327682
500.456481934	0.303285032511
501.206390381	-7.04218387604
501.956298828	-10.2187604904
502.706237793	-9.2989025116
503.45614624	-4.87199401855
504.206054688	-4.91419410706
504.955993652	-8.14159870148
505.7059021	-9.43720912933
506.455810547	-11.5624933243
507.205749512	0.41565310955
507.955657959	-4.93498086929
508.705566406	-5.27130937576
509.455505371	-5.93243741989
510.205413818	-7.42107152939
510.955322266	-7.79711866379
511.70526123	-6.6492562294
512.45513916	-4.72592544556
513.205078125	-1.99098098278
513.95501709	-0.290521323681
514.70489502	-5.43512248993
515.454833984	-11.5906047821
516.204772949	-12.7066202164
516.954650879	-9.64388465881
517.704589844	-5.08211994171
518.454528809	-5.59398651123
519.204406738	-10.6296329498
519.954345703	-11.4699363708
520.704284668	-15.7413625717
521.454162598	-4.37744188309
522.204101563	-3.13073301315
522.954040527	-5.7820649147
523.703918457	-7.57820129395
524.453857422	-5.72575616837
525.203796387	-5.01964330673
525.953674316	-6.94180965424
526.703613281	-7.53898048401
527.453552246	-11.3983888626
528.203430176	-11.6378231049
528.953369141	-6.84517765045
529.703308105	-6.75107955933
530.453186035	-16.3738079071
531.203125	-11.3475875854
531.953063965	-3.92216777802
532.702941895	-6.62584352493
533.452880859	-11.515868187
534.202819824	-12.4881000519
534.952697754	-2.09189963341
535.702636719	-4.3428940773
536.452575684	-14.6899271011
537.202453613	-11.4566755295
537.952392578	-5.51543235779
538.702331543	-6.07798051834
539.452209473	-3.69165992737
540.202148438	3.22104930878
540.952087402	0.19315354526
541.701965332	4.19859933853
542.451904297	-9.68368911743
543.201843262	-9.56935787201
543.951721191	2.99503278732
544.701660156	0.476391464472
545.451599121	-8.90847587585
546.201477051	-11.7853088379
546.951416016	-10.6494169235
547.70135498	-10.855465889
548.45123291	-2.1406390667
549.201171875	2.22105240822
549.95111084	-4.06209993362
550.70098877	-7.08403587341
551.450927734	-8.53680515289
552.200866699	-14.0987892151
552.950744629	-7.27783679962
553.700683594	-3.50539398193
554.450622559	-9.45739269257
555.200500488	-2.52298402786
555.950439453	-2.71649098396
556.700378418	-2.50865364075
557.450256348	-10.5188331604
558.200195313	-5.6516327858
558.950134277	-3.03051877022
559.700012207	-2.13593554497
560.449951172	-4.46246862411
561.199890137	-6.13123369217
561.949768066	-3.98228645325
562.699707031	-2.78031611443
563.449645996	0.128723502159
564.199523926	-15.5792398453
564.949462891	-10.9919624329
565.699401855	1.83861660957
566.449279785	-3.23632073402
567.19921875	-6.33162975311
567.949157715	-5.478307724
568.699035645	-3.07246351242
569.448974609	0.559339225292
570.198913574	-2.83583569527
570.948791504	-3.21445345879
571.698730469	-5.70462942123
572.448669434	-2.42776894569
573.198547363	6.81208992004
573.948486328	1.9550164938
574.698425293	-4.3503909111
575.448303223	-6.9504365921
576.198242188	-5.815574646
576.948181152	-3.83196520805
577.698059082	-7.82253646851
578.447998047	0.65868473053
579.197937012	-9.93733406067
579.947814941	-1.54638230801
580.697753906	-4.54671287537
581.447692871	-4.89384555817
582.197570801	2.35739660263
582.947509766	-0.757367491722
583.69744873	-10.2133483887
584.44732666	-7.81531667709
585.197265625	-3.56448030472
585.94720459	-0.860289990902
586.69708252	-4.25577640533
587.447021484	5.95203065872
588.196960449	2.39573812485
588.946838379	-3.37090301514
589.696777344	-6.74641704559
590.446716309	-11.2593212128
591.196594238	-8.82084560394
591.946533203	-0.705064892769
592.696472168	-8.18111133575
593.446350098	-9.80959129333
594.196289063	-7.12015676498
594.946228027	-2.21064400673
595.696105957	-4.74692296982
596.446044922	-1.991127491
597.195983887	-0.230151474476
597.945861816	-4.36627674103
598.695800781	-8.46084594727
599.445739746	-6.12649011612
600.195617676	-3.09321975708
600.945556641	-8.96843624115
601.695495605	-4.8992934227
602.445373535	0.0496872439981
603.1953125	-0.945127487183
603.945251465	6.87798213959
604.695129395	0.0519463270903
605.445068359	-1.26481354237
606.195007324	-2.69371032715
606.944885254	-7.27681875229
607.694824219	-3.78198647499
608.444763184	-5.37560176849
609.194641113	1.62715852261
609.944580078	1.83741426468
610.694519043	3.56226491928
611.444396973	5.74266052246
612.194335938	1.05101513863
612.944274902	-6.71507787704
613.694152832	-5.72698116302
614.444091797	1.6063901186
615.194030762	0.600932359695
615.943908691	-8.02594566345
616.693847656	0.451315790415
617.443786621	-1.54160678387
618.193664551	-0.198033720255
618.943603516	6.73755598068
619.693481445	-3.0723130703
620.44342041	-3.43933534622
621.193359375	-0.161277234554
621.943237305	-1.77979362011
622.69317627	-5.10884475708
623.443115234	-2.41519021988
624.192993164	4.29138946533
624.942932129	-2.30895519257
625.692871094	2.21090149879
626.442749023	10.3228311539
627.192687988	-0.451761364937
627.942626953	-2.04344654083
628.692504883	-0.161299183965
629.442443848	2.12854647636
630.192382813	-0.400036007166
630.942260742	-2.86691069603
631.692199707	2.2559504509
632.442138672	2.55527186394
633.192016602	-0.85633546114
633.941955566	9.57025146484
634.691894531	3.6152472496
635.441772461	-6.92519760132
636.191711426	-0.144682735205
636.941650391	5.60354471207
637.69152832	5.83717060089
638.441467285	-2.66221427917
639.19140625	-4.01056003571
639.94128418	7.21648931503
640.691223145	-10.5406084061
641.441162109	-11.8703918457
642.191040039	4.01916360855
642.940979004	-6.48018312454
643.690917969	-4.88751888275
644.440795898	-6.09199571609
645.190734863	2.20692873001
645.940673828	8.74628639221
646.690551758	8.23883056641
647.440490723	7.32578039169
648.190429688	6.5009560585
648.940307617	-0.463339865208
649.690246582	-2.13290596008
650.440185547	4.91835308075
651.190063477	8.35116004944
651.940002441	8.6922750473
652.689941406	13.035068512
653.439819336	5.15387010574
654.189758301	5.72962188721
654.939697266	6.62305355072
655.689575195	4.23253822327
656.43951416	7.86438846588
657.189453125	5.845703125
657.939331055	-0.472752183676
658.68927002	-0.147710338235
659.439208984	0.623048365116
660.189086914	4.13844013214
660.939025879	-0.459812313318
661.688964844	0.278040796518
662.438842773	-0.526964068413
663.188781738	-0.778750240803
663.938720703	-0.278926581144
664.688598633	-2.2765583992
665.438537598	-2.07624197006
666.188476563	4.84561681747
666.938354492	1.58258140087
667.688293457	2.35414123535
668.438232422	3.57162380219
669.188110352	-0.434476643801
669.938049316	2.76558041573
670.687988281	2.25026726723
671.437866211	1.05295908451
672.187805176	-1.05185449123
672.937744141	-1.17709946632
673.68762207	2.88491535187
674.437561035	1.46538925171
675.1875	-5.10342884064
675.93737793	-5.18139028549
676.687316895	7.70918035507
677.437255859	2.44363832474
678.187133789	2.36193823814
678.937072754	0.933974027634
679.687011719	-0.354150950909
680.436889648	2.76446628571
681.186828613	2.06812286377
681.936767578	-2.37579417229
682.686645508	-0.0702263116837
683.436584473	2.10849905014
684.186523438	-6.77476453781
684.936401367	-7.25260591507
685.686340332	-11.972287178
686.436279297	-1.51634037495
687.186157227	5.39085865021
687.936096191	1.63734829426
688.686035156	0.660311937332
689.435913086	0.0737137421966
690.185852051	-1.16574335098
690.935791016	-1.56038987637
691.685668945	-1.91996777058
692.43560791	-0.728692173958
693.185546875	-4.465883255
693.935424805	-10.5539464951
694.68536377	-0.131965383887
695.435302734	25.971572876
696.185180664	7.99524927139
696.935119629	33.6354598999
697.685058594	-1.4336540699
698.434936523	1.12002170086
699.184875488	-3.7858247757
699.934814453	-2.27498435974
700.684692383	-3.19012713432
701.434631348	2.19630074501
702.184570313	-1.39948713779
702.934448242	1.66013205051
703.684387207	-4.22927331924
704.434326172	2.50153803825
705.184204102	-7.59704589844
705.934143066	-3.31560611725
706.684082031	-0.759782671928
707.433959961	-4.41670084
708.183898926	-9.94705963135
708.933837891	-8.10615539551
709.68371582	-1.23923993111
710.433654785	-2.5091612339
711.18359375	-5.11202907562
711.93347168	-4.94092178345
712.683410645	-1.64902961254
713.433349609	-2.48146605492
714.183227539	-0.567476809025
714.933166504	0.252087116241
715.683105469	-5.90790987015
716.432983398	-7.33184909821
717.182922363	3.85029387474
717.932861328	0.0996522456408
718.682739258	-10.873046875
719.432678223	-3.46837687492
720.182617188	-6.31104421616
720.932495117	-11.799123764
721.682434082	0.065041154623
722.432373047	2.45690131187
723.182250977	-1.2473269701
723.932189941	1.11696815491
724.682128906	-4.22257137299
725.432006836	4.41933822632
726.181945801	6.72601652145
726.931884766	3.7506737709
727.681762695	-3.61525201797
728.43170166	-4.52165555954
729.181640625	4.94667434692
729.931518555	-4.08950901031
730.68145752	-6.37484931946
731.431396484	-3.73832988739
732.181274414	-4.5738825798
732.931213379	4.74109601974
733.681091309	-9.25504779816
734.431030273	-4.05842447281
735.180969238	-5.96401882172
735.930847168	-3.20498275757
736.680786133	3.0671339035
737.430725098	3.98907661438
738.180603027	2.14713788033
738.930541992	2.63246583939
739.680480957	-0.770275592804
740.430358887	-11.0089120865
741.180297852	-3.02561402321
741.930236816	-2.93622899055
742.680114746	2.91172790527
743.430053711	-3.49683451653
744.179992676	-2.73591017723
744.929870605	0.192849546671
745.67980957	-3.72895765305
746.429748535	-7.61121416092
747.179626465	-5.57960987091
747.92956543	-2.57203507423
748.679504395	-2.2224187851
749.429382324	-0.402683138847
750.179321289	2.29704594612
750.929260254	2.54776978493
751.679138184	3.69473791122
752.429077148	-3.8616900444
753.179016113	2.1199452877
753.928894043	-1.28204452991
754.678833008	8.21925163269
755.428771973	1.22356128693
756.178649902	6.59357452393
756.928588867	8.2293920517
757.678527832	4.77100229263
758.428405762	4.32719564438
759.178344727	-2.22878956795
759.928283691	-7.15290880203
760.678161621	-3.13592243195
761.428100586	2.46201515198
762.178039551	3.17817020416
762.92791748	0.484585106373
763.677856445	-0.243130326271
764.42779541	-1.45293951035
765.17767334	-1.10608136654
765.927612305	3.82365107536
766.67755127	1.09676730633
767.427429199	-2.90519046783
768.177368164	-4.53122901917
768.927307129	0.116994075477
769.677185059	6.58519029617
770.427124023	-1.93091630936
771.177062988	-1.41699361801
771.926940918	10.5517520905
772.676879883	4.80931949615
773.426818848	-1.37091839314
774.176696777	-2.01547718048
774.926635742	4.35351753235
775.676574707	-0.501860380173
776.426452637	-5.60936307907
777.176391602	-1.46846437454
777.926330566	7.94512414932
778.676208496	5.54762840271
779.426147461	-1.38093101978
780.176086426	4.40994644165
780.925964355	10.0715169907
781.67590332	3.95532059669
782.425842285	-1.01042425632
783.175720215	-9.83463191986
783.92565918	4.24134016037
784.675598145	-6.15828847885
785.425476074	3.08128547668
786.175415039	-12.0432043076
786.925354004	-1.59312427044
787.675231934	8.06472301483
788.425170898	6.93516016006
789.175109863	2.80675649643
789.924987793	-1.83013474941
790.674926758	-4.65514039993
791.424865723	0.294527798891
792.174743652	7.49419975281
792.924682617	4.74415302277
793.674621582	6.40504074097
794.424499512	0.171119078994
795.174438477	10.7647609711
795.924377441	3.74692296982
796.674255371	6.97567796707
797.424194336	6.18434143066
798.174133301	6.02011013031
798.92401123	8.30243873596
799.673950195	3.66063809395
800.42388916	0.265556573868
801.17376709	3.79683256149
801.923706055	6.2294793129
802.67364502	3.91168355942
803.423522949	2.09238886833
804.173461914	0.539775729179
804.923400879	-3.0952501297
805.673278809	-12.214838028
806.423217773	3.09927868843
807.173156738	5.527821064
807.923034668	-0.523636341095
808.672973633	4.67385721207
809.422912598	10.29728508
810.172790527	6.71756839752
810.922729492	0.0973128899932
811.672668457	-1.40831851959
812.422546387	3.59611725807
813.172485352	8.87770175934
813.922424316	6.22663927078
814.672302246	0.29577216506
815.422241211	2.38869738579
816.172180176	-0.24777816236
816.922058105	0.638493478298
817.67199707	8.93501663208
818.421936035	8.08932781219
819.171813965	7.47488260269
819.92175293	3.65170049667
820.671691895	5.28498506546
821.421569824	-3.38805413246
822.171508789	3.495398283
822.921447754	10.1467494965
823.671325684	8.62609958649
824.421264648	3.41830468178
825.171203613	8.49436855316
825.921081543	16.83477211
826.671020508	11.7142114639
827.420959473	10.8890619278
828.170837402	5.89072036743
828.920776367	8.57747173309
829.670715332	7.03654670715
830.420593262	16.9929790497
831.170532227	-2.93452811241
831.920471191	-0.331333845854
832.670349121	1.34723520279
833.420288086	6.0034995079
834.170227051	9.59517383575
834.92010498	7.60357666016
835.670043945	7.81394863129
836.41998291	3.01249504089
837.16986084	-2.29530978203
837.919799805	2.70973992348
838.66973877	7.15582990646
839.419616699	2.78045892715
840.169555664	1.00549471378
840.919494629	-2.62374806404
841.669372559	7.60982894897
842.419311523	13.4700269699
843.169250488	5.80140113831
843.919128418	2.96527600288
844.669067383	-3.65652036667
845.419006348	12.1174497604
846.168884277	6.74427652359
846.918823242	4.28976202011
847.668701172	4.37874698639
848.418640137	10.8699111938
849.168579102	11.6319036484
849.918457031	2.46037507057
850.668395996	0.0120557658374
851.418334961	3.0981297493
852.168212891	1.1789509058
852.918151855	6.09592676163
853.66809082	0.948327839375
854.41796875	16.9001522064
855.167907715	17.0415687561
855.91784668	3.47386479378
856.667724609	15.374753952
857.417663574	16.3845348358
858.167602539	-0.13031335175
858.917480469	8.04802703857
859.667419434	16.8378810883
860.417358398	18.7059230804
861.167236328	6.30986118317
861.917175293	8.00149536133
862.667114258	6.76295423508
863.416992188	1.1961312294
864.166931152	1.30962514877
864.916870117	-2.83063435555
865.666748047	1.7764929533
866.416687012	0.115603365004
867.166625977	3.01231575012
867.916503906	-6.43889141083
868.666442871	-7.44412565231
869.416381836	-3.58171534538
870.166259766	-3.48784780502
870.91619873	-2.05329346657
871.666137695	-6.20649290085
872.416015625	-2.24006652832
873.16595459	7.74201869965
873.915893555	1.79553043842
874.665771484	-0.647894620895
875.415710449	-0.815314888954
876.165649414	3.34429121017
876.915527344	3.25003314018
877.665466309	-3.40580582619
878.415405273	-5.07433986664
879.165283203	-2.89612197876
879.915222168	0.551661550999
880.665161133	-1.46536815166
881.415039063	-1.20986425877
882.164978027	-2.49441099167
882.914916992	1.23289823532
883.664794922	6.12406778336
884.414733887	6.52653312683
885.164672852	-4.8704252243
885.914550781	-5.86823272705
886.664489746	-5.44017887115
887.414428711	-1.98844313622
888.164306641	0.0797132924199
888.914245605	-0.570693492889
889.66418457	0.0597225241363
890.4140625	-4.33623218536
891.164001465	-5.04079246521
891.91394043	-6.12189388275
892.663818359	-3.56936240196
893.413757324	-3.94068598747
894.163696289	-0.31649556756
894.913574219	-5.38200616837
895.663513184	-2.81335783005
896.413452148	1.12597250938
897.163330078	-2.28821659088
897.913269043	3.40169334412
898.663208008	6.38979053497
899.413085938	0.593704462051
900.163024902	-1.88412535191
900.912963867	1.12714993954
901.662841797	-6.74849557877
902.412780762	-4.10878705978
903.162719727	-0.0857012048364
903.912597656	-6.39355182648
904.662536621	-6.23376274109
905.412475586	-1.03097426891
906.162353516	-6.14641141891
906.91229248	-7.39366579056
907.662231445	-7.58885717392
908.412109375	-4.8629860878
909.16204834	-0.682185411453
909.911987305	-1.39075863361
910.661865234	-0.725327432156
911.411804199	2.81216263771
912.161743164	-2.17323565483
912.911621094	-6.5143198967
913.661560059	-4.64101457596
914.411499023	4.29367685318
915.161376953	-2.03742814064
915.911315918	-3.60876393318
916.661254883	1.50953674316
917.411132813	-1.66414344311
918.161071777	-5.19640159607
918.911010742	-3.70979952812
919.660888672	-6.45353269577
920.410827637	-7.46352815628
921.160766602	-3.44257855415
921.910644531	-1.69680988789
922.660583496	-1.0012845993
923.410522461	0.273876219988
924.160400391	-9.2572259903
924.910339355	-5.97959280014
925.66027832	-6.40746545792
926.41015625	-3.33088636398
927.160095215	0.663177192211
927.91003418	2.37977480888
928.659912109	-1.23091697693
929.409851074	-1.47865962982
930.159790039	2.96123504639
930.909667969	4.53317594528
931.659606934	-3.26124334335
932.409545898	-2.83645486832
933.159423828	-4.72035551071
933.909362793	-2.41331887245
934.659301758	1.21909606457
935.409179688	-2.85499000549
936.159118652	-5.447016716
936.909057617	-3.93081259727
937.658935547	-0.0226598791778
938.408874512	-3.51129293442
939.158813477	-7.17863702774
939.908691406	0.0255363043398
940.658630371	-3.25580620766
941.408569336	-6.49852848053
942.158447266	-5.37685966492
942.90838623	-8.28091335297
943.658325195	-8.34190368652
944.408203125	-3.29576539993
945.15814209	-10.3109025955
945.908081055	-0.978430151939
946.657958984	-0.843653857708
947.407897949	-6.07676315308
948.157836914	-1.60688495636
948.907714844	-3.59947371483
949.657653809	-4.49080133438
950.407592773	-0.948123574257
951.157470703	-4.16539812088
951.907409668	-6.76343679428
952.657348633	-8.10857582092
953.407226563	-5.87940883636
954.157165527	-2.11090612411
954.907104492	-2.91490960121
955.656982422	-1.44411730766
956.406921387	1.16642987728
957.156860352	-6.48632860184
957.906738281	-0.131579399109
958.656677246	-12.9435024261
959.406616211	0.054908066988
960.156494141	-25.0684318542
960.906433105	-4.0774974823
961.65637207	-6.67033481598
962.40625	-9.77493572235
963.156188965	-7.42781686783
963.906066895	-6.95412540436
964.656005859	-4.85752439499
965.405944824	-6.81188821793
966.155822754	-5.68223667145
966.905761719	-3.56842422485
967.655700684	-8.6299200058
968.405578613	-8.77286624908
969.155517578	-2.65514779091
969.905456543	-15.8339986801
970.655334473	-19.5877094269
971.405273438	-17.5373268127
972.155212402	-12.8356695175
972.905090332	-10.3993930817
973.655029297	-17.1138114929
974.404968262	-10.3741912842
975.154846191	-2.28492927551
975.904785156	-8.2410326004
976.654724121	-8.66248321533
977.404602051	-10.1830234528
978.154541016	-15.7830476761
978.90447998	-13.9270172119
979.65435791	-9.45718669891
980.404296875	-9.9187669754
981.15423584	-8.59192657471
981.90411377	-3.14101672173
982.654052734	1.83832001686
983.403991699	-8.33866977692
984.153869629	-8.06360149384
984.903808594	-4.71780967712
985.653747559	-12.8675317764
986.403625488	-4.12807798386
987.153564453	-8.33286857605
987.903503418	-3.72354221344
988.653381348	-8.4287147522
989.403320313	-5.95154428482
990.153259277	-3.96659207344
990.903137207	-5.91437911987
991.653076172	-2.40841555595
992.403015137	-2.1730055809
993.152893066	-9.43434524536
993.902832031	-9.50513362885
994.652770996	-5.34945106506
995.402648926	-9.26552963257
996.152587891	-7.92333889008
996.902526855	-15.2471027374
997.652404785	-8.82513904572
998.40234375	-0.587821364403
999.152282715	-6.15522241592
999.902160645	-11.0500307083
1000.65209961	-3.69607520103
1001.40203857	-0.912249088287
1002.1519165	3.44776439667
1002.90185547	4.00466156006
1003.65179443	-2.19231677055
1004.40167236	-7.77544927597
1005.15161133	-13.7099304199
1005.90155029	-9.90187358856
1006.65142822	-2.14554357529
1007.40136719	-7.72783708572
1008.15130615	-11.9738874435
1008.90118408	-5.43949699402
1009.65112305	-9.35202121735
1010.40106201	-4.01254606247
1011.15093994	-0.482702255249
1011.90087891	-4.20917606354
1012.65081787	-8.61312484741
1013.4006958	-2.92863297462
1014.15063477	-8.22242832184
1014.90057373	-4.70445632935
1015.65045166	10.8595819473
1016.40039063	4.9013428688
1017.15032959	-8.0924949646
1017.90020752	-5.35107278824
1018.65014648	-2.88614034653
1019.40008545	-0.169514134526
1020.14996338	-1.54561519623
1020.89990234	-3.79644179344
1021.64984131	2.27539372444
1022.39971924	5.49594211578
1023.1496582	10.945142746
1023.89959717	9.92783641815
1024.64953613	2.72940850258
1025.39941406	16.1537227631
1026.14929199	9.00429058075
1026.89929199	3.66134643555
1027.64916992	8.50062274933
1028.39904785	10.6431684494
1029.14904785	0.529105842113
1029.89892578	8.47280979156
1030.64880371	8.04378509521
1031.39880371	6.3209605217
1032.14868164	14.2038249969
1032.89855957	3.94788122177
1033.64855957	-0.35972109437
1034.3984375	7.06148910522
1035.14831543	10.7637968063
1035.89831543	11.9837827682
1036.64819336	8.36231422424
1037.39807129	2.40150547028
1038.14807129	3.34872508049
1038.89794922	-1.31995415688
1039.64782715	3.65154910088
1040.39782715	5.81667947769
1041.14770508	11.9322719574
1041.89758301	6.92727327347
1042.64758301	10.6474723816
1043.39746094	-5.20620393753
1044.14733887	8.0190372467
1044.89733887	8.08701515198
1045.6472168	10.5574350357
1046.39709473	-4.91193389893
1047.14709473	-0.676948726177
1047.89697266	4.04218959808
1048.64685059	0.662023484707
1049.39685059	-1.64928662777
1050.14672852	3.66335749626
1050.89660645	7.49618864059
1051.64660645	1.7746309042
1052.39648438	-2.44998693466
1053.1463623	4.12965536118
1053.8963623	14.9130563736
1054.64624023	6.8137588501
1055.39611816	-4.58235216141
1056.14611816	-6.24739170074
1056.89599609	-5.47771644592
1057.64587402	-6.25773906708
1058.39587402	-6.09694194794
1059.14575195	18.0352058411
1059.89562988	1.38415038586
1060.64562988	-8.38429737091
1061.39550781	8.17074775696
1062.14538574	14.5051355362
1062.89538574	1.39061772823
1063.64526367	1.87104737759
1064.3951416	-2.42173147202
1065.1451416	-0.672876238823
1065.89501953	1.54749786854
1066.64489746	-4.61329269409
1067.39489746	-5.81715011597
1068.14477539	-4.59264087677
1068.89465332	-5.47825431824
1069.64465332	-2.93614029884
1070.39453125	-5.65882015228
1071.14440918	2.86192297935
1071.89440918	4.33245801926
1072.64428711	2.15621042252
1073.39416504	2.74230718613
1074.14416504	-8.59251689911
1074.89404297	-13.2193107605
1075.6439209	3.64161252975
1076.3939209	5.47152233124
1077.14379883	0.782487988472
1077.89367676	-9.65790462494
1078.64367676	1.41524589062
1079.39355469	0.532028079033
1080.14343262	-3.71025943756
1080.89343262	-6.33115530014
1081.64331055	-1.17558503151
1082.39318848	-1.48601841927
1083.14318848	-8.0917930603
1083.89306641	-10.3472948074
1084.64294434	-12.0034914017
1085.39294434	-7.67146110535
1086.14282227	4.97492361069
1086.8927002	4.97335863113
1087.6427002	-2.3253326416
1088.39257813	-9.24987125397
1089.14245605	2.75073051453
1089.89245605	3.37931609154
1090.64233398	-10.217921257
1091.39221191	-8.19836807251
1092.14221191	5.59119749069
1092.89208984	-0.711087584496
1093.64196777	-0.65689688921
1094.39196777	3.80506253242
1095.1418457	9.60220336914
1095.89172363	1.9500041008
1096.64172363	-2.09194254875
1097.39160156	7.29598808289
1098.14147949	10.3154497147
1098.89147949	9.26382923126
1099.64135742	8.48468112946
1100.39123535	2.59772968292
1101.14123535	1.19229257107
1101.89111328	-3.51603960991
1102.64099121	-11.4135503769
1103.39099121	-5.51603889465
1104.14086914	2.21367812157
1104.89074707	0.605932056904
1105.64074707	3.45022034645
1106.390625	3.36234116554
1107.14050293	3.90672516823
1107.89050293	10.0249090195
1108.64038086	6.56093072891
1109.39025879	3.41415286064
1110.14025879	-1.94492793083
1110.89013672	-9.20831394196
1111.64001465	7.59809398651
1112.39001465	4.97271680832
1113.13989258	7.51621580124
1113.88977051	10.6369857788
1114.63977051	-8.2755317688
1115.38964844	9.65410614014
1116.13952637	0.939823269844
1116.88952637	3.59481096268
1117.6394043	13.1211595535
1118.38928223	7.89616441727
1119.13928223	13.3393907547
1119.88916016	15.6325540543
1120.63903809	8.44396686554
1121.38903809	-1.37281656265
1122.13891602	4.67895269394
1122.88879395	19.2237033844
1123.63879395	24.5836467743
1124.38867188	24.5311069489
1125.1385498	15.9439296722
1125.8885498	7.04041528702
1126.63842773	8.44869041443
1127.38830566	4.53769159317
1128.13830566	16.1490077972
1128.88818359	18.8193073273
1129.63806152	14.6879415512
1130.38806152	12.149020195
1131.13793945	14.0515890121
1131.88781738	19.5761070251
1132.63781738	11.9640655518
1133.38769531	21.4190940857
1134.13757324	36.3154067993
1134.88757324	38.9476890564
1135.63745117	28.3001174927
1136.3873291	25.6372871399
1137.13720703	38.3124084473
1137.88720703	40.6247749329
1138.63708496	26.5637207031
1139.38696289	28.3031425476
1140.13696289	30.2745685577
1140.88684082	33.8257865906
1141.63671875	40.5070724487
1142.38671875	42.6292228699
1143.13659668	45.9034957886
1143.88647461	40.3950843811
1144.63647461	39.7165184021
1145.38635254	41.8962478638
1146.13623047	26.0028247833
1146.88623047	27.3179988861
1147.6361084	41.5876960754
1148.38598633	28.1578960419
1149.13598633	29.2250556946
1149.88586426	32.4476318359
1150.63574219	32.8989982605
1151.38574219	34.1070556641
1152.13562012	36.7530326843
1152.88549805	44.0492172241
1153.63549805	57.1027030945
1154.38537598	48.4037704468
1155.13525391	63.3521461487
1155.88525391	40.4862289429
1156.63513184	52.6116981506
1157.38500977	39.7884979248
1158.13500977	47.6594276428
1158.8848877	59.8156585693
1159.63476563	55.4672813416
1160.38476563	54.5493927002
1161.13464355	59.0695457458
1161.88452148	50.5421829224
1162.63452148	51.9275779724
1163.38439941	49.2552871704
1164.13427734	57.4565620422
1164.88427734	56.5023612976
1165.63415527	53.5593795776
1166.3840332	52.4611244202
1167.1340332	51.5720748901
1167.88391113	44.4978675842
1168.63378906	50.239364624
1169.38378906	53.855014801
1170.13366699	59.6268768311
1170.88354492	58.3224754333
1171.63354492	54.3350067139
1172.38342285	58.581905365
1173.13330078	49.1024856567
1173.88330078	57.5965538025
1174.63317871	55.9207839966
1175.38305664	70.2840499878
1176.13305664	68.3717727661
1176.88293457	67.3218612671
1177.6328125	62.2181091309
1178.3828125	55.2562141418
1179.13269043	49.466583252
1179.88256836	38.1403923035
1180.63256836	59.4884338379
1181.38244629	68.9175262451
1182.13232422	46.0894088745
1182.88232422	54.1558647156
1183.63220215	62.0866622925
1184.38208008	82.3545913696
1185.13208008	66.4508285522
1185.88195801	60.8800430298
1186.63183594	65.0823822021
1187.38183594	63.3766860962
1188.13171387	80.6942596436
1188.8815918	60.1036987305
1189.6315918	75.8557891846
1190.38146973	68.9346008301
1191.13134766	62.1266288757
1191.88134766	55.8644714355
1192.63122559	60.6488456726
1193.38110352	67.9877548218
1194.13110352	63.1331291199
1194.88098145	62.5384140015
1195.63085938	60.4744300842
1196.38085938	60.8988265991
1197.1307373	62.4627418518
1197.88061523	57.7418365479
1198.63061523	53.2738685608
1199.38049316	50.8333892822
1200.13037109	58.5071983337
1200.88037109	60.631149292
1201.63024902	61.2552757263
1202.38012695	77.0278396606
1203.13012695	70.408782959
1203.88000488	61.5716362
1204.62988281	77.9078903198
1205.37988281	88.2868118286
1206.12976074	95.0587081909
1206.87963867	86.2167358398
1207.62963867	67.0740585327
1208.3795166	62.6817359924
1209.12939453	72.7214508057
1209.87939453	99.8470153809
1210.62927246	75.1021881104
1211.37915039	74.3884506226
1212.12915039	72.9337005615
1212.87902832	87.5127182007
1213.62890625	78.7577285767
1214.37890625	81.7243652344
1215.12878418	86.3805923462
1215.87866211	75.6032028198
1216.62866211	88.3400344849
1217.37854004	70.9566574097
1218.12841797	84.9029846191
1218.87841797	83.7987594604
1219.6282959	94.1064758301
1220.37817383	94.1172332764
1221.12817383	73.1554870605
1221.87805176	90.9428253174
1222.62792969	94.3128585815
1223.37792969	89.7996063232
1224.12780762	106.326347351
1224.87768555	105.783424377
1225.62768555	102.242790222
1226.37756348	96.1927261353
1227.12744141	104.248916626
1227.87744141	113.127388
1228.62731934	110.171981812
1229.37719727	108.242706299
1230.12719727	107.937362671
1230.8770752	113.487945557
1231.62695313	125.106300354
1232.37695313	122.779266357
1233.12683105	123.143569946
1233.87670898	116.829582214
1234.62670898	119.923873901
1235.37658691	120.884544373
1236.12646484	130.710998535
1236.87646484	142.231750488
1237.62634277	139.186798096
1238.3762207	131.695877075
1239.1262207	128.547851563
1239.87609863	127.692306519
1240.62597656	139.080230713
1241.37597656	148.25642395
1242.12585449	130.08984375
1242.87573242	133.436630249
1243.62573242	147.099151611
1244.37561035	138.566482544
1245.12548828	142.846664429
1245.87548828	146.053573608
1246.62536621	144.466018677
1247.37524414	141.55670166
1248.12524414	156.670333862
1248.87512207	154.634185791
1249.625	152.997634888
1250.375	169.211608887
1251.12487793	175.900924683
1251.87475586	167.966888428
1252.62475586	176.9009552
1253.37463379	168.119384766
1254.12451172	169.460739136
1254.87451172	195.542144775
1255.62438965	173.120132446
1256.37426758	179.879745483
1257.12426758	176.366500854
1257.87414551	190.379714966
1258.62402344	202.960266113
1259.37402344	186.894088745
1260.12390137	197.609954834
1260.8737793	189.096878052
1261.6237793	202.183166504
1262.37365723	186.549179077
1263.12353516	210.223968506
1263.87353516	209.991897583
1264.62341309	216.456604004
1265.37329102	222.538848877
1266.12329102	214.191802979
1266.87316895	235.144836426
1267.62304688	211.85496521
1268.37304688	242.140960693
1269.1229248	225.205947876
1269.87280273	248.190368652
1270.62280273	236.365585327
1271.37268066	257.37210083
1272.12255859	260.615722656
1272.87255859	252.214477539
1273.62243652	264.273284912
1274.37231445	262.343475342
1275.12231445	269.771728516
1275.87219238	286.711364746
1276.62207031	274.10256958
1277.37207031	283.780975342
1278.12194824	305.90435791
1278.87182617	262.739746094
1279.62182617	282.584136963
1280.3717041	297.509246826
1281.12158203	317.507568359
1281.87158203	294.97253418
1282.62145996	300.780670166
1283.37133789	309.626098633
1284.12133789	318.851806641
1284.87121582	343.833221436
1285.62109375	341.06552124
1286.37109375	350.637084961
1287.12097168	330.80859375
1287.87084961	379.359527588
1288.62084961	351.992156982
1289.37072754	303.224365234
1290.12060547	380.232330322
1290.87060547	360.50112915
1291.6204834	351.97946167
1292.37036133	378.246765137
1293.12036133	394.309570313
1293.87023926	393.652069092
1294.62011719	412.654418945
1295.37011719	394.264709473
1296.11999512	389.002471924
1296.86987305	414.249298096
1297.61987305	438.926757813
1298.36975098	436.018005371
1299.11962891	437.827301025
1299.86962891	439.556610107
1300.61950684	438.238586426
1301.36938477	457.604095459
1302.11938477	455.140533447
1302.8692627	450.470397949
1303.61914063	468.6015625
1304.36914063	466.548675537
1305.11901855	474.466156006
1305.86889648	480.493041992
1306.61889648	498.121154785
1307.36877441	525.454772949
1308.11865234	520.519897461
1308.86865234	497.944152832
1309.61853027	507.012145996
1310.3684082	516.952453613
1311.1184082	522.690307617
1311.86828613	536.956970215
1312.61816406	546.695068359
1313.36816406	548.892211914
1314.11804199	541.094055176
1314.86791992	550.702026367
1315.61791992	568.69720459
1316.36779785	582.683532715
1317.11767578	588.4140625
1317.86767578	591.765197754
1318.61755371	608.647338867
1319.36743164	617.485839844
1320.11743164	610.565612793
1320.86730957	615.135620117
1321.6171875	613.318725586
1322.3671875	618.050964355
1323.11706543	644.640869141
1323.86694336	661.208557129
1324.61694336	661.557434082
1325.36682129	650.0625
1326.11669922	638.904968262
1326.86669922	661.652587891
1327.61657715	679.268310547
1328.36645508	665.687561035
1329.11645508	675.679931641
1329.86633301	678.076477051
1330.61621094	670.305847168
1331.36621094	661.440551758
1332.11608887	678.376281738
1332.8659668	698.185119629
1333.6159668	686.649291992
1334.36584473	676.600524902
1335.11572266	683.747436523
1335.86572266	691.694824219
1336.61560059	704.476867676
1337.36547852	696.038085938
1338.11547852	691.751525879
1338.86535645	698.761047363
1339.61523438	690.512084961
1340.36523438	700.627990723
1341.1151123	694.159423828
1341.86499023	683.837036133
1342.61499023	691.878356934
1343.36486816	693.691894531
1344.11474609	697.067016602
1344.86474609	693.20880127
1345.61462402	678.411010742
1346.36450195	665.815002441
1347.11450195	672.734313965
1347.86437988	676.42590332
1348.61425781	653.377990723
1349.36425781	649.271850586
1350.11413574	651.311279297
1350.86401367	652.035217285
1351.61401367	641.419067383
1352.3638916	663.099182129
1353.11376953	659.048034668
1353.86376953	608.308105469
1354.61364746	604.635681152
1355.36352539	620.731018066
1356.11352539	629.744995117
1356.86340332	641.110778809
1357.61328125	624.277587891
1358.36328125	590.924438477
1359.11315918	580.869567871
1359.86303711	570.884277344
1360.61303711	581.191955566
1361.36291504	576.707336426
1362.11279297	549.838500977
1362.86279297	553.867614746
1363.6126709	567.866271973
1364.36254883	567.525268555
1365.11242676	553.617004395
1365.86242676	537.418701172
1366.61230469	519.546142578
1367.36218262	524.455993652
1368.11218262	502.025268555
1368.86206055	495.312347412
1369.61193848	496.803527832
1370.36193848	505.31237793
1371.11181641	510.891540527
1371.86169434	503.261322021
1372.61169434	469.362518311
1373.36157227	460.376525879
1374.1114502	455.216522217
1374.8614502	445.016204834
1375.61132813	435.72479248
1376.36120605	436.789001465
1377.11120605	430.696502686
1377.86108398	395.391815186
1378.61096191	421.946228027
1379.36096191	407.916015625
1380.11083984	403.955230713
1380.86071777	386.124084473
1381.61071777	389.53692627
1382.3605957	376.432952881
1383.11047363	353.510650635
1383.86047363	365.539733887
1384.61035156	364.833740234
1385.36022949	336.027069092
1386.11022949	351.44644165
1386.86010742	327.675476074
1387.60998535	330.78918457
1388.35998535	319.0440979
1389.10986328	322.352325439
1389.85974121	301.963195801
1390.60974121	307.982910156
1391.35961914	298.165618896
1392.10949707	283.139648438
1392.85949707	276.878173828
1393.609375	281.538238525
1394.35925293	272.825286865
1395.10925293	234.542190552
1395.85913086	286.181335449
1396.60900879	267.648956299
1397.35900879	235.147491455
1398.10888672	237.714416504
1398.85876465	236.510848999
1399.60876465	211.916107178
1400.35864258	243.061782837
1401.10852051	217.209716797
1401.85852051	230.61088562
1402.60839844	212.378570557
1403.35827637	211.148391724
1404.10827637	210.499267578
1404.8581543	187.48387146
1405.60803223	197.666702271
1406.35803223	192.954177856
1407.10791016	198.217086792
1407.85778809	186.539459229
1408.60778809	184.212554932
1409.35766602	160.854553223
1410.10754395	166.514083862
1410.85754395	159.697601318
1411.60742188	156.686965942
1412.3572998	156.139648438
1413.1072998	157.340255737
1413.85717773	158.707427979
1414.60705566	141.840286255
1415.35705566	139.027099609
1416.10693359	145.777511597
1416.85681152	155.038223267
1417.60681152	148.364089966
1418.35668945	141.020492554
1419.10656738	133.199249268
1419.85656738	119.726280212
1420.60644531	117.244995117
1421.35632324	109.187301636
1422.10632324	110.859771729
1422.85620117	112.312210083
1423.6060791	106.97429657
1424.3560791	99.2516937256
1425.10595703	91.7824935913
1425.85583496	111.825080872
1426.60583496	101.832023621
1427.35571289	83.2132339478
1428.10559082	92.3072662354
1428.85559082	99.5651931763
1429.60546875	84.2264328003
1430.35534668	73.1508483887
1431.10534668	64.355796814
1431.85522461	65.6365356445
1432.60510254	64.3856048584
1433.35510254	81.0234069824
1434.10498047	76.300491333
1434.8548584	71.5564498901
1435.6048584	58.5315971375
1436.35473633	52.8669052124
1437.10461426	47.8765296936
1437.85461426	37.1949424744
1438.60449219	73.1219863892
1439.35437012	77.8752593994
1440.10437012	39.5158157349
1440.85424805	51.9415168762
1441.60412598	35.3245544434
1442.35412598	57.359577179
1443.10400391	64.9068603516
1443.85388184	36.833782196
1444.60388184	41.6878356934
1445.35375977	57.4125480652
1446.1036377	45.5223312378
1446.8536377	43.3270072937
1447.60351563	35.0744247437
1448.35339355	37.0600624084
1449.10339355	27.8176803589
1449.85327148	34.0602149963
1450.60314941	34.8176422119
1451.35314941	32.6737098694
1452.10302734	31.3290252686
1452.85290527	38.0262718201
1453.60290527	29.7924976349
1454.3527832	20.0619487762
1455.10266113	18.9457798004
1455.85266113	10.9659099579
1456.60253906	12.4605808258
1457.35241699	25.7959499359
1458.10241699	14.9599399567
1458.85229492	3.03505539894
1459.60217285	15.5490131378
1460.35217285	17.0350856781
1461.10205078	17.3246173859
1461.85192871	28.9732189178
1462.60192871	27.2213172913
1463.35180664	19.9029388428
1464.10168457	11.4898939133
1464.85168457	0.779616892338
1465.6015625	10.1430015564
1466.35144043	9.66739654541
1467.10144043	22.1862449646
1467.85131836	16.990486145
1468.60119629	20.2849330902
1469.35119629	4.12837171555
1470.10107422	10.78910923
1470.85095215	1.46980500221
1471.60095215	11.7597150803
1472.35083008	5.44157028198
1473.10070801	3.59773015976
1473.85070801	23.3739070892
1474.60058594	6.94077253342
1475.35046387	-11.2141637802
1476.10046387	-0.761412262917
1476.8503418	7.58328485489
1477.60021973	6.47217178345
1478.35021973	15.338681221
1479.10009766	9.02676200867
1479.84997559	11.4205312729
1480.59997559	19.5078048706
1481.34985352	0.996850132942
1482.09973145	2.88219690323
1482.84973145	0.559619069099
1483.59960938	1.2893871069
1484.3494873	12.7118434906
1485.0994873	5.08360147476
1485.84936523	-2.95420885086
1486.59924316	-2.10926747322
1487.34924316	-4.76302194595
1488.09912109	4.82081127167
1488.84899902	5.59800338745
1489.59899902	-2.14602208138
1490.34887695	8.4649105072
1491.09875488	11.7412481308
1491.84875488	17.6860656738
1492.59863281	3.87957882881
1493.34851074	14.1838712692
1494.09851074	2.82955479622
1494.84838867	15.7316255569
1495.5982666	10.092130661
1496.3482666	17.0699062347
1497.09814453	35.9071578979
1497.84802246	11.0159540176
1498.59802246	16.7604541779
1499.34790039	19.9614276886
1500.09777832	21.685874939
1500.84777832	9.97364711761
1501.59765625	29.4921627045
1502.34753418	20.4306621552
1503.09753418	27.2292995453
1503.84741211	36.9422111511
1504.59729004	34.134677887
1505.34729004	35.5274925232
1506.09716797	39.9890022278
1506.8470459	57.7415847778
1507.5970459	41.940612793
1508.34692383	49.1388168335
1509.09680176	37.3469696045
1509.84680176	41.6989517212
1510.59667969	34.3008384705
1511.34655762	31.6736030579
1512.09655762	35.8585319519
1512.84643555	56.9776954651
1513.59631348	56.6460533142
1514.34631348	59.3221282959
1515.09619141	64.5821609497
1515.84606934	81.4415588379
1516.59606934	65.1497421265
1517.34594727	81.0195159912
1518.0958252	71.1383132935
1518.8458252	76.0635986328
1519.59570313	78.1299667358
1520.34558105	69.598487854
1521.09558105	84.7115783691
1521.84545898	84.5219039917
1522.59533691	100.408889771
1523.34533691	112.253425598
1524.09521484	98.4760437012
1524.84509277	110.884086609
1525.59509277	105.744186401
1526.3449707	98.9292678833
1527.09484863	126.204925537
1527.84484863	138.631118774
1528.59472656	136.054794312
1529.34460449	133.251342773
1530.09460449	126.345207214
1530.84448242	126.376174927
1531.59436035	152.141876221
1532.34436035	148.600189209
1533.09423828	160.36277771
1533.84411621	166.388931274
1534.59411621	174.350219727
1535.34399414	171.155792236
1536.09387207	163.541976929
1536.84387207	183.413192749
1537.59375	174.034362793
1538.34362793	195.327545166
1539.09362793	199.501541138
1539.84350586	183.627410889
1540.59338379	197.741088867
1541.34338379	212.11265564
1542.09326172	233.676040649
1542.84313965	222.314788818
1543.59313965	239.941741943
1544.34301758	243.318649292
1545.09289551	249.591812134
1545.84289551	257.116394043
1546.59277344	253.87562561
1547.34265137	259.066802979
1548.09265137	243.274627686
1548.8425293	267.938659668
1549.59240723	297.735443115
1550.34240723	297.438964844
1551.09228516	281.931304932
1551.84216309	291.016479492
1552.59216309	316.053955078
1553.34204102	337.782592773
1554.09191895	334.384002686
1554.84191895	336.009307861
1555.59179688	351.723052979
1556.3416748	371.310791016
1557.0916748	386.145141602
1557.84155273	393.841033936
1558.59143066	369.497283936
1559.34143066	391.826385498
1560.09130859	394.443725586
1560.84118652	422.54006958
1561.59118652	433.286132813
1562.34106445	416.838043213
1563.09094238	431.741027832
1563.84094238	449.702972412
1564.59082031	469.0546875
1565.34069824	451.648101807
1566.09069824	468.01663208
1566.84057617	499.291046143
1567.5904541	508.768554688
1568.3404541	508.125976563
1569.09033203	505.106719971
1569.84020996	528.058776855
1570.59020996	548.303527832
1571.34008789	551.471130371
1572.08996582	546.093994141
1572.83996582	574.027954102
1573.58984375	563.57220459
1574.33972168	585.71081543
1575.08972168	605.304870605
1575.83959961	607.288269043
1576.58947754	622.805603027
1577.33947754	643.966552734
1578.08935547	638.221008301
1578.8392334	647.101989746
1579.5892334	661.937988281
1580.33911133	664.610839844
1581.08898926	678.87322998
1581.83898926	705.934875488
1582.58886719	700.91027832
1583.33874512	706.746948242
1584.08874512	716.923400879
1584.83862305	704.744567871
1585.58850098	711.807983398
1586.33850098	736.362609863
1587.08837891	725.846984863
1587.83825684	736.714904785
1588.58825684	755.179321289
1589.33813477	756.494567871
1590.0880127	754.82208252
1590.8380127	761.296508789
1591.58789063	747.294555664
1592.33776855	749.395446777
1593.08776855	763.427062988
1593.83764648	774.870239258
1594.58752441	766.361694336
1595.33740234	766.664672852
1596.08740234	778.360778809
1596.83728027	790.767456055
1597.5871582	785.054321289
1598.3371582	783.902160645
1599.08703613	769.136413574
1599.83691406	748.704589844
1600.58691406	750.235595703
1601.33679199	761.914367676
1602.08666992	741.323547363
1602.83666992	741.267333984
1603.58654785	733.014892578
1604.33642578	732.085144043
1605.08642578	720.807128906
1605.83630371	725.069580078
1606.58618164	704.556030273
1607.33618164	696.256530762
1608.08605957	696.477539063
1608.8359375	675.447509766
1609.5859375	670.819030762
1610.33581543	653.127868652
1611.08569336	641.792541504
1611.83569336	620.13458252
1612.58557129	626.156433105
1613.33544922	610.859741211
1614.08544922	596.205627441
1614.83532715	576.228149414
1615.58520508	567.637939453
1616.33520508	561.85546875
1617.08508301	537.74005127
1617.83496094	539.034301758
1618.58496094	671.58026123
1619.33483887	599.795654297
1620.0847168	392.686706543
1620.8347168	496.765075684
1621.58459473	466.60357666
1622.33447266	447.964019775
1623.08447266	423.858856201
1623.83435059	423.801116943
1624.58422852	417.610534668
1625.33422852	380.189941406
1626.08410645	385.215362549
1626.83398438	385.169525146
1627.58398438	354.679534912
1628.3338623	349.010620117
1629.08374023	337.384735107
1629.83374023	329.981994629
1630.58361816	318.958221436
1631.33349609	301.409973145
1632.08349609	297.561065674
1632.83337402	289.226928711
1633.58325195	283.051605225
1634.33325195	267.85269165
1635.08312988	260.66519165
1635.83300781	250.639160156
1636.58300781	246.554016113
1637.33288574	244.851577759
1638.08276367	233.99559021
1638.83276367	227.382720947
1639.5826416	225.056381226
1640.33251953	212.688613892
1641.08251953	208.907897949
1641.83239746	201.172790527
1642.58227539	197.467453003
1643.33227539	176.35395813
1644.08215332	167.496124268
1644.83203125	170.434997559
1645.58203125	162.263900757
1646.33190918	144.162948608
1647.08178711	141.879302979
1647.83178711	154.530319214
1648.58166504	127.115005493
1649.33154297	124.584236145
1650.08154297	127.648101807
1650.8314209	130.059005737
1651.58129883	118.198097229
1652.33129883	116.008544922
1653.08117676	106.30431366
1653.83105469	111.053359985
1654.58105469	95.2337112427
1655.33093262	99.6381530762
1656.08081055	97.3138961792
1656.83081055	95.3902740479
1657.58068848	77.6428909302
1658.33056641	73.5390853882
1659.08056641	78.1829681396
1659.83044434	76.0651016235
1660.58032227	69.4247741699
1661.33032227	64.7845687866
1662.0802002	61.8750457764
1662.83007813	63.8911209106
1663.58007813	54.8096923828
1664.32995605	57.9512519836
1665.07983398	48.9205741882
1665.82983398	36.4047584534
1666.57971191	42.8189353943
1667.32958984	34.6602058411
1668.07958984	42.0658035278
1668.82946777	48.7820129395
1669.5793457	42.7531967163
1670.3293457	37.4365692139
1671.07922363	34.2912368774
1671.82910156	22.3312969208
1672.57910156	28.2351570129
1673.32897949	28.0455436707
1674.07885742	25.6938362122
1674.82885742	21.8635501862
1675.57873535	18.3813648224
1676.32861328	22.1448764801
1677.07861328	24.7460632324
1677.82849121	23.1840591431
1678.57836914	16.146528244
1679.32836914	6.9217581749
1680.07824707	6.39849567413
1680.828125	10.2291307449
1681.578125	12.5856580734
1682.32800293	20.0120410919
1683.07788086	20.4471225739
1683.82788086	12.3856515884
1684.57775879	11.9062271118
1685.32763672	5.66137695313
1686.07763672	9.27600765228
1686.82751465	21.3413219452
1687.57739258	1.95256567001
1688.32739258	10.8977165222
1689.07727051	13.6183815002
1689.82714844	10.5966291428
1690.57714844	6.9614276886
1691.32702637	7.40004873276
1692.0769043	2.57870554924
1692.8269043	3.80391645432
1693.57678223	8.34361171722
1694.32666016	7.67215585709
1695.07666016	8.77134418488
1695.82653809	18.9405860901
1696.57641602	13.2116966248
1697.32641602	7.4710111618
1698.07629395	5.50536584854
1698.82617188	11.3427753448
1699.57617188	14.1695022583
1700.3260498	10.173822403
1701.07592773	9.50371932983
1701.82592773	5.38543653488
1702.57580566	15.7456989288
1703.32568359	10.9646949768
1704.07568359	7.01972103119
1704.82556152	14.9219903946
1705.57543945	17.9820365906
1706.32543945	17.8465709686
1707.07531738	-1.90243470669
1707.82519531	2.43400835991
1708.57519531	5.16397666931
1709.32507324	2.58348846436
1710.07495117	6.89895057678
1710.82495117	10.8453502655
1711.5748291	7.5630030632
1712.32470703	0.643632590771
1713.07470703	2.9556016922
1713.82458496	7.80982112885
1714.57446289	1.20111966133
1715.32446289	-5.6200594902
1716.07434082	2.60438418388
1716.82421875	6.30903673172
1717.57421875	-5.2159538269
1718.32409668	-1.12165248394
1719.07397461	-7.50569915771
1719.82397461	-2.35777711868
1720.57385254	-4.86711359024
1721.32373047	-2.59359765053
1722.07373047	2.80467510223
1722.8236084	-2.9881541729
1723.57348633	0.0577614419162
1724.32348633	-2.95985937119
1725.07336426	2.42477107048
1725.82324219	-4.6535654068
1726.57324219	-5.91099357605
1727.32312012	-7.14039230347
1728.07299805	-4.04134511948
1728.82299805	1.65957033634
1729.57287598	6.74872922897
1730.32275391	2.81838774681
1731.07275391	6.93087863922
1731.82263184	0.523501634598
1732.57250977	-6.68821191788
1733.32250977	-0.293601363897
1734.0723877	-8.65735340118
1734.82226563	-3.40216374397
1735.57226563	-3.60035681725
1736.32214355	5.1307091713
1737.07202148	-4.16326475143
1737.82202148	-9.41945648193
1738.57189941	-3.12913990021
1739.32177734	-0.176804497838
1740.07177734	0.25164052844
1740.82165527	-1.98845267296
1741.5715332	-1.40547156334
1742.3215332	-3.79621005058
1743.07141113	-3.68246722221
1743.82128906	-3.22311282158
1744.57128906	-3.83109045029
1745.32116699	-2.04576253891
1746.07104492	3.06866693497
1746.82104492	1.91657602787
1747.57092285	-8.15074157715
1748.32080078	-4.03164339066
1749.07080078	-7.94517803192
1749.82067871	-12.8282003403
1750.57055664	2.02704310417
1751.32055664	-2.36682319641
1752.07043457	-1.12223625183
1752.8203125	3.89598655701
1753.5703125	-4.51872348785
1754.32019043	-8.99300861359
1755.07006836	-8.82604312897
1755.82006836	-8.6748046875
1756.56994629	-8.79468917847
1757.31982422	-7.68680524826
1758.06982422	-13.141409874
1758.81970215	-7.01581811905
1759.56958008	-2.08219003677
1760.31958008	-5.26746892929
1761.06945801	-0.02040999569
1761.81933594	-8.75747394562
1762.56933594	-5.51064729691
1763.31921387	-17.3124389648
1764.0690918	0.321758002043
1764.8190918	-11.3036527634
1765.56896973	-8.56667232513
1766.31884766	-6.541888237
1767.06884766	-4.00144386292
1767.81872559	-7.53532981873
1768.56860352	-7.84067726135
1769.31860352	-10.8611078262
1770.06848145	-13.1911668777
1770.81835938	-4.26054477692
1771.56835938	-4.80759382248
1772.3182373	-4.33763456345
1773.06811523	3.27891564369
1773.81811523	-6.27271127701
1774.56799316	-6.40523004532
1775.31787109	-12.1003713608
1776.06787109	-3.67484021187
1776.81774902	-9.32196903229
1777.56762695	-2.84971356392
1778.31762695	-8.65848922729
1779.06750488	-1.02560448647
1779.81738281	-7.14176559448
1780.56738281	-6.63388347626
1781.31726074	-1.57978725433
1782.06713867	-3.30182933807
1782.81713867	-8.08543586731
1783.5670166	-6.10360527039
1784.31689453	-5.68930244446
1785.06689453	-7.53378343582
1785.81677246	-7.25430774689
1786.56665039	-2.07866740227
1787.31665039	-7.51087141037
1788.06652832	-11.5682868958
1788.81640625	-3.92966413498
1789.56640625	-11.2041378021
1790.31628418	-17.370721817
1791.06616211	-18.3804836273
1791.81616211	-15.1771440506
1792.56604004	-6.96819448471
1793.31591797	-0.632603943348
1794.06591797	-2.11794686317
1794.8157959	-3.04699730873
1795.56567383	-8.43449020386
1796.31567383	-5.42467784882
1797.06555176	-5.81290340424
1797.81542969	0.983410835266
1798.56542969	0.443990856409
1799.31530762	-1.91762340069
1800.06518555	-5.34554481506
1800.81518555	-7.50408220291
1801.56506348	-15.332318306
1802.31494141	0.108977608383
1803.06494141	3.14156389236
1803.81481934	-8.33166885376
1804.56469727	-18.2908248901
1805.31469727	-12.769323349
1806.0645752	-5.45369958878
1806.81445313	-4.81469583511
1807.56445313	-8.94593524933
1808.31433105	-2.33609127998
1809.06420898	-4.82241535187
1809.81420898	-5.13983535767
1810.56408691	-10.307800293
1811.31396484	-5.1844367981
1812.06396484	-8.74100780487
1812.81384277	-4.43311977386
1813.5637207	-4.57589244843
1814.3137207	-4.11260414124
1815.06359863	-1.92784667015
1815.81347656	-2.12719130516
1816.56347656	-1.94153654575
1817.31335449	-5.67400026321
1818.06323242	-11.2240381241
1818.81323242	-11.1352043152
1819.56311035	-1.69147622585
1820.31298828	2.44341349602
1821.06298828	-1.24871432781
1821.81286621	-5.89164876938
1822.56274414	9.32591247559
1823.31274414	-7.05607223511
1824.06262207	2.88223075867
1824.8125	-1.54062640667
1825.56237793	-5.08266210556
1826.31237793	-11.2704334259
1827.06225586	-9.29997253418
1827.81213379	-6.87013053894
1828.56213379	-3.71070337296
1829.31201172	-5.78329515457
1830.06188965	0.792299091816
1830.81188965	-2.27758288383
1831.56176758	-2.20468974113
1832.31164551	-3.09524393082
1833.06164551	-4.77984905243
1833.81152344	-8.99146366119
1834.56140137	2.76747250557
1835.31140137	-12.9236478806
1836.0612793	-4.37232303619
1836.81115723	-3.34622859955
1837.56115723	3.20505928993
1838.31103516	-2.37734365463
1839.06091309	-3.24365925789
1839.81091309	-1.98468399048
1840.56079102	-3.15493941307
1841.31066895	-3.76088666916
1842.06066895	-6.79655122757
1842.81054688	-6.49754524231
1843.5604248	-1.91860949993
1844.3104248	2.25493955612
1845.06030273	-1.3314384222
1845.81018066	2.617446661
1846.56018066	-9.40199756622
1847.31005859	-6.06278467178
1848.05993652	-6.02076768875
1848.80993652	-10.7006654739
1849.55981445	-4.97329235077
1850.30969238	-0.190430402756
1851.05969238	0.272509217262
1851.80957031	-4.09529399872
1852.55944824	-8.02723026276
1853.30944824	-8.6919002533
1854.05932617	-5.43868589401
1854.8092041	-1.37182748318
1855.5592041	-8.65659141541
1856.30908203	-4.25255966187
1857.05895996	-9.07360267639
1857.80895996	-10.3355922699
1858.55883789	-8.53950119019
1859.30871582	-4.75213050842
1860.05871582	-3.15953683853
1860.80859375	-0.0300181750208
1861.55847168	-4.0101108551
1862.30847168	-3.6919772625
1863.05834961	2.48771238327
1863.80822754	0.356298029423
1864.55822754	-3.35681056976
1865.30810547	5.93770122528
1866.0579834	-4.30080652237
1866.8079834	-0.210013732314
1867.55786133	2.43107104301
1868.30773926	-2.16211223602
1869.05773926	-5.70784711838
1869.80761719	-0.998708188534
1870.55749512	3.15955805779
1871.30749512	1.24925243855
1872.05737305	-0.255101919174
1872.80725098	-2.16530179977
1873.55725098	-9.59183502197
1874.30712891	-10.9654750824
1875.05700684	-0.549892306328
1875.80700684	-5.8757557869
1876.55688477	-8.62090873718
1877.3067627	-8.7735786438
1878.0567627	1.08685994148
1878.80664063	-5.03608560562
1879.55651855	1.57560312748
1880.30651855	-3.39095401764
1881.05639648	-1.8843678236
1881.80627441	-3.44881129265
1882.55627441	-12.1015100479
1883.30615234	-11.9090032578
1884.05603027	-2.9000825882
1884.80603027	-8.30641365051
1885.5559082	-12.7911977768
1886.30578613	-8.49501514435
1887.05578613	-4.01947975159
1887.80566406	-5.33904218674
1888.55554199	-2.62288427353
1889.30554199	-6.27739906311
1890.05541992	-2.10234069824
1890.80529785	-7.87864494324
1891.55529785	-10.9025974274
1892.30517578	-11.1596374512
1893.05505371	2.34720802307
1893.80505371	-5.58514642715
1894.55493164	-4.28401994705
1895.30480957	-9.33119773865
1896.05480957	-5.74284648895
1896.8046875	-7.0278711319
1897.55456543	-13.0606908798
1898.30456543	-16.3103752136
1899.05444336	-8.26602268219
1899.80432129	-9.83700466156
1900.55432129	-9.50006484985
1901.30419922	-5.58881521225
1902.05407715	-11.4277334213
1902.80407715	-0.18193423748
1903.55395508	2.80988907814
1904.30383301	1.85234117508
1905.05383301	-1.37497341633
1905.80371094	6.75994682312
1906.55358887	-1.13063025475
1907.30358887	-8.23413467407
1908.0534668	-8.59176826477
1908.80334473	-9.85743713379
1909.55334473	-5.32378053665
1910.30322266	0.547933042049
1911.05310059	0.277770638466
1911.80310059	-4.57862567902
1912.55297852	-1.27229583263
1913.30285645	-4.26627397537
1914.05285645	-7.8479514122
1914.80273438	-5.37794780731
1915.5526123	-4.10202121735
1916.3026123	-7.02175664902
1917.05249023	-3.32254362106
1917.80236816	2.530554533
1918.55236816	1.8894520998
1919.30224609	0.778049767017
1920.05212402	-5.22373342514
1920.80212402	2.39010024071
1921.55200195	-4.5252571106
1922.30187988	3.71722245216
1923.05187988	-2.99184274673
1923.80175781	-8.12022781372
1924.55163574	-5.81779670715
1925.30163574	-3.09391665459
1926.05151367	-1.94884157181
1926.8013916	-2.1038839817
1927.5513916	-2.14870357513
1928.30126953	-4.87806415558
1929.05114746	-0.934740662575
1929.80114746	-3.63352131844
1930.55102539	0.829791009426
1931.30090332	-3.99573802948
1932.05090332	-8.95999145508
1932.80078125	-4.88013982773
1933.55065918	-7.37226390839
1934.30065918	-5.57300567627
1935.05053711	-12.3059825897
1935.80041504	0.215984851122
1936.55041504	-1.38249981403
1937.30029297	-4.26589012146
1938.0501709	-5.09599685669
1938.8001709	-6.82864427567
1939.55004883	-5.4501247406
1940.29992676	-1.982006073
1941.04992676	-0.734253585339
1941.79980469	0.138375759125
1942.54968262	-0.740429222584
1943.29968262	-4.93937015533
1944.04956055	-2.0922305584
1944.79943848	-7.55495119095
1945.54943848	-7.53050327301
1946.29931641	4.17939090729
1947.04919434	-0.330151438713
1947.79919434	-0.698411464691
1948.54907227	-7.14805555344
1949.2989502	-5.281498909
1950.0489502	-7.80124855042
1950.79882813	-11.6902770996
1951.54870605	5.12992525101
1952.29870605	0.0344913303852
1953.04858398	-9.31380939484
1953.79846191	-0.830078601837
1954.54846191	-5.73493003845
1955.29833984	-8.3485584259
1956.04821777	-3.42978405952
1956.79821777	2.97029614449
1957.5480957	-5.1071228981
1958.29797363	-2.20257019997
1959.04797363	-0.980056405067
1959.79785156	-4.42206144333
1960.54772949	-0.170798242092
1961.29772949	-4.94273805618
1962.04760742	2.2989654541
1962.79748535	-2.29869437218
1963.54748535	0.575690031052
1964.29736328	-2.50045490265
1965.04724121	2.13777112961
1965.79724121	-1.81797599792
1966.54711914	1.12942349911
1967.29699707	-3.30366253853
1968.04699707	-3.70537829399
1968.796875	-3.94465494156
1969.54675293	0.859006762505
1970.29675293	2.40395379066
1971.04663086	-0.636599838734
1971.79650879	-0.165099084377
1972.54650879	-7.49308443069
1973.29638672	-3.4352722168
1974.04626465	-2.35482382774
1974.79626465	-5.24987888336
1975.54614258	0.492152303457
1976.29602051	-4.19668626785
1977.04602051	-8.3386516571
1977.79589844	1.8884871006
1978.54577637	-1.17755639553
1979.29577637	-4.58314800262
1980.0456543	-8.94194602966
1980.79553223	-5.25207710266
1981.54553223	3.74230980873
1982.29541016	-6.60453367233
1983.04528809	4.87613773346
1983.79528809	-11.0783424377
1984.54516602	-3.50525665283
1985.29504395	3.11493325233
1986.04504395	-3.80449032784
1986.79492188	-5.37536334991
1987.5447998	-0.488495409489
1988.2947998	-6.01856040955
1989.04467773	0.400213509798
1989.79455566	0.269640564919
1990.54455566	-0.184031352401
1991.29443359	-4.00529336929
1992.04431152	-3.47235321999
1992.79431152	2.3959581852
1993.54418945	1.34946894646
1994.29406738	-6.47284603119
1995.04406738	-6.48926210403
1995.79394531	-3.61901855469
1996.54382324	-7.75671768188
1997.29382324	-2.77200436592
1998.04370117	2.48765850067
1998.7935791	-4.53951311111
1999.5435791	-2.78490257263
2000.29345703	-4.89541769028
2001.04333496	-3.24068188667
2001.79333496	-0.303851008415
2002.54321289	1.56987905502
2003.29309082	-0.247682735324
2004.04309082	-3.25087714195
2004.79296875	2.77158808708
2005.54284668	-4.70461940765
2006.29284668	1.74412870407
2007.04272461	-2.93170928955
2007.79260254	-2.76412558556
2008.54260254	0.132780775428
2009.29248047	0.115672186017
2010.0423584	-0.449173539877
2010.7923584	-11.7655467987
2011.54223633	-4.86670064926
2012.29211426	-3.87837743759
2013.04211426	1.03516876698
2013.79199219	0.143525570631
2014.54187012	-1.50730335712
2015.29187012	-3.27263617516
2016.04174805	-0.696215927601
2016.79162598	1.66125583649
2017.54162598	5.84818601608
2018.29150391	2.81542944908
2019.04138184	-2.32919669151
2019.79138184	-2.39305233955
2020.54125977	-2.95293140411
2021.2911377	-5.32672929764
2022.0411377	4.74273872375
2022.79101563	7.56006479263
2023.54089355	1.38695776463
2024.29089355	0.0401354953647
2025.04077148	1.25850820541
2025.79064941	0.46723729372
2026.54064941	8.31688690186
2027.29052734	4.39854097366
2028.04040527	1.11604404449
2028.79040527	2.57469511032
2029.5402832	4.30048370361
2030.29016113	0.342106074095
2031.04016113	-0.84338504076
2031.79003906	-5.22279834747
2032.53991699	0.879256606102
2033.28991699	1.36564815044
2034.03979492	-1.56238722801
2034.78967285	2.30667352676
2035.53967285	1.6344653368
2036.28955078	-1.16388559341
2037.03942871	-5.05017280579
2037.78942871	6.05121660233
2038.53930664	-1.15259110928
2039.28918457	0.415230751038
2040.03918457	5.01504850388
2040.7890625	1.24365222454
2041.53894043	-0.696803867817
2042.28894043	-2.38813900948
2043.03881836	-1.83523273468
2043.78869629	-4.40038347244
2044.53869629	-2.69235038757
2045.28857422	1.01076340675
2046.03845215	7.59984064102
2046.78845215	-2.99853038788
2047.53833008	-5.05488443375
2048.28833008	2.63927078247
2049.03808594	0.286462903023
2049.78808594	-1.40017259121
2050.53808594	8.41807460785
2051.2878418	4.18247747421
2052.0378418	-4.73188018799
2052.7878418	-6.16726446152
2053.53759766	0.238625079393
2054.28759766	-4.5524263382
2055.03759766	-0.686029851437
2055.78735352	0.429988592863
2056.53735352	1.58537888527
2057.28735352	7.8517537117
2058.03710938	4.66686153412
2058.78710938	-4.62772226334
2059.53710938	-1.75091934204
2060.28686523	0.346040844917
2061.03686523	1.25790846348
2061.78686523	-2.46076273918
2062.53662109	-3.21441912651
2063.28662109	-1.23965466022
2064.03662109	-1.39368212223
2064.78637695	-6.53794813156
2065.53637695	-3.50453662872
2066.28637695	0.191449671984
2067.03613281	-1.10435891151
2067.78613281	2.55113816261
2068.53613281	-1.38883137703
2069.28588867	-1.2929469347
2070.03588867	-1.19424307346
2070.78588867	0.528331696987
2071.53564453	-1.51975047588
2072.28564453	-1.51446092129
2073.03564453	1.87478554249
2073.78540039	-4.41855859756
2074.53540039	-3.91664147377
2075.28540039	0.443254768848
2076.03515625	2.54444169998
2076.78515625	-1.40194416046
2077.53515625	-6.62710046768
2078.28491211	-1.8899576664
2079.03491211	2.86884903908
2079.78491211	4.45479631424
2080.53466797	2.64222621918
2081.28466797	3.99254751205
2082.03466797	7.89581680298
2082.78442383	3.02864265442
2083.53442383	-1.53966760635
2084.28442383	-3.1566734314
2085.03417969	-1.02322232723
2085.78417969	-5.23217773438
2086.53417969	-3.28791165352
2087.28393555	4.81214570999
2088.03393555	-0.487416356802
2088.78393555	-1.83348715305
2089.53369141	-3.52036380768
2090.28369141	2.14457464218
2091.03369141	-5.40481948853
2091.78344727	-3.13381791115
2092.53344727	-6.90682935715
2093.28344727	-4.39473819733
2094.03320313	-1.79639005661
2094.78320313	-1.1948595047
2095.53320313	-1.55217587948
2096.28295898	1.61386799812
2097.03295898	-2.89061188698
2097.78295898	-1.22000479698
2098.53271484	-4.07259941101
2099.28271484	-2.06973981857
2100.03271484	-6.36043643951
2100.7824707	-0.923617660999
2101.5324707	0.303065508604
2102.2824707	-6.85190439224
2103.03222656	-1.56639158726
2103.78222656	-5.48113441467
2104.53222656	-1.88791227341
2105.28198242	-2.91186308861
2106.03198242	-3.67648243904
2106.78198242	-2.86951518059
2107.53173828	-7.83181285858
2108.28173828	-4.07442140579
2109.03173828	-0.282156080008
2109.78149414	-4.65862321854
2110.53149414	-6.09937477112
2111.28149414	-7.24991941452
2112.03125	-1.65919280052
2112.78125	-0.346976459026
2113.53125	-4.21823167801
2114.28100586	-3.83329296112
2115.03100586	-4.43245363235
2115.78100586	-2.20886039734
2116.53076172	40.8996505737
2117.28076172	-1.09208083153
2118.03076172	0.185253888369
2118.78051758	-7.78552770615
2119.53051758	-3.48255062103
2120.28051758	-4.02608537674
2121.03027344	-9.49597454071
2121.78027344	-4.95763063431
2122.53027344	-5.52222251892
2123.2800293	-7.31998443604
2124.0300293	-6.8267455101
2124.7800293	-4.57390117645
2125.52978516	-10.3190355301
2126.27978516	-9.17342281342
2127.02978516	-8.24196624756
2127.77954102	-4.81930017471
2128.52954102	-8.38642501831
2129.27954102	-8.6352596283
2130.02929688	-1.44547271729
2130.77929688	-10.1942071915
2131.52929688	-5.58446788788
2132.27905273	-2.91077160835
2133.02905273	-9.49425411224
2133.77905273	-7.63372039795
2134.52880859	-9.81666755676
2135.27880859	-10.0680503845
2136.02880859	-5.38722753525
2136.77856445	-6.65802001953
2137.52856445	-11.3249292374
2138.27856445	-7.31465387344
2139.02832031	-7.35725879669
2139.77832031	-7.52094888687
2140.52832031	-10.5874557495
2141.27807617	-11.9442081451
2142.02807617	-13.4271888733
2142.77807617	-5.39400243759
2143.52783203	-9.71858978271
2144.27783203	-7.31037998199
2145.02783203	-7.21866083145
2145.77758789	-11.1498155594
2146.52758789	-11.5673122406
2147.27758789	-8.54977416992
2148.02734375	-13.0613193512
2148.77734375	-6.50332212448
2149.52734375	-7.16037464142
2150.27709961	-4.08264875412
2151.02709961	-8.83930301666
2151.77709961	-13.4769992828
2152.52685547	-10.8486070633
2153.27685547	-7.74437522888
2154.02685547	-7.72122907639
2154.77661133	-7.22012519836
2155.52661133	-12.0060071945
2156.27661133	-15.8559846878
2157.02636719	-6.27965497971
2157.77636719	-12.9628686905
2158.52636719	-9.81444740295
2159.27612305	-6.22248506546
2160.02612305	-6.84584617615
2160.77612305	-8.90776824951
2161.52587891	-9.07773017883
2162.27587891	-9.20490550995
2163.02587891	-11.978802681
2163.77563477	-11.1913671494
2164.52563477	-12.665810585
2165.27563477	-10.2133960724
2166.02539063	-10.1166648865
2166.77539063	-10.5077571869
2167.52539063	-12.4104909897
2168.27514648	-16.7966175079
2169.02514648	-12.889292717
2169.77514648	-17.0012779236
2170.52490234	-13.0823202133
2171.27490234	-11.7104492188
2172.0246582	-13.2671384811
2172.7746582	-16.9112739563
2173.5246582	-9.92636680603
2174.27441406	-11.9242172241
2175.02441406	-14.8197727203
2175.77441406	-15.1494092941
2176.52416992	-16.7258663177
2177.27416992	-20.5366420746
2178.02416992	-13.0994033813
2178.77392578	-9.14032268524
2179.52392578	-12.8499794006
2180.27392578	-12.8952999115
2181.02368164	-9.85117340088
2181.77368164	-13.9516305923
2182.52368164	-13.3910474777
2183.2734375	-13.4601259232
2184.0234375	-19.2611293793
2184.7734375	-13.2656326294
2185.52319336	-10.8029651642
2186.27319336	-11.9802360535
2187.02319336	-16.803647995
2187.77294922	-12.3065109253
2188.52294922	-14.0307168961
2189.27294922	-10.465678215
2190.02270508	-12.4274721146
2190.77270508	-10.9139461517
2191.52270508	-14.4637756348
2192.27246094	-14.4279193878
2193.02246094	-16.0049629211
2193.77246094	-14.5979967117
2194.5222168	-18.2684402466
2195.2722168	-21.7094974518
2196.0222168	-15.9470777512
2196.77197266	-14.434887886
2197.52197266	-18.8123912811
2198.27197266	-14.6862792969
2199.02172852	-15.5100574493
2199.77172852	-12.6963310242
2200.52172852	-18.2506313324
2201.27148438	-13.947684288
2202.02148438	-20.9212417603
2202.77148438	-19.9895648956
2203.52124023	-16.5783958435
2204.27124023	-21.5988445282
2205.02124023	-23.102973938
2205.77099609	-14.0609912872
2206.52099609	-14.7297773361
2207.27099609	-10.7519731522
2208.02075195	-16.2784957886
2208.77075195	-14.2646951675
2209.52075195	-15.1740818024
2210.27050781	-21.4547309875
2211.02050781	-12.5365352631
2211.77050781	-16.9183654785
2212.52026367	-12.9699115753
2213.27026367	-12.1909894943
2214.02026367	-12.0095415115
2214.77001953	-15.0764684677
2215.52001953	-14.2815408707
2216.27001953	-15.219751358
2217.01977539	-19.784450531
2217.76977539	-17.2670650482
2218.51977539	-22.5849990845
2219.26953125	-18.6382770538
2220.01953125	-19.0655784607
2220.76953125	-20.220249176
2221.51928711	-20.8581905365
2222.26928711	-20.3396606445
2223.01928711	-25.8593387604
2223.76904297	-16.6236534119
2224.51904297	-22.7074565887
2225.26904297	-15.440993309
2226.01879883	-17.9101734161
2226.76879883	-24.6122531891
2227.51879883	-25.2112464905
2228.26855469	-22.6113796234
2229.01855469	-16.6244659424
2229.76855469	-19.5594577789
2230.51831055	-24.7668190002
2231.26831055	-19.336523056
2232.01831055	-22.4830913544
2232.76806641	-18.6738147736
2233.51806641	-23.2401676178
2234.26806641	-20.9213447571
2235.01782227	-28.4254894257
2235.76782227	-24.2552490234
2236.51782227	-23.8812046051
2237.26757813	-19.4106864929
2238.01757813	-20.2445278168
2238.76757813	-18.9920482635
2239.51733398	-22.8075580597
2240.26733398	-28.4858570099
2241.01733398	-19.8206062317
2241.76708984	-19.2511196136
2242.51708984	-21.0220336914
2243.26708984	-24.1130466461
2244.0168457	-25.800945282
2244.7668457	-28.1530437469
2245.5168457	-23.0247783661
2246.26660156	-15.5093240738
2247.01660156	-21.2819004059
2247.76660156	-25.233127594
2248.51635742	-23.4011745453
2249.26635742	-20.5124664307
2250.01635742	-22.2008457184
2250.76611328	-25.44323349
2251.51611328	-20.9155788422
2252.26611328	-25.2814464569
2253.01586914	-27.0312957764
2253.76586914	-23.8994693756
2254.51586914	-26.4495887756
2255.265625	-34.3865356445
2256.015625	-19.616027832
2256.765625	-25.1186313629
2257.51538086	-16.222820282
2258.26538086	-25.3655433655
2259.01538086	-21.5409374237
2259.76513672	-22.4865875244
2260.51513672	-25.9804325104
2261.26513672	-29.7541999817
2262.01489258	-30.280172348
2262.76489258	-30.2095413208
2263.51489258	-25.8832473755
2264.26464844	-23.8699913025
2265.01464844	-16.4911231995
2265.76464844	-18.8371868134
2266.5144043	-31.455696106
2267.2644043	-25.147485733
2268.0144043	-28.2573890686
2268.76416016	-23.7628688812
2269.51416016	-20.3285827637
2270.26416016	-26.6603469849
2271.01391602	-28.4460411072
2271.76391602	-21.9742164612
2272.51391602	-33.8913497925
2273.26367188	-33.9435043335
2274.01367188	-26.0465641022
2274.76367188	-22.7263069153
2275.51342773	-32.8296852112
2276.26342773	-21.3023681641
2277.01342773	-30.8527755737
2277.76318359	-25.2806186676
2278.51318359	-19.5566444397
2279.26318359	-20.7076244354
2280.01293945	-29.0190887451
2280.76293945	-35.8597717285
2281.51293945	-19.5779914856
2282.26269531	-18.1077632904
2283.01269531	-27.0596294403
2283.76269531	-26.3675003052
2284.51245117	-33.6612968445
2285.26245117	-26.3039741516
2286.01245117	-27.1162853241
2286.76220703	-22.3260650635
2287.51220703	-28.10039711
2288.26220703	-26.228471756
2289.01196289	-25.3555355072
2289.76196289	-24.1171855927
2290.51196289	-27.029045105
2291.26171875	-35.4105644226
2292.01171875	-31.8467597961
2292.76171875	-31.289899826
2293.51147461	-27.0064849854
2294.26147461	-31.630273819
2295.01147461	-31.5878314972
2295.76123047	-29.0596675873
2296.51123047	-32.5596313477
2297.26123047	-27.9063949585
2298.01098633	-31.5672702789
2298.76098633	-32.8206367493
2299.51098633	-29.6849498749
2300.26074219	-24.0599212646
2301.01074219	-22.1875553131
2301.76074219	-20.3202838898
2302.51049805	-20.147480011
2303.26049805	-24.2776317596
2304.01049805	-26.7017593384
2304.76025391	-31.8738193512
2305.51025391	-24.4574623108
2306.26025391	-24.4235973358
2307.01000977	-26.06300354
2307.76000977	-26.2764835358
2308.51000977	-31.9786243439
2309.25976563	-30.7708930969
2310.00976563	-23.0703411102
2310.75976563	-24.4464645386
2311.50952148	-32.7467460632
2312.25952148	-29.0997505188
2313.00952148	-24.0713329315
2313.75927734	-29.208984375
2314.50927734	-24.9060287476
2315.25927734	-29.941942215
2316.0090332	-36.5555763245
2316.7590332	-29.8567333221
2317.5090332	-32.2776870728
2318.25878906	-39.6925430298
2319.00878906	-33.5398139954
2319.75878906	-34.5195426941
2320.50854492	-31.8289031982
2321.25854492	-36.4992141724
2322.00854492	-29.5524311066
2322.75830078	-29.5087776184
2323.50830078	-29.9986400604
2324.25830078	-32.011100769
2325.00805664	-31.0601902008
2325.75805664	-22.2108039856
2326.50805664	-21.0545005798
2327.2578125	-16.7530670166
2328.0078125	-13.9343805313
2328.7578125	-5.64851570129
2329.50756836	10.2721061707
2330.25756836	3.66865754128
2331.00756836	-5.90581464767
2331.75732422	-18.8036746979
2332.50732422	-28.5499458313
2333.25732422	-33.8869895935
2334.00708008	-29.85247612
2334.75708008	-38.3895492554
2335.50708008	-28.3348407745
2336.25683594	-32.8772315979
2337.00683594	-31.6487407684
2337.75683594	-28.8359909058
2338.5065918	-32.2481307983
2339.2565918	-33.8859596252
2340.0065918	-29.5952262878
2340.75634766	-32.6592102051
2341.50634766	-38.8777236938
2342.25634766	-31.9901294708
2343.00610352	-38.1770820618
2343.75610352	-31.4957103729
2344.50610352	-37.606300354
2345.25585938	-42.5206832886
2346.00585938	-35.8620948792
2346.75585938	-32.657207489
2347.50561523	-34.1825561523
2348.25561523	-34.1496963501
2349.00561523	-36.4897613525
2349.75537109	-28.3949928284
2350.50537109	-35.2733573914
2351.25537109	-37.4337081909
2352.00512695	-32.4625320435
2352.75512695	-25.5701313019
2353.50512695	-30.6073875427
2354.25488281	-41.5117797852
2355.00488281	-37.6439285278
2355.75488281	-35.1949005127
2356.50463867	-35.4093208313
2357.25463867	-34.0212516785
2358.00463867	-24.3298549652
2358.75439453	-33.7937545776
2359.50439453	-32.8250923157
2360.25439453	-29.8109397888
2361.00415039	-39.5061798096
2361.75415039	-29.5392990112
2362.50415039	-33.9794464111
2363.25390625	-36.0879554749
2364.00390625	-30.262096405
2364.75390625	-33.8888931274
2365.50366211	-34.2904891968
2366.25366211	-36.0493812561
2367.00366211	-37.6542167664
2367.75341797	-32.6616363525
2368.50341797	-32.3115615845
2369.25341797	-35.7935638428
2370.00317383	-29.6215400696
2370.75317383	-32.4999351501
2371.50317383	-40.4828720093
2372.25292969	-35.2784805298
2373.00292969	-38.0553474426
2373.75292969	-41.2159080505
2374.50268555	-28.6701793671
2375.25268555	-33.9166793823
2376.00268555	-42.5941009521
2376.75244141	-36.3531837463
2377.50244141	-33.2830924988
2378.25244141	-40.0677261353
2379.00219727	-33.4580764771
2379.75219727	-32.6468963623
2380.50219727	-37.0343589783
2381.25195313	-35.827419281
2382.00195313	-33.0186386108
2382.75195313	-37.8947296143
2383.50170898	-30.1009864807
2384.25170898	-32.713054657
2385.00170898	-30.6892299652
2385.75146484	-36.4984359741
2386.50146484	-39.6271362305
2387.25146484	-30.8263664246
2388.0012207	-28.764875412
2388.7512207	-36.1228866577
2389.5012207	-35.2890014648
2390.25097656	-32.5801429749
2391.00097656	-31.7853813171
2391.75097656	-30.7284755707
2392.50073242	-27.623085022
2393.25073242	-29.1738300323
2394.00073242	-34.6870994568
2394.75048828	-37.8739433289
2395.50048828	-42.3799362183
2396.25048828	-30.1062927246
2397.00024414	-35.7631874084
2397.75024414	-32.1420860291
2398.50024414	-36.9478034973
2399.25	-36.6898574829
2400	-38.9713134766
