100	54.8237915039
100.749916077	51.623046875
101.499839783	47.1801643372
102.249755859	44.9496955872
102.999671936	45.736164093
103.749595642	52.7004623413
104.499511719	72.2149887085
105.249427795	98.2998886108
105.999351501	114.815605164
106.749267578	115.513954163
107.499183655	108.668174744
108.249099731	91.7633285522
108.999023438	51.0151176453
109.748939514	39.6384887695
110.498855591	44.822265625
111.248779297	52.8548126221
111.998695374	56.1451721191
112.74861145	56.8850135803
113.498535156	62.7214698792
114.248451233	55.5458259583
114.99836731	66.8717880249
115.748291016	74.1131057739
116.498207092	71.3398666382
117.248123169	66.168510437
117.998046875	68.3053970337
118.747962952	50.8824577332
119.497879028	32.8343772888
120.247802734	39.7703971863
120.997718811	47.752166748
121.747634888	55.436416626
122.497550964	74.0082092285
123.24747467	87.9830627441
123.997390747	66.844039917
124.747306824	42.0910682678
125.49723053	30.4280605316
126.247146606	27.1199398041
126.997062683	25.1533870697
127.746986389	41.0225906372
128.496902466	48.1028671265
129.246826172	49.5838737488
129.996734619	52.1705131531
130.746658325	50.4398002625
131.496582031	42.7063903809
132.246490479	41.2676048279
132.996414185	31.5412139893
133.746337891	22.1693286896
134.496246338	30.7336273193
135.246170044	32.8381385803
135.99609375	18.7222175598
136.746002197	12.3793678284
137.495925903	29.7350673676
138.245849609	39.7888259888
138.995758057	48.662361145
139.745681763	44.9644393921
140.495605469	31.9753227234
141.245513916	24.5236148834
141.995437622	16.8885917664
142.745361328	16.5626964569
143.495269775	11.8125743866
144.245193481	16.5093841553
144.995101929	24.6640472412
145.745025635	22.8562641144
146.494949341	16.0582008362
147.244857788	26.9794635773
147.994781494	15.4116859436
148.7447052	9.04387569427
149.494613647	12.4432582855
150.244537354	17.8397293091
150.99446106	17.0402622223
151.744369507	26.6414108276
152.494293213	18.1299858093
153.244216919	17.6106395721
153.994125366	26.1559257507
154.744049072	35.2036437988
155.493972778	32.7126312256
156.243881226	3.53547620773
156.993804932	4.92675924301
157.743728638	8.07852554321
158.493637085	12.6875181198
159.243560791	18.269733429
159.993484497	19.984380722
160.743392944	7.25122642517
161.49331665	19.1304092407
162.243240356	15.7328586578
162.993148804	22.371011734
163.74307251	26.3681144714
164.492996216	16.5691661835
165.242904663	10.3510866165
165.992828369	0.379255980253
166.742752075	4.55664157867
167.492660522	5.15866088867
168.242584229	10.0622119904
168.992507935	19.0009346008
169.742416382	20.8037452698
170.492340088	15.4496202469
171.242263794	19.2865982056
171.992172241	7.57895517349
172.742095947	2.64434099197
173.492004395	6.78578901291
174.241928101	9.80544471741
174.991851807	6.33446884155
175.741760254	10.4876356125
176.49168396	3.44762897491
177.241607666	7.75115871429
177.991516113	12.5834178925
178.741439819	9.01936340332
179.491363525	2.8854393959
180.241271973	-0.994322240353
180.991195679	0.202914819121
181.741119385	10.5992336273
182.491027832	7.03323841095
183.240951538	-3.3417596817
183.990875244	-1.68324947357
184.740783691	4.60932159424
185.490707397	12.7863559723
186.240631104	15.8783226013
186.990539551	9.29131603241
187.740463257	8.94453144073
188.490386963	14.1605834961
189.24029541	2.77290225029
189.990219116	-0.264281541109
190.740142822	-2.13061261177
191.49005127	0.965806901455
192.239974976	1.72822952271
192.989898682	0.691106855869
193.739807129	2.14014172554
194.489730835	4.56864118576
195.239654541	4.9181303978
195.989562988	3.31571245193
196.739486694	2.58864831924
197.4894104	0.997997879982
198.239318848	-1.56143593788
198.989242554	-1.26683247089
199.73916626	8.19378662109
200.489074707	9.9094991684
201.238998413	8.53836154938
201.98890686	7.32449388504
202.738830566	8.26432991028
203.488754272	9.68358230591
204.23866272	5.53451871872
204.988586426	9.91237449646
205.738510132	4.77426862717
206.488418579	4.65827083588
207.238342285	5.72507572174
207.988265991	4.45632457733
208.738174438	3.10035133362
209.488098145	7.69230270386
210.238021851	7.75013589859
210.987930298	0.0781377702951
211.737854004	0.28092905879
212.48777771	1.62844991684
213.237686157	-1.09709107876
213.987609863	2.29098773003
214.737533569	4.13057422638
215.487442017	1.32886123657
216.237365723	6.32576560974
216.987289429	10.0645065308
217.737197876	7.02614498138
218.487121582	-1.28661227226
219.237045288	-8.42620563507
219.986953735	-9.5626039505
220.736877441	3.78310823441
221.486801147	1.82493460178
222.236709595	-0.248415187001
222.986633301	5.63906860352
223.736557007	8.65361213684
224.486465454	0.293381750584
225.23638916	6.43475627899
225.986312866	5.1278886795
226.736221313	-0.265437752008
227.48614502	-3.10874319077
228.236068726	-1.09140729904
228.985977173	1.21372187138
229.735900879	1.99067091942
230.485809326	-1.18390572071
231.235733032	0.473032861948
231.985656738	3.92681598663
232.735565186	6.34719467163
233.485488892	7.81793022156
234.235412598	11.0327606201
234.985321045	5.62724256516
235.735244751	6.84117269516
236.485168457	4.63841581345
237.235076904	6.7102227211
237.98500061	12.633061409
238.734924316	15.8560857773
239.484832764	16.5979366302
240.23475647	6.70969390869
240.984680176	-1.72727000713
241.734588623	-3.10021090508
242.484512329	0.693278610706
243.234436035	4.44437932968
243.984344482	4.99981355667
244.734268188	8.76571559906
245.484191895	13.3796854019
246.234100342	10.2829284668
246.984024048	10.9264240265
247.733947754	6.70091629028
248.483856201	1.9319640398
249.233779907	12.059636116
249.983703613	4.50977230072
250.733612061	-0.769311547279
251.483535767	-0.698661386967
252.233459473	2.45842981339
252.98336792	6.5574889183
253.733291626	9.26079940796
254.483215332	9.36018180847
255.233123779	13.9848299026
255.983047485	8.07910060883
256.732971191	4.58404636383
257.482879639	7.01083374023
258.232788086	7.35957288742
258.982727051	5.03654909134
259.732635498	12.2614774704
260.482543945	4.70270013809
261.23248291	-6.87052202225
261.982391357	-0.860238313675
262.732299805	3.71890830994
263.48223877	5.20157909393
264.232147217	7.92791175842
264.982055664	7.80317020416
265.731994629	3.02097916603
266.481903076	0.803532898426
267.231811523	7.2360959053
267.981750488	7.89839315414
268.731658936	7.58017015457
269.481567383	10.7993469238
270.231506348	6.8285112381
270.981414795	21.9481544495
271.731323242	4.44775676727
272.481262207	6.60691070557
273.231170654	9.89209651947
273.981079102	5.50464487076
274.731018066	1.88666856289
275.480926514	11.7151889801
276.230834961	-1.42414700985
276.980773926	-4.47055959702
277.730682373	3.58762907982
278.48059082	9.76992511749
279.230529785	8.70643806458
279.980438232	5.68409824371
280.73034668	10.6516113281
281.480285645	10.7893266678
282.230194092	8.31969070435
282.980102539	12.611041069
283.730041504	11.0351638794
284.479949951	3.64089155197
285.229858398	0.161322325468
285.979797363	7.87316465378
286.729705811	5.86181163788
287.479614258	1.40138435364
288.229553223	7.45851039886
288.97946167	6.36118888855
289.729370117	4.03487920761
290.479309082	7.51870965958
291.229217529	9.66699314117
291.979125977	0.988693773746
292.729064941	4.81525945663
293.478973389	15.4584856033
294.228881836	11.8428840637
294.978820801	12.0498590469
295.728729248	19.617225647
296.478637695	15.2810430527
297.22857666	16.9247550964
297.978485107	8.49909496307
298.728393555	2.18249750137
299.47833252	-2.69297075272
300.228240967	-2.24124288559
300.978149414	2.92199492455
301.728057861	7.86272144318
302.477996826	11.2410144806
303.227905273	15.0475168228
303.977813721	4.08771514893
304.727752686	-2.43029308319
305.477661133	-6.87370681763
306.22756958	-0.388477921486
306.977508545	16.1676864624
307.727416992	4.55235242844
308.477325439	3.82839846611
309.227264404	3.68958640099
309.977172852	2.96978259087
310.727081299	-0.118215620518
311.477020264	-2.97840976715
312.226928711	-0.436288744211
312.976837158	9.06870746613
313.726776123	6.82993507385
314.47668457	-2.16115450859
315.226593018	1.26672410965
315.976531982	3.87405920029
316.72644043	5.7479596138
317.476348877	5.20737838745
318.226287842	-0.629508197308
318.976196289	15.8978652954
319.726104736	-3.31658267975
320.476043701	4.22457504272
321.225952148	6.57009410858
321.975860596	6.04238367081
322.725799561	6.94286298752
323.475708008	6.88902902603
324.225616455	4.78743505478
324.97555542	-6.32307195663
325.725463867	-6.17320823669
326.475372314	2.6202173233
327.225311279	4.79299736023
327.975219727	-0.344202935696
328.725128174	-4.49220657349
329.475067139	-2.52599215508
330.224975586	5.16875505447
330.974884033	5.21380567551
331.724822998	4.57113313675
332.474731445	-0.643925070763
333.224639893	-1.90335583687
333.974578857	0.662040472031
334.724487305	-1.52637588978
335.474395752	-0.28664585948
336.224334717	9.59716320038
336.974243164	8.15281105042
337.724151611	1.16993832588
338.474090576	-0.427751243114
339.223999023	3.30479955673
339.973907471	6.25040864944
340.723846436	6.93114614487
341.473754883	4.68514299393
342.22366333	6.94905090332
342.973602295	7.06643390656
343.723510742	5.03039932251
344.473419189	3.29127812386
345.223358154	1.62559521198
345.973266602	0.0539162606001
346.723175049	9.13926506042
347.473114014	4.28945493698
348.223022461	3.9850564003
348.972930908	4.96481466293
349.722869873	3.10739779472
350.47277832	2.42065215111
351.222686768	4.34180927277
351.972625732	1.04933357239
352.72253418	8.56401920319
353.472442627	12.1285552979
354.222381592	-1.27212786674
354.972290039	-1.52305948734
355.722198486	1.71721982956
356.472137451	0.387138903141
357.222045898	0.173530295491
357.971954346	-1.78580582142
358.721893311	5.95102310181
359.471801758	-2.91447925568
360.221710205	4.42943763733
360.971618652	1.9593975544
361.721557617	-0.35701918602
362.471466064	5.00961828232
363.221374512	-0.992915570736
363.971313477	3.92389822006
364.721221924	9.72126102448
365.471130371	6.83856201172
366.221069336	3.77494502068
366.970977783	6.68820571899
367.72088623	8.77685832977
368.470825195	3.86013031006
369.220733643	1.91923451424
369.97064209	4.66535806656
370.720581055	9.07828807831
371.470489502	-0.615003108978
372.220397949	3.8089158535
372.970336914	7.9369187355
373.720245361	3.71120238304
374.470153809	0.922512948513
375.220092773	-2.09603691101
375.970001221	-3.48094081879
376.719909668	4.11804962158
377.469848633	6.33379840851
378.21975708	12.7772636414
378.969665527	16.33070755
379.719604492	11.8317804337
380.469512939	6.57662153244
381.219421387	4.51100063324
381.969360352	1.81240439415
382.719268799	6.4705991745
383.469177246	6.24227333069
384.219116211	6.31204128265
384.969024658	6.41409873962
385.718933105	4.58738470078
386.46887207	1.73252332211
387.218780518	-6.52534341812
387.968688965	-4.85933637619
388.71862793	5.48794317245
389.468536377	8.55578327179
390.218444824	3.99385452271
390.968383789	2.83342075348
391.718292236	9.8374786377
392.468200684	13.9359350204
393.218139648	8.83102035522
393.968048096	20.0397605896
394.717956543	14.9513721466
395.467895508	6.38648939133
396.217803955	2.85526132584
396.967712402	3.6131875515
397.717651367	6.90996074677
398.467559814	15.3093204498
399.217468262	17.6329593658
399.967407227	8.73007774353
400.717315674	9.09618091583
401.467224121	5.37060213089
402.217163086	3.2006084919
402.967071533	4.85080003738
403.71697998	5.42053937912
404.466918945	1.80191481113
405.216827393	5.22057676315
405.96673584	2.80109667778
406.716674805	5.13244628906
407.466583252	6.48319149017
408.216491699	9.14904594421
408.966430664	7.92766857147
409.716339111	1.77169251442
410.466247559	3.10762166977
411.216186523	7.84165811539
411.966094971	-0.515955388546
412.716003418	5.5092663765
413.465942383	0.836343467236
414.21585083	0.682099223137
414.965759277	5.37090301514
415.715698242	8.16647052765
416.465606689	12.8263206482
417.215515137	9.67862987518
417.965423584	6.52292108536
418.715362549	7.19612836838
419.465270996	4.73788309097
420.215179443	1.57750475407
420.965118408	5.11510705948
421.715026855	12.3790836334
422.464935303	11.5809259415
423.214874268	12.6049556732
423.964782715	13.8385667801
424.714691162	3.28591561317
425.464630127	2.97329068184
426.214538574	7.35219621658
426.964447021	10.8467025757
427.714385986	9.14455890656
428.464294434	4.96107816696
429.214202881	16.71808815
429.964141846	5.86319732666
430.714050293	10.4909963608
431.46395874	10.9635372162
432.213897705	13.153468132
432.963806152	12.5115299225
433.7137146	10.1570825577
434.463653564	10.4720363617
435.213562012	6.74746465683
435.963470459	11.5049943924
436.713409424	6.90269613266
437.463317871	-2.02145314217
438.213226318	3.74729156494
438.963165283	13.4941453934
439.71307373	14.3363761902
440.462982178	8.609126091
441.212921143	9.3826675415
441.96282959	11.3280858994
442.712738037	16.9697322845
443.462677002	19.3295936584
444.212585449	18.453371048
444.962493896	15.6748371124
445.712432861	14.2592992783
446.462341309	14.2442150116
447.212249756	12.3545503616
447.962188721	9.96021461487
448.712097168	15.3979043961
449.462005615	10.332069397
450.21194458	6.80952215195
450.961853027	2.98371553421
451.711761475	8.52495193481
452.461700439	15.3565301895
453.211608887	12.5949478149
453.961517334	13.7185277939
454.711456299	8.12475967407
455.461364746	10.433848381
456.211273193	15.4477024078
456.961212158	10.4076757431
457.711120605	12.6939983368
458.461029053	16.5064983368
459.210968018	10.3438053131
459.960876465	3.41903066635
460.710784912	17.0686721802
461.460723877	18.9755153656
462.210632324	7.46623706818
462.960540771	11.1331748962
463.710479736	11.6811609268
464.460388184	7.65558624268
465.210296631	5.13803815842
465.960235596	6.22111940384
466.710144043	6.47822141647
467.46005249	1.14866888523
468.209991455	16.298576355
468.959899902	12.560210228
469.70980835	8.10950279236
470.459747314	12.240237236
471.209655762	15.3607349396
471.959564209	12.4813623428
472.709503174	8.6296749115
473.459411621	2.41445660591
474.209320068	8.75288009644
474.959228516	-3.59130525589
475.70916748	8.4053735733
476.459075928	8.93469238281
477.208984375	6.09594631195
477.95892334	6.56938552856
478.708831787	8.47249126434
479.458740234	10.7828998566
480.208679199	13.2672491074
480.958587646	20.7182445526
481.708496094	3.05569982529
482.458435059	7.32033014297
483.208343506	11.4875202179
483.958251953	12.5883951187
484.708190918	11.1347789764
485.458099365	8.65430164337
486.208007813	9.88487625122
486.957946777	5.89245700836
487.707855225	8.91318511963
488.457763672	7.06680965424
489.207702637	4.93917512894
489.957611084	-1.24223005772
490.707519531	-1.48993444443
491.457458496	4.04135847092
492.207366943	7.79126596451
492.957275391	9.05227470398
493.707214355	-3.77044415474
494.457122803	4.5790271759
495.20703125	4.73798465729
495.956970215	9.99940299988
496.706878662	1.06200909615
497.456787109	-4.16634702682
498.206726074	3.83149838448
498.956634521	9.91199588776
499.706542969	4.42843580246
500.456481934	4.93661165237
501.206390381	1.96490836143
501.956298828	7.75597667694
502.706237793	-3.62598419189
503.45614624	-6.71694278717
504.206054688	-2.00398421288
504.955993652	4.18235301971
505.7059021	7.71081018448
506.455810547	0.78631734848
507.205749512	0.724981784821
507.955657959	9.53122520447
508.705566406	9.10854816437
509.455505371	6.47494697571
510.205413818	5.83296298981
510.955322266	9.85029602051
511.70526123	12.0625123978
512.45513916	8.5772228241
513.205078125	7.32078886032
513.95501709	1.67608678341
514.70489502	6.71927022934
515.454833984	7.66411447525
516.204772949	3.28364896774
516.954650879	7.24248981476
517.704589844	8.84371852875
518.454528809	4.85955429077
519.204406738	2.67144966125
519.954345703	4.92554426193
520.704284668	7.16701936722
521.454162598	1.48702502251
522.204101563	1.9196549654
522.954040527	5.64529943466
523.703918457	1.86374998093
524.453857422	6.5580072403
525.203796387	8.93269920349
525.953674316	2.44906258583
526.703613281	4.43957662582
527.453552246	8.30117702484
528.203430176	-2.51803874969
528.953369141	4.16396570206
529.703308105	1.79487586021
530.453186035	3.19205260277
531.203125	2.83065342903
531.953063965	3.3027806282
532.702941895	4.03772592545
533.452880859	1.88853824139
534.202819824	4.08543539047
534.952697754	6.42725324631
535.702636719	-0.825763046741
536.452575684	1.43345832825
537.202453613	1.16635894775
537.952392578	-4.08812189102
538.702331543	-3.09119915962
539.452209473	5.80963993073
540.202148438	8.92574119568
540.952087402	-0.812000691891
541.701965332	0.648240625858
542.451904297	-3.0316400528
543.201843262	1.90243172646
543.951721191	5.08977746964
544.701660156	7.4121928215
545.451599121	4.75212574005
546.201477051	4.1548871994
546.951416016	3.25483751297
547.70135498	-2.77993226051
548.45123291	2.01445364952
549.201171875	4.88858127594
549.95111084	-4.83725881577
550.70098877	-0.867328047752
551.450927734	-1.1341381073
552.200866699	3.76025319099
552.950744629	7.0371222496
553.700683594	2.97203326225
554.450622559	-0.463813692331
555.200500488	5.74302482605
555.950439453	8.36246776581
556.700378418	-0.250487476587
557.450256348	4.21943569183
558.200195313	3.91837716103
558.950134277	-0.153433218598
559.700012207	-0.550171256065
560.449951172	0.756749153137
561.199890137	1.51716077328
561.949768066	2.53816270828
562.699707031	1.50564360619
563.449645996	-6.16571521759
564.199523926	10.9937524796
564.949462891	8.51095485687
565.699401855	2.39644241333
566.449279785	-4.21220207214
567.19921875	-6.7649846077
567.949157715	-3.30467534065
568.699035645	-1.28205621243
569.448974609	-3.78085327148
570.198913574	0.489606291056
570.948791504	3.74351835251
571.698730469	-0.181502535939
572.448669434	2.72839188576
573.198547363	5.8126335144
573.948486328	8.69201087952
574.698425293	7.09953212738
575.448303223	4.3036775589
576.198242188	2.63729310036
576.948181152	0.0963589474559
577.698059082	-2.13196778297
578.447998047	-0.61657422781
579.197937012	-2.0687251091
579.947814941	-14.4016819
580.697753906	-3.77558541298
581.447692871	-0.675749599934
582.197570801	-4.90450382233
582.947509766	-4.24909543991
583.69744873	2.23143196106
584.44732666	5.3768081665
585.197265625	3.12779736519
585.94720459	3.22281146049
586.69708252	-0.25804066658
587.447021484	9.21623039246
588.196960449	4.70685911179
588.946838379	-2.21330118179
589.696777344	-3.53126645088
590.446716309	-1.36930441856
591.196594238	0.545229196548
591.946533203	-0.753204703331
592.696472168	-5.75655651093
593.446350098	-2.44926166534
594.196289063	-1.19799768925
594.946228027	7.58205938339
595.696105957	-4.76349258423
596.446044922	-4.85320949554
597.195983887	1.71795511246
597.945861816	3.58253908157
598.695800781	5.27045631409
599.445739746	6.01852369308
600.195617676	-3.94613909721
600.945556641	-6.76071691513
601.695495605	-14.1616973877
602.445373535	3.56609916687
603.1953125	-7.00339174271
603.945251465	-4.84855556488
604.695129395	3.67141604424
605.445068359	3.14946389198
606.195007324	0.630807459354
606.944885254	1.41243708134
607.694824219	-0.930049002171
608.444763184	-2.83936095238
609.194641113	-5.88388776779
609.944580078	-8.92880439758
610.694519043	3.18381786346
611.444396973	-4.25971126556
612.194335938	-3.04393148422
612.944274902	-3.102840662
613.694152832	-2.85188126564
614.444091797	1.29360127449
615.194030762	0.504040300846
615.943908691	-7.03715276718
616.693847656	3.06094360352
617.443786621	-10.6826658249
618.193664551	-2.85242152214
618.943603516	2.28618693352
619.693481445	3.86334872246
620.44342041	3.54550552368
621.193359375	0.0213789753616
621.943237305	-5.63597154617
622.69317627	-5.65536785126
623.443115234	1.49566864967
624.192993164	2.13838219643
624.942932129	-5.51976251602
625.692871094	-4.94088459015
626.442749023	-6.83124446869
627.192687988	-2.70767354965
627.942626953	-3.34219765663
628.692504883	-5.79578971863
629.442443848	-1.1348503828
630.192382813	4.39250612259
630.942260742	7.17235040665
631.692199707	10.245513916
632.442138672	3.82004284859
633.192016602	-9.23098468781
633.941955566	-3.20307850838
634.691894531	-4.48042488098
635.441772461	-5.54738998413
636.191711426	-1.28126394749
636.941650391	2.84100985527
637.69152832	3.41000819206
638.441467285	-1.07089030743
639.19140625	-4.56340837479
639.94128418	0.941968500614
640.691223145	7.89968395233
641.441162109	-0.448318183422
642.191040039	-12.1382770538
642.940979004	-5.86609315872
643.690917969	-6.51695919037
644.440795898	-1.13453757763
645.190734863	-3.15129423141
645.940673828	-3.54701066017
646.690551758	0.00939927063882
647.440490723	0.910542666912
648.190429688	-1.10942590237
648.940307617	-1.19638001919
649.690246582	0.264280289412
650.440185547	-3.25697016716
651.190063477	-3.83804965019
651.940002441	-0.931794404984
652.689941406	-6.69553756714
653.439819336	-6.15628623962
654.189758301	1.77957868576
654.939697266	4.09103870392
655.689575195	4.02209758759
656.43951416	7.19358825684
657.189453125	0.620977044106
657.939331055	-3.51681160927
658.68927002	-5.28301143646
659.439208984	-0.364099144936
660.189086914	-1.79417002201
660.939025879	2.90903639793
661.688964844	-0.0846947431564
662.438842773	-5.18198680878
663.188781738	-5.39610815048
663.938720703	-1.76512157917
664.688598633	0.948728501797
665.438537598	1.83745121956
666.188476563	3.08073496819
666.938354492	-1.49229562283
667.688293457	-4.79148483276
668.438232422	-4.30209970474
669.188110352	-2.10754442215
669.938049316	-3.47185826302
670.687988281	-2.69230437279
671.437866211	3.73227715492
672.187805176	0.198445856571
672.937744141	-8.76662158966
673.68762207	-5.68573665619
674.437561035	-0.997201621532
675.1875	-3.29071450233
675.93737793	0.668695151806
676.687316895	-8.34988498688
677.437255859	-9.80365371704
678.187133789	-1.66293096542
678.937072754	3.38440680504
679.687011719	-4.19273662567
680.436889648	-10.1082963943
681.186828613	-6.47447919846
681.936767578	-1.63750648499
682.686645508	-5.46220016479
683.436584473	-13.2501745224
684.186523438	-5.30214071274
684.936401367	-0.939524888992
685.686340332	-10.6540737152
686.436279297	0.142669171095
687.186157227	-3.40927362442
687.936096191	-0.815465092659
688.686035156	-6.21524047852
689.435913086	-5.32962179184
690.185852051	-6.19105195999
690.935791016	-9.92654323578
691.685668945	-4.25213718414
692.43560791	-7.47951078415
693.185546875	-3.13836503029
693.935424805	-9.88459014893
694.68536377	-8.60819530487
695.435302734	-0.665715694427
696.185180664	-7.07223463058
696.935119629	-3.39695167542
697.685058594	-1.54544520378
698.434936523	-6.83133554459
699.184875488	-7.28803396225
699.934814453	-2.73476028442
700.684692383	-3.12636375427
701.434631348	-3.21106004715
702.184570313	-1.84120488167
702.934448242	-10.0663957596
703.684387207	6.1545791626
704.434326172	-13.0495929718
705.184204102	-4.82407045364
705.934143066	-1.03118050098
706.684082031	-5.1456618309
707.433959961	-3.53213095665
708.183898926	-0.592726051807
708.933837891	-2.26110172272
709.68371582	-4.30456829071
710.433654785	-3.73832464218
711.18359375	-2.45082879066
711.93347168	-6.50576972961
712.683410645	-10.9567689896
713.433349609	-10.1377782822
714.183227539	-4.24810171127
714.933166504	-14.3687171936
715.683105469	-5.47950601578
716.432983398	-4.54165697098
717.182922363	-13.2748365402
717.932861328	-17.0662975311
718.682739258	-13.6591033936
719.432678223	-9.59572124481
720.182617188	-8.19621753693
720.932495117	-11.0636587143
721.682434082	-6.20308113098
722.432373047	-2.84927797318
723.182250977	0.0532699860632
723.932189941	-0.353608131409
724.682128906	0.163822516799
725.432006836	0.313425421715
726.181945801	2.29063391685
726.931884766	-1.42856872082
727.681762695	-1.73233497143
728.43170166	-1.45170545578
729.181640625	-9.8025226593
729.931518555	-6.26518630981
730.68145752	-3.13247561455
731.431396484	-0.880944609642
732.181274414	9.42038440704
732.931213379	-1.50285148621
733.681091309	-5.90370941162
734.431030273	-6.09107446671
735.180969238	-5.50009632111
735.930847168	-2.66088032722
736.680786133	8.98186302185
737.430725098	10.4463920593
738.180603027	-0.123556546867
738.930541992	-2.56129550934
739.680480957	-2.70234274864
740.430358887	0.815706551075
741.180297852	7.29687452316
741.930236816	-4.14474010468
742.680114746	2.86966228485
743.430053711	4.43576097488
744.179992676	3.36572051048
744.929870605	1.17614352703
745.67980957	0.0104686859995
746.429748535	1.64167654514
747.179626465	4.18812227249
747.92956543	0.04966923967
748.679504395	-5.62133836746
749.429382324	-3.7278239727
750.179321289	-8.57454395294
750.929260254	2.85972595215
751.679138184	-3.46431922913
752.429077148	-2.87074708939
753.179016113	-8.26953792572
753.928894043	1.54709517956
754.678833008	-3.56331992149
755.428771973	-2.23459482193
756.178649902	-0.0510562509298
756.928588867	0.0494127310812
757.678527832	2.42592835426
758.428405762	2.98416185379
759.178344727	-0.16311095655
759.928283691	1.52559196949
760.678161621	0.837945103645
761.428100586	0.0533967204392
762.178039551	3.72784805298
762.92791748	10.5851154327
763.677856445	10.2283468246
764.42779541	1.78498518467
765.17767334	6.2787270546
765.927612305	-1.02822875977
766.67755127	8.33035755157
767.427429199	4.47500944138
768.177368164	-4.62638759613
768.927307129	-1.55821406841
769.677185059	-3.13615775108
770.427124023	-2.20731210709
771.177062988	-1.57941544056
771.926940918	3.72816181183
772.676879883	-5.98497533798
773.426818848	-2.83516716957
774.176696777	10.9786586761
774.926635742	-0.873906075954
775.676574707	-0.0595927871764
776.426452637	1.49976205826
777.176391602	3.99855399132
777.926330566	-1.16808199883
778.676208496	-5.24489688873
779.426147461	-4.60166501999
780.176086426	-5.34615898132
780.925964355	-2.98519134521
781.67590332	-0.33476510644
782.425842285	5.2145409584
783.175720215	2.06186747551
783.92565918	-4.79905128479
784.675598145	1.49933958054
785.425476074	10.0603342056
786.175415039	3.27162051201
786.925354004	1.70821022987
787.675231934	8.24868965149
788.425170898	6.85337018967
789.175109863	-1.99296855927
789.924987793	-4.25168323517
790.674926758	1.32971227169
791.424865723	3.44921660423
792.174743652	3.2562520504
792.924682617	7.91413211823
793.674621582	-3.7882399559
794.424499512	2.8178601265
795.174438477	-0.317663282156
795.924377441	6.83927869797
796.674255371	8.69138813019
797.424194336	-1.15640771389
798.174133301	-1.16323852539
798.92401123	3.77824211121
799.673950195	3.2707400322
800.42388916	-3.79215931892
801.17376709	-6.64557743073
801.923706055	2.02293801308
802.67364502	8.70099830627
803.423522949	1.87510633469
804.173461914	2.27657794952
804.923400879	5.67333459854
805.673278809	5.00100755692
806.423217773	9.34750938416
807.173156738	2.70265483856
807.923034668	6.7120141983
808.672973633	-2.788377285
809.422912598	7.12177658081
810.172790527	10.8321399689
810.922729492	1.4229195118
811.672668457	-1.20006120205
812.422546387	-0.901791930199
813.172485352	1.97162628174
813.922424316	7.28733587265
814.672302246	1.83356034756
815.422241211	-1.85832905769
816.172180176	3.32731437683
816.922058105	5.32694625854
817.67199707	10.1342020035
818.421936035	0.65074044466
819.171813965	0.143315196037
819.92175293	7.51615333557
820.671691895	-0.075157545507
821.421569824	13.1165447235
822.171508789	12.0203733444
822.921447754	8.159034729
823.671325684	7.90019845963
824.421264648	4.64905929565
825.171203613	4.33378696442
825.921081543	10.4252920151
826.671020508	12.3063707352
827.420959473	6.58976173401
828.170837402	-2.4493637085
828.920776367	3.95892834663
829.670715332	11.4369688034
830.420593262	-10.270567894
831.170532227	4.4413433075
831.920471191	10.8566083908
832.670349121	7.88573598862
833.420288086	13.7212972641
834.170227051	7.70080947876
834.92010498	1.30147755146
835.670043945	0.641784250736
836.41998291	6.80135822296
837.16986084	8.7648267746
837.919799805	4.63813829422
838.66973877	7.56953954697
839.419616699	14.3372688293
840.169555664	12.6837396622
840.919494629	6.07067728043
841.669372559	11.4392662048
842.419311523	6.0971698761
843.169250488	21.0488204956
843.919128418	9.76607227325
844.669067383	21.1934757233
845.419006348	13.2084197998
846.168884277	8.66625785828
846.918823242	2.01023411751
847.668701172	7.1529250145
848.418640137	14.5253667831
849.168579102	13.0852622986
849.918457031	10.6259860992
850.668395996	12.8069143295
851.418334961	17.0710029602
852.168212891	14.7043333054
852.918151855	0.422882318497
853.66809082	13.1957988739
854.41796875	12.0501060486
855.167907715	12.8488168716
855.91784668	2.14808487892
856.667724609	16.9230384827
857.417663574	13.6941165924
858.167602539	5.39942836761
858.917480469	-1.10875213146
859.667419434	-2.96899938583
860.417358398	5.58023834229
861.167236328	8.11208152771
861.917175293	2.69442296028
862.667114258	1.09550535679
863.416992188	4.42829751968
864.166931152	3.09001541138
864.916870117	-1.07584249973
865.666748047	-0.410225450993
866.416687012	-4.26994609833
867.166625977	-4.54321098328
867.916503906	3.91917443275
868.666442871	8.45827293396
869.416381836	0.825678765774
870.166259766	1.90363407135
870.91619873	1.42104935646
871.666137695	-3.98086190224
872.416015625	-1.94238877296
873.16595459	0.407111227512
873.915893555	0.477962911129
874.665771484	1.2721657753
875.415710449	2.25059485435
876.165649414	1.6756336689
876.915527344	4.68289470673
877.665466309	6.04312944412
878.415405273	3.80744743347
879.165283203	5.05967330933
879.915222168	-0.567061126232
880.665161133	-0.431832581758
881.415039063	5.46164369583
882.164978027	9.81345558167
882.914916992	4.94560194016
883.664794922	-3.93735742569
884.414733887	12.0329771042
885.164672852	6.46172332764
885.914550781	-4.26265096664
886.664489746	1.45965158939
887.414428711	-1.57894802094
888.164306641	-1.99818515778
888.914245605	-0.128032326698
889.66418457	2.340020895
890.4140625	5.44709014893
891.164001465	0.385296940804
891.91394043	-10.4624156952
892.663818359	-3.39312696457
893.413757324	4.60817527771
894.163696289	1.96952366829
894.913574219	-0.448538511992
895.663513184	-0.0274518486112
896.413452148	-1.02939987183
897.163330078	5.4816608429
897.913269043	-0.00833949260414
898.663208008	-4.98372173309
899.413085938	2.74787402153
900.163024902	1.25790417194
900.912963867	4.61101293564
901.662841797	0.339740335941
902.412780762	-3.01235103607
903.162719727	2.45561051369
903.912597656	-3.42215323448
904.662536621	-3.07763504982
905.412475586	2.47196102142
906.162353516	0.66579157114
906.91229248	3.97379541397
907.662231445	3.27246069908
908.412109375	-0.161363765597
909.16204834	3.66543889046
909.911987305	2.09845781326
910.661865234	0.901526033878
911.411804199	2.66752243042
912.161743164	-4.3487534523
912.911621094	-4.21498441696
913.661560059	1.76573514938
914.411499023	0.172617346048
915.161376953	3.07915019989
915.911315918	0.780801773071
916.661254883	0.269303262234
917.411132813	-0.24347537756
918.161071777	-1.41267347336
918.911010742	-0.342217028141
919.660888672	2.01713562012
920.410827637	0.26616576314
921.160766602	-0.200365096331
921.910644531	3.55040597916
922.660583496	5.23081731796
923.410522461	0.748966693878
924.160400391	-7.46940898895
924.910339355	-2.78944015503
925.66027832	0.288493186235
926.41015625	-0.156261757016
927.160095215	-1.44449365139
927.91003418	-0.272169530392
928.659912109	-1.9983727932
929.409851074	-4.41976833344
930.159790039	-4.51665496826
930.909667969	-4.83656263351
931.659606934	-6.32408952713
932.409545898	-4.24391317368
933.159423828	-5.17083072662
933.909362793	-8.53358650208
934.659301758	0.429249882698
935.409179688	-5.49160957336
936.159118652	-8.76883983612
936.909057617	4.81516599655
937.658935547	-8.34708786011
938.408874512	-2.26862025261
939.158813477	-3.65737700462
939.908691406	0.0157726388425
940.658630371	0.121324300766
941.408569336	-2.6549141407
942.158447266	1.30026376247
942.90838623	5.58525896072
943.658325195	2.78216481209
944.408203125	-2.06189751625
945.15814209	-6.63527011871
945.908081055	-4.25101709366
946.657958984	-6.56968832016
947.407897949	0.182179763913
948.157836914	-5.71286344528
948.907714844	2.55484485626
949.657653809	-9.35185623169
950.407592773	1.10501360893
951.157470703	-2.84076356888
951.907409668	-11.1100597382
952.657348633	-17.9028835297
953.407226563	-15.1007518768
954.157165527	-9.54624080658
954.907104492	-5.21257019043
955.656982422	-1.05162763596
956.406921387	0.382232129574
957.156860352	-0.630838036537
957.906738281	-9.87345981598
958.656677246	-5.72786903381
959.406616211	-8.45306682587
960.156494141	-13.5500888824
960.906433105	-5.53833341599
961.65637207	-5.68160676956
962.40625	-10.2489814758
963.156188965	-9.13036823273
963.906066895	-11.0559425354
964.656005859	-6.74015569687
965.405944824	-6.51419687271
966.155822754	-7.1899394989
966.905761719	-6.62477779388
967.655700684	-4.29205322266
968.405578613	1.89965116978
969.155517578	-0.219665884972
969.905456543	-10.135216713
970.655334473	-4.80476474762
971.405273438	-11.5359897614
972.155212402	-5.84652996063
972.905090332	-11.214761734
973.655029297	-3.31709599495
974.404968262	-14.3285179138
975.154846191	-14.2806129456
975.904785156	-5.9747133255
976.654724121	-6.62619590759
977.404602051	-5.23161029816
978.154541016	-7.50049448013
978.90447998	-15.3069143295
979.65435791	-16.8421535492
980.404296875	-12.4962158203
981.15423584	-12.2909631729
981.90411377	-13.2303161621
982.654052734	-13.6609277725
983.403991699	-16.9946460724
984.153869629	2.12758469582
984.903808594	-6.35873651505
985.653747559	-5.15322494507
986.403625488	-2.55447673798
987.153564453	-8.18844223022
987.903503418	-8.23492908478
988.653381348	-4.25141572952
989.403320313	-6.82401037216
990.153259277	-3.97767519951
990.903137207	-6.09584617615
991.653076172	-9.40382289886
992.403015137	-9.25760650635
993.152893066	-6.9214015007
993.902832031	-4.98340654373
994.652770996	-9.15498542786
995.402648926	-11.8503808975
996.152587891	-4.32779121399
996.902526855	-0.0805312469602
997.652404785	2.40414190292
998.40234375	3.26257753372
999.152282715	-0.24663220346
999.902160645	-4.90571212769
1000.65209961	-9.06406974792
1001.40203857	3.13029813766
1002.1519165	-1.19169795513
1002.90185547	-4.76829528809
1003.65179443	-3.32108926773
1004.40167236	-0.640247106552
1005.15161133	-1.7492390871
1005.90155029	-6.96617174149
1006.65142822	-10.306432724
1007.40136719	-2.62005996704
1008.15130615	6.62740850449
1008.90118408	-3.10092902184
1009.65112305	-6.49905967712
1010.40106201	-1.05548501015
1011.15093994	-8.53922462463
1011.90087891	0.834098935127
1012.65081787	-1.30356431007
1013.4006958	-12.1224937439
1014.15063477	-3.09261488914
1014.90057373	5.65488433838
1015.65045166	8.51648235321
1016.40039063	1.81209206581
1017.15032959	-1.20014381409
1017.90020752	-8.82035732269
1018.65014648	-7.54804754257
1019.40008545	-1.19602584839
1020.14996338	5.486723423
1020.89990234	4.71382188797
1021.64984131	-1.69819438457
1022.39971924	2.4742705822
1023.1496582	-1.63446199894
1023.89959717	-6.8761138916
1024.64953613	1.38311946392
1025.39941406	-5.88226652145
1026.14929199	-1.17313468456
1026.89929199	-0.941589474678
1027.64916992	-0.47305816412
1028.39904785	0.894551515579
1029.14904785	-0.0212727077305
1029.89892578	12.7741937637
1030.64880371	10.230547905
1031.39880371	3.91506576538
1032.14868164	6.7195649147
1032.89855957	3.87916684151
1033.64855957	-1.24748790264
1034.3984375	2.73679041862
1035.14831543	2.72210645676
1035.89831543	-6.44792938232
1036.64819336	-4.74879169464
1037.39807129	4.78190374374
1038.14807129	2.29270005226
1038.89794922	3.9339761734
1039.64782715	4.23189878464
1040.39782715	-7.56283140182
1041.14770508	9.39088344574
1041.89758301	12.2805118561
1042.64758301	-8.39221000671
1043.39746094	0.490124702454
1044.14733887	7.04352521896
1044.89733887	3.66398668289
1045.6472168	3.06664562225
1046.39709473	4.43608617783
1047.14709473	9.28715324402
1047.89697266	7.5310754776
1048.64685059	2.29355216026
1049.39685059	-0.231585964561
1050.14672852	4.3220281601
1050.89660645	4.03055000305
1051.64660645	-3.73367834091
1052.39648438	1.50113415718
1053.1463623	7.13987731934
1053.8963623	-2.69025349617
1054.64624023	7.15143156052
1055.39611816	-4.67373847961
1056.14611816	-4.12609243393
1056.89599609	-7.72494363785
1057.64587402	2.56476974487
1058.39587402	-1.73240208626
1059.14575195	6.18537855148
1059.89562988	-2.77446532249
1060.64562988	4.37956523895
1061.39550781	6.30579900742
1062.14538574	1.35894036293
1062.89538574	2.03691196442
1063.64526367	11.714931488
1064.3951416	7.93655729294
1065.1451416	-2.20189809799
1065.89501953	-2.47035050392
1066.64489746	-4.5995054245
1067.39489746	0.0971525162458
1068.14477539	6.65314769745
1068.89465332	-5.0122013092
1069.64465332	-2.86395931244
1070.39453125	-1.94060873985
1071.14440918	-0.898209095001
1071.89440918	-1.97681963444
1072.64428711	5.20283269882
1073.39416504	0.765938580036
1074.14416504	0.396312445402
1074.89404297	3.04598140717
1075.6439209	-7.05776786804
1076.3939209	-1.34299755096
1077.14379883	1.7230989933
1077.89367676	2.33469724655
1078.64367676	0.0773147195578
1079.39355469	-2.59746408463
1080.14343262	-7.62353038788
1080.89343262	-5.69779253006
1081.64331055	-5.36060810089
1082.39318848	0.75221067667
1083.14318848	6.21611118317
1083.89306641	1.94259274006
1084.64294434	-4.12625932693
1085.39294434	0.934381783009
1086.14282227	11.3286485672
1086.8927002	6.48469591141
1087.6427002	-6.08855867386
1088.39257813	-15.9851541519
1089.14245605	-5.46138572693
1089.89245605	0.597912728786
1090.64233398	-2.42604827881
1091.39221191	-15.5024385452
1092.14221191	-13.5736179352
1092.89208984	-3.02079629898
1093.64196777	-6.35986661911
1094.39196777	-9.04188537598
1095.1418457	-6.70270299911
1095.89172363	-1.13109779358
1096.64172363	-1.9694892168
1097.39160156	-8.82432174683
1098.14147949	-5.34652757645
1098.89147949	0.6907979846
1099.64135742	-8.86178874969
1100.39123535	-10.1068792343
1101.14123535	-6.84961366653
1101.89111328	-9.94497013092
1102.64099121	-8.85076713562
1103.39099121	-10.1498823166
1104.14086914	-11.1288909912
1104.89074707	-2.36388087273
1105.64074707	-7.33380317688
1106.390625	-12.451086998
1107.14050293	-1.95885801315
1107.89050293	0.779899060726
1108.64038086	-2.69250249863
1109.39025879	-5.35690498352
1110.14025879	1.87822031975
1110.89013672	12.7683525085
1111.64001465	2.91687703133
1112.39001465	-7.17342185974
1113.13989258	5.99590015411
1113.88977051	-9.82423400879
1114.63977051	-9.44781208038
1115.38964844	-1.02076864243
1116.13952637	5.03605079651
1116.88952637	-10.4464139938
1117.6394043	-9.31324005127
1118.38928223	-10.5259981155
1119.13928223	-13.8710727692
1119.88916016	-8.1579580307
1120.63903809	-4.39715909958
1121.38903809	-1.32258677483
1122.13891602	-1.32941198349
1122.88879395	-4.1599984169
1123.63879395	-9.55495357513
1124.38867188	-10.2490348816
1125.1385498	-1.05679416656
1125.8885498	-0.935981035233
1126.63842773	-0.0460455976427
1127.38830566	-0.0684636905789
1128.13830566	4.68231534958
1128.88818359	5.10340929031
1129.63806152	11.4886140823
1130.38806152	2.73716568947
1131.13793945	-1.97769618034
1131.88781738	-0.365501224995
1132.63781738	-3.39722323418
1133.38769531	-10.706079483
1134.13757324	1.24080181122
1134.88757324	3.1968421936
1135.63745117	21.8459625244
1136.3873291	11.0314617157
1137.13720703	-1.35899853706
1137.88720703	5.96587705612
1138.63708496	0.264351457357
1139.38696289	3.41859960556
1140.13696289	1.22385263443
1140.88684082	-4.30512666702
1141.63671875	7.35513353348
1142.38671875	11.3866434097
1143.13659668	4.42379570007
1143.88647461	-1.98833167553
1144.63647461	3.35854721069
1145.38635254	8.80100345612
1146.13623047	5.24464988708
1146.88623047	0.70697671175
1147.6361084	7.5645942688
1148.38598633	20.5784301758
1149.13598633	0.00560152763501
1149.88586426	-0.623200833797
1150.63574219	1.64353513718
1151.38574219	17.1212730408
1152.13562012	14.0829248428
1152.88549805	12.5910549164
1153.63549805	9.63107967377
1154.38537598	6.62968826294
1155.13525391	18.6788043976
1155.88525391	12.2430591583
1156.63513184	18.4821147919
1157.38500977	13.8214530945
1158.13500977	-4.71475505829
1158.8848877	-8.65694236755
1159.63476563	10.4444494247
1160.38476563	17.6615982056
1161.13464355	15.9442338943
1161.88452148	14.9642038345
1162.63452148	7.72188043594
1163.38439941	19.1425170898
1164.13427734	8.02918624878
1164.88427734	24.6883220673
1165.63415527	22.8924045563
1166.3840332	15.1089696884
1167.1340332	9.28678131104
1167.88391113	9.22798633575
1168.63378906	6.76440620422
1169.38378906	12.1705503464
1170.13366699	15.6053466797
1170.88354492	16.1820487976
1171.63354492	21.6380290985
1172.38342285	14.8606052399
1173.13330078	13.6830663681
1173.88330078	17.3574905396
1174.63317871	13.2344255447
1175.38305664	14.2177143097
1176.13305664	19.8451423645
1176.88293457	20.0686035156
1177.6328125	15.4697389603
1178.3828125	19.4716777802
1179.13269043	21.4100437164
1179.88256836	20.7777023315
1180.63256836	23.144569397
1181.38244629	9.1066493988
1182.13232422	23.1470050812
1182.88232422	13.9800300598
1183.63220215	9.16134643555
1184.38208008	17.8874340057
1185.13208008	28.0496807098
1185.88195801	26.5746574402
1186.63183594	31.3712997437
1187.38183594	29.6297092438
1188.13171387	15.5620632172
1188.8815918	22.6076984406
1189.6315918	17.1501655579
1190.38146973	22.6415710449
1191.13134766	22.1073436737
1191.88134766	8.3842458725
1192.63122559	20.4816703796
1193.38110352	27.6944198608
1194.13110352	22.2219944
1194.88098145	24.9410305023
1195.63085938	31.7343177795
1196.38085938	23.2462043762
1197.1307373	21.948884964
1197.88061523	30.2275829315
1198.63061523	27.2633666992
1199.38049316	28.325176239
1200.13037109	30.1555709839
1200.88037109	27.0100803375
1201.63024902	26.7192592621
1202.38012695	19.2218055725
1203.13012695	18.13048172
1203.88000488	28.3903522491
1204.62988281	30.4182567596
1205.37988281	25.5637512207
1206.12976074	21.9532585144
1206.87963867	22.4008426666
1207.62963867	35.8093986511
1208.3795166	46.3527145386
1209.12939453	38.2872962952
1209.87939453	26.5763759613
1210.62927246	25.8983783722
1211.37915039	35.9821014404
1212.12915039	31.8277282715
1212.87902832	30.9860954285
1213.62890625	29.0805912018
1214.37890625	23.3401584625
1215.12878418	39.9951400757
1215.87866211	60.5140419006
1216.62866211	49.6250801086
1217.37854004	48.8409156799
1218.12841797	59.3157196045
1218.87841797	47.0364074707
1219.6282959	37.2834587097
1220.37817383	43.0926780701
1221.12817383	53.2769584656
1221.87805176	45.478843689
1222.62792969	42.954624176
1223.37792969	63.4232368469
1224.12780762	60.7543678284
1224.87768555	52.088973999
1225.62768555	51.689666748
1226.37756348	64.9383087158
1227.12744141	64.1871566772
1227.87744141	61.5600700378
1228.62731934	63.6342697144
1229.37719727	61.0612831116
1230.12719727	61.0623703003
1230.8770752	59.8900794983
1231.62695313	54.8740386963
1232.37695313	56.7381591797
1233.12683105	60.1606864929
1233.87670898	63.4812889099
1234.62670898	66.2573013306
1235.37658691	60.4372787476
1236.12646484	69.5275039673
1236.87646484	74.1771774292
1237.62634277	76.9465026855
1238.3762207	88.4987640381
1239.1262207	95.0874328613
1239.87609863	93.6280670166
1240.62597656	90.4688339233
1241.37597656	91.2712860107
1242.12585449	90.4803695679
1242.87573242	95.9108352661
1243.62573242	97.2711105347
1244.37561035	92.1873168945
1245.12548828	94.4721221924
1245.87548828	100.338195801
1246.62536621	93.9927825928
1247.37524414	93.5250473022
1248.12524414	93.1942596436
1248.87512207	93.1134567261
1249.625	98.6407241821
1250.375	106.240318298
1251.12487793	106.935035706
1251.87475586	108.883865356
1252.62475586	95.9194946289
1253.37463379	106.345474243
1254.12451172	112.129966736
1254.87451172	124.32963562
1255.62438965	111.328239441
1256.37426758	133.476043701
1257.12426758	119.041099548
1257.87414551	115.876319885
1258.62402344	136.801895142
1259.37402344	122.807220459
1260.12390137	117.384078979
1260.8737793	141.10067749
1261.6237793	130.14491272
1262.37365723	145.002441406
1263.12353516	147.943817139
1263.87353516	130.192871094
1264.62341309	138.115142822
1265.37329102	160.107315063
1266.12329102	159.815063477
1266.87316895	144.986831665
1267.62304688	150.574676514
1268.37304688	159.841690063
1269.1229248	181.121124268
1269.87280273	151.1980896
1270.62280273	169.827850342
1271.37268066	174.254852295
1272.12255859	170.811386108
1272.87255859	184.408294678
1273.62243652	181.411361694
1274.37231445	179.064880371
1275.12231445	189.696212769
1275.87219238	183.258911133
1276.62207031	190.697509766
1277.37207031	199.328430176
1278.12194824	207.912780762
1278.87182617	200.842056274
1279.62182617	208.844116211
1280.3717041	223.52015686
1281.12158203	211.442596436
1281.87158203	227.413772583
1282.62145996	236.718109131
1283.37133789	210.093673706
1284.12133789	217.923431396
1284.87121582	237.349945068
1285.62109375	233.288192749
1286.37109375	232.432525635
1287.12097168	243.776351929
1287.87084961	246.461181641
1288.62084961	251.234237671
1289.37072754	244.651611328
1290.12060547	244.179641724
1290.87060547	251.336791992
1291.6204834	263.198730469
1292.37036133	283.785308838
1293.12036133	274.090820313
1293.87023926	273.546417236
1294.62011719	289.513580322
1295.37011719	291.830749512
1296.11999512	315.266693115
1296.86987305	318.154083252
1297.61987305	316.209625244
1298.36975098	325.228363037
1299.11962891	328.85736084
1299.86962891	322.357025146
1300.61950684	329.494934082
1301.36938477	340.832275391
1302.11938477	355.535491943
1302.8692627	356.739013672
1303.61914063	357.655273438
1304.36914063	360.585388184
1305.11901855	372.352111816
1305.86889648	369.210357666
1306.61889648	375.749206543
1307.36877441	382.917449951
1308.11865234	392.529937744
1308.86865234	403.581298828
1309.61853027	410.774505615
1310.3684082	412.963470459
1311.1184082	427.182281494
1311.86828613	428.844024658
1312.61816406	423.896911621
1313.36816406	433.475128174
1314.11804199	446.285400391
1314.86791992	439.294372559
1315.61791992	441.483642578
1316.36779785	455.249084473
1317.11767578	458.216552734
1317.86767578	475.64654541
1318.61755371	477.358337402
1319.36743164	464.604156494
1320.11743164	492.540527344
1320.86730957	510.414886475
1321.6171875	510.199188232
1322.3671875	515.38873291
1323.11706543	509.592803955
1323.86694336	509.843658447
1324.61694336	508.378692627
1325.36682129	502.090789795
1326.11669922	520.226501465
1326.86669922	550.536132813
1327.61657715	548.772155762
1328.36645508	533.342468262
1329.11645508	526.767883301
1329.86633301	532.163452148
1330.61621094	547.559082031
1331.36621094	555.245178223
1332.11608887	561.788635254
1332.8659668	572.518737793
1333.6159668	563.388977051
1334.36584473	569.233032227
1335.11572266	569.799621582
1335.86572266	560.233520508
1336.61560059	560.440429688
1337.36547852	568.321838379
1338.11547852	560.116638184
1338.86535645	552.367126465
1339.61523438	560.313659668
1340.36523438	558.457702637
1341.1151123	567.243835449
1341.86499023	572.211853027
1342.61499023	562.372680664
1343.36486816	550.269470215
1344.11474609	532.483337402
1344.86474609	527.754516602
1345.61462402	543.904907227
1346.36450195	550.091552734
1347.11450195	554.559936523
1347.86437988	544.621826172
1348.61425781	532.859924316
1349.36425781	530.620422363
1350.11413574	523.309082031
1350.86401367	503.496795654
1351.61401367	500.494049072
1352.3638916	496.850616455
1353.11376953	522.311706543
1353.86376953	515.504089355
1354.61364746	506.77166748
1355.36352539	504.588439941
1356.11352539	493.345581055
1356.86340332	478.229431152
1357.61328125	463.695678711
1358.36328125	459.039306641
1359.11315918	456.77130127
1359.86303711	456.953948975
1360.61303711	438.748535156
1361.36291504	424.892303467
1362.11279297	441.886322021
1362.86279297	452.376495361
1363.6126709	432.540802002
1364.36254883	425.65927124
1365.11242676	411.929992676
1365.86242676	392.220672607
1366.61230469	392.304870605
1367.36218262	391.443481445
1368.11218262	407.437072754
1368.86206055	389.544006348
1369.61193848	366.185424805
1370.36193848	367.710083008
1371.11181641	370.061706543
1371.86169434	360.909698486
1372.61169434	341.826416016
1373.36157227	332.054412842
1374.1114502	331.365325928
1374.8614502	332.339141846
1375.61132813	335.649505615
1376.36120605	316.265655518
1377.11120605	307.33895874
1377.86108398	313.6668396
1378.61096191	271.786621094
1379.36096191	280.892425537
1380.11083984	297.738220215
1380.86071777	287.065490723
1381.61071777	287.696594238
1382.3605957	255.642028809
1383.11047363	254.959976196
1383.86047363	267.936706543
1384.61035156	246.553359985
1385.36022949	269.395477295
1386.11022949	254.600784302
1386.86010742	219.480865479
1387.60998535	232.743560791
1388.35998535	234.89503479
1389.10986328	213.069061279
1389.85974121	201.319015503
1390.60974121	211.78805542
1391.35961914	201.507736206
1392.10949707	182.406433105
1392.85949707	214.553024292
1393.609375	223.576660156
1394.35925293	184.25769043
1395.10925293	187.523971558
1395.85913086	204.593200684
1396.60900879	152.614456177
1397.35900879	187.846984863
1398.10888672	168.311538696
1398.85876465	150.595367432
1399.60876465	154.11000061
1400.35864258	170.481109619
1401.10852051	139.640289307
1401.85852051	132.334060669
1402.60839844	150.754425049
1403.35827637	142.010787964
1404.10827637	124.629180908
1404.8581543	139.811203003
1405.60803223	145.60144043
1406.35803223	144.196395874
1407.10791016	121.565605164
1407.85778809	125.30280304
1408.60778809	128.792770386
1409.35766602	132.631591797
1410.10754395	120.263137817
1410.85754395	106.932373047
1411.60742188	96.8008575439
1412.3572998	95.7568664551
1413.1072998	90.6253814697
1413.85717773	109.703941345
1414.60705566	97.2431411743
1415.35705566	94.8954086304
1416.10693359	84.6713638306
1416.85681152	79.1456756592
1417.60681152	93.4815979004
1418.35668945	87.6190032959
1419.10656738	73.197265625
1419.85656738	62.8829154968
1420.60644531	62.6387901306
1421.35632324	89.8944168091
1422.10632324	93.9912643433
1422.85620117	69.8157424927
1423.6060791	59.9556465149
1424.3560791	62.5059242249
1425.10595703	49.7803497314
1425.85583496	55.562953949
1426.60583496	58.9669952393
1427.35571289	41.8226585388
1428.10559082	40.5097427368
1428.85559082	60.285484314
1429.60546875	62.4533424377
1430.35534668	55.9899787903
1431.10534668	63.6428565979
1431.85522461	49.4402923584
1432.60510254	34.1678123474
1433.35510254	32.8047332764
1434.10498047	52.2149009705
1434.8548584	44.3162918091
1435.6048584	27.475610733
1436.35473633	45.2826004028
1437.10461426	26.6661567688
1437.85461426	49.3771400452
1438.60449219	37.1751251221
1439.35437012	39.2868309021
1440.10437012	29.5520458221
1440.85424805	25.8269004822
1441.60412598	17.3339004517
1442.35412598	40.6049423218
1443.10400391	22.8323726654
1443.85388184	14.9699897766
1444.60388184	29.4867286682
1445.35375977	32.9841766357
1446.1036377	14.0773601532
1446.8536377	33.7872161865
1447.60351563	6.77318954468
1448.35339355	6.97589969635
1449.10339355	8.98671913147
1449.85327148	7.51212215424
1450.60314941	0.0805854126811
1451.35314941	21.5202064514
1452.10302734	31.8231372833
1452.85290527	26.5830974579
1453.60290527	24.8260040283
1454.3527832	6.89153718948
1455.10266113	4.14502859116
1455.85266113	9.59694862366
1456.60253906	4.58209943771
1457.35241699	3.03297829628
1458.10241699	9.65695667267
1458.85229492	10.2774219513
1459.60217285	2.78988552094
1460.35217285	-7.7403717041
1461.10205078	-11.2386808395
1461.85192871	0.731729388237
1462.60192871	9.73843669891
1463.35180664	2.91693687439
1464.10168457	10.9552402496
1464.85168457	14.0587797165
1465.6015625	-5.37063026428
1466.35144043	8.00281715393
1467.10144043	-3.94164776802
1467.85131836	11.5254573822
1468.60119629	-0.4475004673
1469.35119629	-0.129910513759
1470.10107422	10.4797725677
1470.85095215	-13.3365383148
1471.60095215	-1.84451007843
1472.35083008	8.43701839447
1473.10070801	-2.29088401794
1473.85070801	-0.156735271215
1474.60058594	-12.8410272598
1475.35046387	-7.1932888031
1476.10046387	2.87683415413
1476.8503418	8.30118465424
1477.60021973	6.63154029846
1478.35021973	-13.9823579788
1479.10009766	-1.0973751545
1479.84997559	4.95032739639
1480.59997559	8.4631986618
1481.34985352	7.77280330658
1482.09973145	-6.17174291611
1482.84973145	-8.94265365601
1483.59960938	-10.5453424454
1484.3494873	-2.81514501572
1485.0994873	2.62543082237
1485.84936523	-16.1361923218
1486.59924316	-9.25560474396
1487.34924316	5.9709815979
1488.09912109	-7.34758853912
1488.84899902	-13.4196367264
1489.59899902	-17.3792686462
1490.34887695	-9.50493717194
1491.09875488	6.22947216034
1491.84875488	8.85712051392
1492.59863281	-2.87581682205
1493.34851074	13.6554059982
1494.09851074	15.8767433167
1494.84838867	-1.37097072601
1495.5982666	8.81990909576
1496.3482666	-1.27125263214
1497.09814453	8.26084423065
1497.84802246	5.02777290344
1498.59802246	8.45589828491
1499.34790039	6.41429519653
1500.09777832	3.71927976608
1500.84777832	0.623937606812
1501.59765625	14.247220993
1502.34753418	28.290517807
1503.09753418	29.9360198975
1503.84741211	30.4661331177
1504.59729004	17.2373027802
1505.34729004	19.4798221588
1506.09716797	29.3990325928
1506.8470459	28.6636123657
1507.5970459	33.5802345276
1508.34692383	26.0468997955
1509.09680176	37.1919403076
1509.84680176	26.2418632507
1510.59667969	28.8072547913
1511.34655762	41.0138206482
1512.09655762	49.2945137024
1512.84643555	52.1390190125
1513.59631348	54.604434967
1514.34631348	53.3056030273
1515.09619141	66.5524520874
1515.84606934	56.658493042
1516.59606934	59.4552383423
1517.34594727	58.0888671875
1518.0958252	53.1132125854
1518.8458252	58.3436470032
1519.59570313	64.643409729
1520.34558105	71.6126708984
1521.09558105	67.723991394
1521.84545898	84.9948272705
1522.59533691	86.1261978149
1523.34533691	71.7388076782
1524.09521484	97.4577026367
1524.84509277	91.6253890991
1525.59509277	103.212112427
1526.3449707	100.640663147
1527.09484863	95.8981323242
1527.84484863	111.305717468
1528.59472656	118.899246216
1529.34460449	115.433082581
1530.09460449	118.912261963
1530.84448242	125.613517761
1531.59436035	121.462600708
1532.34436035	127.694770813
1533.09423828	139.371795654
1533.84411621	137.190185547
1534.59411621	137.443344116
1535.34399414	147.607070923
1536.09387207	147.761871338
1536.84387207	152.41897583
1537.59375	160.033126831
1538.34362793	169.767776489
1539.09362793	178.34765625
1539.84350586	200.355377197
1540.59338379	173.219955444
1541.34338379	191.168563843
1542.09326172	189.641189575
1542.84313965	197.202728271
1543.59313965	210.532073975
1544.34301758	225.305648804
1545.09289551	217.038284302
1545.84289551	220.774230957
1546.59277344	223.640350342
1547.34265137	227.178878784
1548.09265137	233.487167358
1548.8425293	249.471252441
1549.59240723	253.0730896
1550.34240723	262.291229248
1551.09228516	281.753326416
1551.84216309	288.356567383
1552.59216309	298.14453125
1553.34204102	309.614776611
1554.09191895	300.666381836
1554.84191895	314.641998291
1555.59179688	322.733581543
1556.3416748	314.437164307
1557.0916748	335.725067139
1557.84155273	343.675201416
1558.59143066	356.929077148
1559.34143066	358.660339355
1560.09130859	363.102264404
1560.84118652	373.071502686
1561.59118652	390.451385498
1562.34106445	388.693847656
1563.09094238	391.592803955
1563.84094238	402.592254639
1564.59082031	404.968048096
1565.34069824	423.842041016
1566.09069824	426.149047852
1566.84057617	440.1277771
1567.5904541	451.130950928
1568.3404541	455.343109131
1569.09033203	463.948303223
1569.84020996	485.34072876
1570.59020996	498.441894531
1571.34008789	503.22366333
1572.08996582	501.9609375
1572.83996582	521.856933594
1573.58984375	529.143676758
1574.33972168	504.069610596
1575.08972168	519.362304688
1575.83959961	536.518981934
1576.58947754	528.374755859
1577.33947754	556.862487793
1578.08935547	544.54901123
1578.8392334	537.135375977
1579.5892334	544.922729492
1580.33911133	556.269592285
1581.08898926	566.231079102
1581.83898926	572.561523438
1582.58886719	575.855651855
1583.33874512	584.990478516
1584.08874512	586.846557617
1584.83862305	601.769042969
1585.58850098	610.01361084
1586.33850098	594.584777832
1587.08837891	589.377075195
1587.83825684	593.289428711
1588.58825684	608.501403809
1589.33813477	605.100524902
1590.0880127	599.971252441
1590.8380127	589.116210938
1591.58789063	612.798950195
1592.33776855	609.576416016
1593.08776855	604.835754395
1593.83764648	602.79510498
1594.58752441	607.744750977
1595.33740234	615.394348145
1596.08740234	611.033752441
1596.83728027	592.95916748
1597.5871582	594.219055176
1598.3371582	595.704833984
1599.08703613	596.487792969
1599.83691406	598.143920898
1600.58691406	589.788269043
1601.33679199	580.603942871
1602.08666992	575.772338867
1602.83666992	571.782165527
1603.58654785	560.886474609
1604.33642578	559.954711914
1605.08642578	561.918823242
1605.83630371	550.331604004
1606.58618164	536.790405273
1607.33618164	545.457336426
1608.08605957	540.002563477
1608.8359375	515.131896973
1609.5859375	509.201568604
1610.33581543	500.940734863
1611.08569336	503.119659424
1611.83569336	481.712219238
1612.58557129	464.587127686
1613.33544922	475.033508301
1614.08544922	461.302307129
1614.83532715	442.32510376
1615.58520508	435.525665283
1616.33520508	421.871917725
1617.08508301	410.674133301
1617.83496094	394.196014404
1618.58496094	379.032043457
1619.33483887	377.716949463
1620.0847168	380.117858887
1620.8347168	369.686157227
1621.58459473	360.153625488
1622.33447266	365.496246338
1623.08447266	341.092132568
1623.83435059	317.43951416
1624.58422852	313.339355469
1625.33422852	314.136230469
1626.08410645	307.025543213
1626.83398438	301.641479492
1627.58398438	262.757080078
1628.3338623	266.521484375
1629.08374023	272.529571533
1629.83374023	265.24697876
1630.58361816	256.827697754
1631.33349609	249.931015015
1632.08349609	239.077941895
1632.83337402	222.179351807
1633.58325195	214.812484741
1634.33325195	219.208114624
1635.08312988	210.451568604
1635.83300781	196.456939697
1636.58300781	181.81262207
1637.33288574	183.475814819
1638.08276367	182.012573242
1638.83276367	169.614929199
1639.5826416	168.918212891
1640.33251953	168.390701294
1641.08251953	152.876296997
1641.83239746	146.480773926
1642.58227539	140.827484131
1643.33227539	154.366470337
1644.08215332	142.99937439
1644.83203125	123.745613098
1645.58203125	119.570281982
1646.33190918	133.800186157
1647.08178711	109.697128296
1647.83178711	130.967178345
1648.58166504	105.830657959
1649.33154297	120.796409607
1650.08154297	105.734817505
1650.8314209	101.919837952
1651.58129883	86.0839233398
1652.33129883	79.246055603
1653.08117676	79.0163726807
1653.83105469	78.4999465942
1654.58105469	83.4668655396
1655.33093262	90.3877563477
1656.08081055	79.2384796143
1656.83081055	63.674118042
1657.58068848	56.4076576233
1658.33056641	57.2332725525
1659.08056641	56.5317001343
1659.83044434	56.3057403564
1660.58032227	60.7439346313
1661.33032227	59.6893920898
1662.0802002	47.9167098999
1662.83007813	36.9445800781
1663.58007813	34.4939994812
1664.32995605	39.3129310608
1665.07983398	28.7397556305
1665.82983398	39.112613678
1666.57971191	40.742061615
1667.32958984	36.2947883606
1668.07958984	29.7180919647
1668.82946777	36.6768379211
1669.5793457	34.3109855652
1670.3293457	15.7741613388
1671.07922363	28.4710521698
1671.82910156	29.3811092377
1672.57910156	33.836151123
1673.32897949	16.1037826538
1674.07885742	20.9755401611
1674.82885742	25.0548648834
1675.57873535	17.5599842072
1676.32861328	20.6393985748
1677.07861328	14.9300880432
1677.82849121	16.7549858093
1678.57836914	11.1537046432
1679.32836914	10.9069337845
1680.07824707	22.6875972748
1680.828125	20.3298606873
1681.578125	17.4642543793
1682.32800293	19.1674480438
1683.07788086	12.0381393433
1683.82788086	15.6881055832
1684.57775879	14.5968103409
1685.32763672	11.0735530853
1686.07763672	15.5864963531
1686.82751465	2.06908345222
1687.57739258	5.15451478958
1688.32739258	6.78461503983
1689.07727051	12.1868495941
1689.82714844	5.22107219696
1690.57714844	0.609656214714
1691.32702637	6.922352314
1692.0769043	7.80453634262
1692.8269043	0.909596860409
1693.57678223	2.22714495659
1694.32666016	6.06767272949
1695.07666016	5.04141616821
1695.82653809	1.41058468819
1696.57641602	2.58528017998
1697.32641602	10.5488910675
1698.07629395	5.7945098877
1698.82617188	4.60798358917
1699.57617188	-1.84619045258
1700.3260498	2.36962723732
1701.07592773	-0.274448692799
1701.82592773	-3.28494310379
1702.57580566	-0.894335865974
1703.32568359	-3.47041869164
1704.07568359	11.1913127899
1704.82556152	-5.41539430618
1705.57543945	3.4170768261
1706.32543945	2.14594697952
1707.07531738	3.26253700256
1707.82519531	-2.45238566399
1708.57519531	4.23806285858
1709.32507324	2.61879777908
1710.07495117	7.78270530701
1710.82495117	1.60311281681
1711.5748291	-1.36750125885
1712.32470703	-4.71502256393
1713.07470703	-4.10649871826
1713.82458496	-4.55633020401
1714.57446289	-4.29148578644
1715.32446289	-4.93479061127
1716.07434082	2.63418412209
1716.82421875	-2.80904817581
1717.57421875	0.838395655155
1718.32409668	5.05052804947
1719.07397461	-0.021564649418
1719.82397461	3.85625648499
1720.57385254	-2.02720737457
1721.32373047	-3.28179526329
1722.07373047	2.75677704811
1722.8236084	0.0749429836869
1723.57348633	0.12665989995
1724.32348633	0.0328165590763
1725.07336426	-7.93137359619
1725.82324219	-0.164546117187
1726.57324219	5.75439739227
1727.32312012	0.24860394001
1728.07299805	-4.26698589325
1728.82299805	-0.980106949806
1729.57287598	-0.679702281952
1730.32275391	-4.99003839493
1731.07275391	-5.56996583939
1731.82263184	1.54030692577
1732.57250977	-4.09785652161
1733.32250977	1.02129757404
1734.0723877	-3.61167788506
1734.82226563	-8.16206550598
1735.57226563	-2.21935606003
1736.32214355	-2.06455087662
1737.07202148	-5.51728963852
1737.82202148	4.56432819366
1738.57189941	3.44066047668
1739.32177734	-0.268303871155
1740.07177734	1.70862305164
1740.82165527	-2.71255278587
1741.5715332	1.27243745327
1742.3215332	-0.901125431061
1743.07141113	0.840288758278
1743.82128906	0.983054876328
1744.57128906	-0.899553477764
1745.32116699	-4.12340259552
1746.07104492	-2.78475952148
1746.82104492	1.58920884132
1747.57092285	2.24501347542
1748.32080078	1.88240087032
1749.07080078	4.12324380875
1749.82067871	1.40736734867
1750.57055664	1.55791544914
1751.32055664	1.94779098034
1752.07043457	6.99905014038
1752.8203125	9.27861881256
1753.5703125	-3.95723795891
1754.32019043	0.631435751915
1755.07006836	7.23678731918
1755.82006836	-2.561439991
1756.56994629	4.28363466263
1757.31982422	11.1588287354
1758.06982422	10.2520904541
1758.81970215	6.36159515381
1759.56958008	6.26667022705
1760.31958008	5.17227172852
1761.06945801	0.52082824707
1761.81933594	8.48844909668
1762.56933594	2.36777496338
1763.31921387	4.40007019043
1764.0690918	7.39112854004
1764.8190918	10.0286407471
1765.56896973	0.90837097168
1766.31884766	10.5155715942
1767.06884766	7.32986450195
1767.81872559	1.13204193115
1768.56860352	-0.948959350586
1769.31860352	-0.613342285156
1770.06848145	4.30285644531
1770.81835938	2.59019470215
1771.56835938	0.210052490234
1772.3182373	5.93830871582
1773.06811523	4.49350738525
1773.81811523	-0.810592651367
1774.56799316	7.22326660156
1775.31787109	6.35167694092
1776.06787109	-6.33927154541
1776.81774902	0.91886138916
1777.56762695	1.0587387085
1778.31762695	-0.0008544921875
1779.06750488	-1.27679443359
1779.81738281	-4.37084960938
1780.56738281	-6.64900970459
1781.31726074	1.04579162598
1782.06713867	3.29462432861
1782.81713867	-0.544364929199
1783.5670166	3.11641693115
1784.31689453	2.83168792725
1785.06689453	0.258865356445
1785.81677246	-0.341171264648
1786.56665039	0.891860961914
1787.31665039	-5.24449157715
1788.06652832	-4.2022857666
1788.81640625	-5.29730987549
1789.56640625	2.37855529785
1790.31628418	4.65293121338
1791.06616211	-1.35488891602
1791.81616211	-4.25312042236
1792.56604004	-0.103645324707
1793.31591797	-6.21779632568
1794.06591797	-11.5823822021
1794.8157959	-4.46515655518
1795.56567383	-4.90868377686
1796.31567383	-2.34940338135
1797.06555176	2.52414703369
1797.81542969	4.70898675919
1798.56542969	-1.56027722359
1799.31530762	-2.51340961456
1800.06518555	-9.27937030792
1800.81518555	-3.86983156204
1801.56506348	-4.54626131058
1802.31494141	-3.8165473938
1803.06494141	-1.42885196209
1803.81481934	-4.91838407516
1804.56469727	-6.30688810349
1805.31469727	0.119023114443
1806.0645752	-0.401965111494
1806.81445313	1.22299695015
1807.56445313	0.881513059139
1808.31433105	2.55991148949
1809.06420898	0.174184724689
1809.81420898	5.2091884613
1810.56408691	7.20593881607
1811.31396484	-3.29770803452
1812.06396484	-3.17715573311
1812.81384277	-13.4606637955
1813.5637207	7.61869716644
1814.3137207	4.98691511154
1815.06359863	-5.80480241776
1815.81347656	-9.09166717529
1816.56347656	-8.03396606445
1817.31335449	-5.04515790939
1818.06323242	-1.43534803391
1818.81323242	-1.49481129646
1819.56311035	-2.38150691986
1820.31298828	4.78178501129
1821.06298828	-0.514830231667
1821.81286621	-4.92273569107
1822.56274414	-9.66840171814
1823.31274414	-4.49146080017
1824.06262207	-4.23516607285
1824.8125	-4.82640600204
1825.56237793	-2.02340435982
1826.31237793	0.880854547024
1827.06225586	-0.239331066608
1827.81213379	-0.688725054264
1828.56213379	-0.283756643534
1829.31201172	1.11381137371
1830.06188965	-2.3726234436
1830.81188965	-2.25490927696
1831.56176758	1.69082307816
1832.31164551	-5.46181058884
1833.06164551	3.2104845047
1833.81152344	-1.37217986584
1834.56140137	-2.15783929825
1835.31140137	0.117177553475
1836.0612793	-3.51477265358
1836.81115723	1.17592430115
1837.56115723	-4.1987323761
1838.31103516	0.114462345839
1839.06091309	0.633063018322
1839.81091309	0.676421046257
1840.56079102	-8.25340366364
1841.31066895	-3.37517619133
1842.06066895	-5.63652086258
1842.81054688	0.522956669331
1843.5604248	0.0446853898466
1844.3104248	-4.03883361816
1845.06030273	-3.81758832932
1845.81018066	-2.9132835865
1846.56018066	-3.84077382088
1847.31005859	2.0203332901
1848.05993652	-3.01649355888
1848.80993652	-3.82282114029
1849.55981445	-0.188650354743
1850.30969238	2.04027748108
1851.05969238	-4.53013420105
1851.80957031	-6.09829473495
1852.55944824	-4.38000249863
1853.30944824	-0.0716983526945
1854.05932617	-3.93627643585
1854.8092041	-14.5154314041
1855.5592041	-3.90615510941
1856.30908203	-7.16971254349
1857.05895996	-10.2553901672
1857.80895996	0.114048145711
1858.55883789	1.19020497799
1859.30871582	-2.63605809212
1860.05871582	-1.32632756233
1860.80859375	-1.84869670868
1861.55847168	0.46407058835
1862.30847168	-1.12752008438
1863.05834961	-8.88701057434
1863.80822754	0.427785813808
1864.55822754	-9.20747566223
1865.30810547	3.77927994728
1866.0579834	2.79730844498
1866.8079834	6.30113124847
1867.55786133	3.90421199799
1868.30773926	1.36234974861
1869.05773926	-0.0497975982726
1869.80761719	-1.49002110958
1870.55749512	-2.63983917236
1871.30749512	-2.48531341553
1872.05737305	-2.57497382164
1872.80725098	-3.69325971603
1873.55725098	3.21240305901
1874.30712891	-9.19653987885
1875.05700684	4.36756229401
1875.80700684	2.33695363998
1876.55688477	0.344934135675
1877.3067627	0.20452298224
1878.0567627	0.940836012363
1878.80664063	4.32095575333
1879.55651855	2.01347351074
1880.30651855	0.133972167969
1881.05639648	2.4497833252
1881.80627441	-0.589324951172
1882.55627441	-0.690696716309
1883.30615234	-7.09970092773
1884.05603027	-5.84134674072
1884.80603027	-0.773941040039
1885.5559082	-2.62883758545
1886.30578613	3.53067016602
1887.05578613	-12.0517196655
1887.80566406	-8.88594818115
1888.55554199	-2.76786804199
1889.30554199	-0.278526306152
1890.05541992	6.31680297852
1890.80529785	-4.44075775146
1891.55529785	-6.81170654297
1892.30517578	0.876991271973
1893.05505371	-6.45433807373
1893.80505371	3.40879821777
1894.55493164	-2.65129852295
1895.30480957	-2.49942779541
1896.05480957	-7.90947723389
1896.8046875	-8.38083648682
1897.55456543	-6.23838043213
1898.30456543	0.00122833251953
1899.05444336	1.25632476807
1899.80432129	1.63901519775
1900.55432129	-1.91307830811
1901.30419922	-1.13150024414
1902.05407715	-0.730690002441
1902.80407715	0.833854675293
1903.55395508	-1.80907440186
1904.30383301	-7.40711975098
1905.05383301	-9.76114654541
1905.80371094	-5.84425354004
1906.55358887	-1.74062347412
1907.30358887	5.7961730957
1908.0534668	0.854072570801
1908.80334473	-7.8084564209
1909.55334473	-9.91535949707
1910.30322266	-1.99877929688
1911.05310059	-4.27050018311
1911.80310059	-4.92537689209
1912.55297852	-1.72507476807
1913.30285645	-5.88761901855
1914.05285645	-4.38800048828
1914.80273438	-5.37457275391
1915.5526123	-4.69463348389
1916.3026123	-0.607818603516
1917.05249023	2.95108032227
1917.80236816	1.69644165039
1918.55236816	-8.58042907715
1919.30224609	-1.40090942383
1920.05212402	-1.08055877686
1920.80212402	-8.87033081055
1921.55200195	-6.58437347412
1922.30187988	-5.24867248535
1923.05187988	-9.66959381104
1923.80175781	-1.14159393311
1924.55163574	0.312873840332
1925.30163574	-3.21172332764
1926.05151367	-8.27220916748
1926.8013916	0.715255737305
1927.5513916	1.06324005127
1928.30126953	1.39593505859
1929.05114746	-5.62908172607
1929.80114746	-1.28770446777
1930.55102539	-1.23921203613
1931.30090332	-4.69200897217
1932.05090332	-3.49913024902
1932.80078125	-6.39167785645
1933.55065918	-7.96435546875
1934.30065918	-7.43097686768
1935.05053711	-4.69718170166
1935.80041504	-5.4262008667
1936.55041504	-4.18383789063
1937.30029297	-7.7163848877
1938.0501709	-3.02088165283
1938.8001709	-4.8602142334
1939.55004883	-8.37186431885
1940.29992676	-7.98405456543
1941.04992676	-3.90324401855
1941.79980469	-4.18829345703
1942.54968262	-4.73892974854
1943.29968262	1.79678344727
1944.04956055	5.65125274658
1944.79943848	-4.03233337402
1945.54943848	-4.17620849609
1946.29931641	-1.04964447021
1947.04919434	-1.49179077148
1947.79919434	-2.20422363281
1948.54907227	-7.20923614502
1949.2989502	-3.44583892822
1950.0489502	-1.51667785645
1950.79882813	-5.56407928467
1951.54870605	-6.01377868652
1952.29870605	-0.0116882324219
1953.04858398	-7.71862030029
1953.79846191	4.70072174072
1954.54846191	-8.17740631104
1955.29833984	-6.17617797852
1956.04821777	-4.53192901611
1956.79821777	-4.02207183838
1957.5480957	-4.90060424805
1958.29797363	-2.2063369751
1959.04797363	-7.86339569092
1959.79785156	-9.46354675293
1960.54772949	-8.45162963867
1961.29772949	-2.98891448975
1962.04760742	-6.70866394043
1962.79748535	-5.97077178955
1963.54748535	-3.82512664795
1964.29736328	-7.22710418701
1965.04724121	-8.04483795166
1965.79724121	-2.01076507568
1966.54711914	5.62358856201
1967.29699707	-6.13687896729
1968.04699707	2.49855804443
1968.796875	0.678894042969
1969.54675293	-6.9299697876
1970.29675293	-2.94605255127
1971.04663086	-2.47996520996
1971.79650879	1.24207305908
1972.54650879	0.0974273681641
1973.29638672	-2.99432373047
1974.04626465	-11.4457168579
1974.79626465	-11.9744186401
1975.54614258	-10.0638580322
1976.29602051	-6.76192474365
1977.04602051	0.78783416748
1977.79589844	-3.84325408936
1978.54577637	-7.0131072998
1979.29577637	-4.13246154785
1980.0456543	-6.07434082031
1980.79553223	-9.15662384033
1981.54553223	-0.379928588867
1982.29541016	1.44590759277
1983.04528809	-4.93728637695
1983.79528809	1.57525634766
1984.54516602	3.28015136719
1985.29504395	-6.04089355469
1986.04504395	-3.72988128662
1986.79492188	-5.45568847656
1987.5447998	-6.47447967529
1988.2947998	-7.59471130371
1989.04467773	0.673271179199
1989.79455566	-1.61061859131
1990.54455566	0.170143127441
1991.29443359	-5.36839294434
1992.04431152	-4.55415344238
1992.79431152	2.83660125732
1993.54418945	0.706558227539
1994.29406738	-0.727912902832
1995.04406738	-1.67044830322
1995.79394531	-3.21340179443
1996.54382324	-6.21455383301
1997.29382324	-13.575050354
1998.04370117	-4.1070098877
1998.7935791	-2.27598571777
1999.5435791	-3.11985015869
2000.29345703	0.00571441650391
2001.04333496	-3.37770080566
2001.79333496	-8.93227386475
2002.54321289	-3.84733581543
2003.29309082	-8.8497543335
2004.04309082	-9.28960418701
2004.79296875	-3.48104858398
2005.54284668	-6.76215362549
2006.29284668	-5.96729278564
2007.04272461	4.55788421631
2007.79260254	-2.35004425049
2008.54260254	-4.90330505371
2009.29248047	1.30899810791
2010.0423584	0.437507629395
2010.7923584	3.97991943359
2011.54223633	-0.0913391113281
2012.29211426	3.55963134766
2013.04211426	-3.51641845703
2013.79199219	-4.94095611572
2014.54187012	-1.44889068604
2015.29187012	-2.86582946777
2016.04174805	-0.442024230957
2016.79162598	-0.612701416016
2017.54162598	-5.3256149292
2018.29150391	-8.72743988037
2019.04138184	-6.77845001221
2019.79138184	-6.29237365723
2020.54125977	-5.46112823486
2021.2911377	-4.75359344482
2022.0411377	-0.22868347168
2022.79101563	-0.354484558105
2023.54089355	0.130187988281
2024.29089355	-3.32695007324
2025.04077148	-1.1911239624
2025.79064941	-9.47850036621
2026.54064941	-4.91271209717
2027.29052734	-2.43091583252
2028.04040527	0.0834121704102
2028.79040527	0.837142944336
2029.5402832	-1.62902069092
2030.29016113	1.03358459473
2031.04016113	-0.906814575195
2031.79003906	-5.54887390137
2032.53991699	-6.59197235107
2033.28991699	-1.53805541992
2034.03979492	-1.3345489502
2034.78967285	-0.247505187988
2035.53967285	3.57886505127
2036.28955078	-0.52116394043
2037.03942871	-2.73955535889
2037.78942871	0.941009521484
2038.53930664	-12.6037139893
2039.28918457	-2.74703216553
2040.03918457	2.07888793945
2040.7890625	-7.51965332031
2041.53894043	0.112243652344
2042.28894043	0.576530456543
2043.03881836	-2.72161102295
2043.78869629	-3.19696044922
2044.53869629	-4.92491149902
2045.28857422	-5.65631103516
2046.03845215	-4.54331970215
2046.78845215	-3.50789642334
2047.53833008	-1.26201629639
2048.28833008	-0.461448669434
2049.03808594	3.52966308594
2049.78808594	2.83601379395
2050.53808594	-3.17819213867
2051.2878418	-1.55945587158
2052.0378418	-0.34105682373
2052.7878418	1.47032165527
2053.53759766	-4.60916900635
2054.28759766	-0.0480270385742
2055.03759766	2.19496154785
2055.78735352	-0.00271606445313
2056.53735352	0.685089111328
2057.28735352	-0.64909362793
2058.03710938	-3.30976104736
2058.78710938	2.2458190918
2059.53710938	-0.516296386719
2060.28686523	-8.07901000977
2061.03686523	-2.3957824707
2061.78686523	0.45825958252
2062.53662109	-0.228286743164
2063.28662109	-0.561767578125
2064.03662109	1.68788146973
2064.78637695	-1.05764007568
2065.53637695	-2.16474914551
2066.28637695	2.19497680664
2067.03613281	-7.39632415771
2067.78613281	-0.992637634277
2068.53613281	-1.19634246826
2069.28588867	-2.86933135986
2070.03588867	4.80435180664
2070.78588867	1.90551757813
2071.53564453	-2.6156463623
2072.28564453	-1.06156921387
2073.03564453	4.66298675537
2073.78540039	-2.43412017822
2074.53540039	-3.10598754883
2075.28540039	3.36946105957
2076.03515625	1.61602020264
2076.78515625	-4.2244720459
2077.53515625	-0.0451354980469
2078.28491211	-1.57657623291
2079.03491211	0.155944824219
2079.78491211	1.4623260498
2080.53466797	-0.249580383301
2081.28466797	2.64649200439
2082.03466797	-0.333961486816
2082.78442383	-9.33750152588
2083.53442383	-3.52255249023
2084.28442383	-3.19683074951
2085.03417969	-1.83869934082
2085.78417969	-0.405113220215
2086.53417969	1.12199401855
2087.28393555	-6.97300720215
2088.03393555	-2.56297302246
2088.78393555	-1.88410186768
2089.53369141	-6.67993164063
2090.28369141	-1.49611663818
2091.03369141	-2.18458557129
2091.78344727	-4.55242919922
2092.53344727	-5.22518920898
2093.28344727	-4.64498901367
2094.03320313	0.053092956543
2094.78320313	5.25787353516
2095.53320313	-1.45295715332
2096.28295898	-3.28559875488
2097.03295898	-0.166343688965
2097.78295898	-1.73854827881
2098.53271484	-2.53954315186
2099.28271484	-3.1333694458
2100.03271484	-4.30979919434
2100.7824707	-5.94117736816
2101.5324707	-8.87869262695
2102.2824707	-1.56662750244
2103.03222656	1.91989898682
2103.78222656	-0.803100585938
2104.53222656	-1.64670562744
2105.28198242	-3.20657348633
2106.03198242	-0.813926696777
2106.78198242	-4.57716369629
2107.53173828	1.208984375
2108.28173828	3.41197967529
2109.03173828	0.375267028809
2109.78149414	-0.706619262695
2110.53149414	-1.469581604
2111.28149414	-2.29341125488
2112.03125	-6.21652984619
2112.78125	-0.92561340332
2113.53125	-5.13251495361
2114.28100586	-1.51346588135
2115.03100586	3.09774780273
2115.78100586	2.68955230713
2116.53076172	-1.68298339844
2117.28076172	0.604354858398
2118.03076172	2.11421966553
2118.78051758	-3.13140869141
2119.53051758	-0.750122070313
2120.28051758	-2.16103363037
2121.03027344	-2.28112792969
2121.78027344	-3.90633392334
2122.53027344	1.86911010742
2123.2800293	-4.04740905762
2124.0300293	-4.93379974365
2124.7800293	-1.79483032227
2125.52978516	-2.45654296875
2126.27978516	-3.58753967285
2127.02978516	3.80410766602
2127.77954102	0.388236999512
2128.52954102	-1.05641174316
2129.27954102	1.47001647949
2130.02929688	-3.69076538086
2130.77929688	-4.35230255127
2131.52929688	-2.32762908936
2132.27905273	-2.1675567627
2133.02905273	1.09700012207
2133.77905273	2.68477630615
2134.52880859	2.41374969482
2135.27880859	1.61248016357
2136.02880859	2.50444030762
2136.77856445	0.694236755371
2137.52856445	-0.949981689453
2138.27856445	-4.74092102051
2139.02832031	-0.876815795898
2139.77832031	-0.961036682129
2140.52832031	-3.65718078613
2141.27807617	1.23106384277
2142.02807617	0.730644226074
2142.77807617	1.91228485107
2143.52783203	-4.57849884033
2144.27783203	-2.27458953857
2145.02783203	3.03791046143
2145.77758789	-0.834846496582
2146.52758789	2.68048095703
2147.27758789	-1.29483032227
2148.02734375	-1.66793060303
2148.77734375	1.5477142334
2149.52734375	-2.14001464844
2150.27709961	2.33413696289
2151.02709961	3.40226745605
2151.77709961	5.11828613281
2152.52685547	1.97122192383
2153.27685547	0.993629455566
2154.02685547	-1.75870513916
2154.77661133	-2.34414672852
2155.52661133	2.69569396973
2156.27661133	7.77163696289
2157.02636719	2.4859085083
2157.77636719	0.585845947266
2158.52636719	2.67895507813
2159.27612305	0.621887207031
2160.02612305	5.51553344727
2160.77612305	0.51065826416
2161.52587891	-0.205238342285
2162.27587891	4.18478393555
2163.02587891	7.31494140625
2163.77563477	3.96563720703
2164.52563477	0.132919311523
2165.27563477	1.63521575928
2166.02539063	-1.25012207031
2166.77539063	-1.70636749268
2167.52539063	4.32123565674
2168.27514648	3.28214263916
2169.02514648	1.50200653076
2169.77514648	3.38209533691
2170.52490234	2.4095993042
2171.27490234	3.00038146973
2172.0246582	4.35666656494
2172.7746582	2.51362609863
2173.5246582	4.34474182129
2174.27441406	3.3865737915
2175.02441406	6.86824798584
2175.77441406	7.09999847412
2176.52416992	1.84441375732
2177.27416992	-2.43587493896
2178.02416992	1.52325439453
2178.77392578	1.20514678955
2179.52392578	4.17451477051
2180.27392578	-2.90537261963
2181.02368164	4.31011199951
2181.77368164	2.09004211426
2182.52368164	-1.51081085205
2183.2734375	0.229194641113
2184.0234375	10.1062927246
2184.7734375	-4.33472442627
2185.52319336	0.875709533691
2186.27319336	4.02135467529
2187.02319336	3.01412963867
2187.77294922	3.32783508301
2188.52294922	7.85256958008
2189.27294922	9.46034240723
2190.02270508	8.56827545166
2190.77270508	4.10166168213
2191.52270508	7.77291870117
2192.27246094	7.15363311768
2193.02246094	3.72918701172
2193.77246094	1.70365905762
2194.5222168	3.48243713379
2195.2722168	2.00438690186
2196.0222168	7.16210174561
2196.77197266	-1.72866821289
2197.52197266	5.85741424561
2198.27197266	5.41946411133
2199.02172852	4.3579864502
2199.77172852	1.83373260498
2200.52172852	-2.39608764648
2201.27148438	3.35817718506
2202.02148438	-0.429893493652
2202.77148438	2.98196411133
2203.52124023	5.17733764648
2204.27124023	2.54565429688
2205.02124023	5.03021240234
2205.77099609	6.069190979
2206.52099609	6.82069396973
2207.27099609	8.24783325195
2208.02075195	4.45944976807
2208.77075195	2.03227996826
2209.52075195	5.31427001953
2210.27050781	5.8238067627
2211.02050781	1.67543792725
2211.77050781	6.80490875244
2212.52026367	1.70272827148
2213.27026367	4.12267303467
2214.02026367	6.58435058594
2214.77001953	8.65366363525
2215.52001953	4.23640441895
2216.27001953	2.57009124756
2217.01977539	-2.01876831055
2217.76977539	7.14710235596
2218.51977539	5.85339355469
2219.26953125	6.61312103271
2220.01953125	5.31666564941
2220.76953125	2.5552520752
2221.51928711	8.05417633057
2222.26928711	6.4061050415
2223.01928711	6.96379852295
2223.76904297	1.91455078125
2224.51904297	2.5736541748
2225.26904297	3.19395446777
2226.01879883	9.53173828125
2226.76879883	2.8316116333
2227.51879883	0.704986572266
2228.26855469	1.23362731934
2229.01855469	7.87321472168
2229.76855469	3.04997253418
2230.51831055	4.28114318848
2231.26831055	3.31301116943
2232.01831055	4.15711212158
2232.76806641	6.5679473877
2233.51806641	1.26146697998
2234.26806641	7.04972076416
2235.01782227	9.61022949219
2235.76782227	8.84275054932
2236.51782227	7.94917297363
2237.26757813	4.86959075928
2238.01757813	8.33125305176
2238.76757813	7.10456848145
2239.51733398	6.50942993164
2240.26733398	7.74642944336
2241.01733398	3.63697814941
2241.76708984	4.71881866455
2242.51708984	10.5072021484
2243.26708984	6.69583129883
2244.0168457	5.00617218018
2244.7668457	8.45162963867
2245.5168457	11.2534942627
2246.26660156	7.10092926025
2247.01660156	4.59274291992
2247.76660156	12.4497909546
2248.51635742	12.0056915283
2249.26635742	10.0627593994
2250.01635742	13.3802719116
2250.76611328	8.45385742188
2251.51611328	9.1703414917
2252.26611328	6.90910339355
2253.01586914	10.4109420776
2253.76586914	13.0695877075
2254.51586914	10.9908065796
2255.265625	9.18516540527
2256.015625	2.48191833496
2256.765625	8.02230834961
2257.51538086	8.50611877441
2258.26538086	8.09893035889
2259.01538086	8.3137512207
2259.76513672	0.624298095703
2260.51513672	15.2448501587
2261.26513672	5.52323913574
2262.01489258	2.82322692871
2262.76489258	9.80816650391
2263.51489258	11.850479126
2264.26464844	8.15430450439
2265.01464844	8.63244628906
2265.76464844	11.3563537598
2266.5144043	5.42587280273
2267.2644043	8.10623168945
2268.0144043	4.85691070557
2268.76416016	8.39157104492
2269.51416016	5.74516296387
2270.26416016	13.2007751465
2271.01391602	6.90701293945
2271.76391602	13.9614257813
2272.51391602	15.4093399048
2273.26367188	11.8710174561
2274.01367188	12.99609375
2274.76367188	7.99147033691
2275.51342773	2.81737518311
2276.26342773	9.27969360352
2277.01342773	9.80182647705
2277.76318359	10.263458252
2278.51318359	10.6968002319
2279.26318359	12.0107803345
2280.01293945	12.4960784912
2280.76293945	9.86965942383
2281.51293945	9.93782806396
2282.26269531	11.1380386353
2283.01269531	8.52279663086
2283.76269531	5.88675689697
2284.51245117	10.6697387695
2285.26245117	6.81448364258
2286.01245117	15.993522644
2286.76220703	13.5389404297
2287.51220703	7.05431365967
2288.26220703	8.44915008545
2289.01196289	8.95498657227
2289.76196289	10.2001571655
2290.51196289	8.98373413086
2291.26171875	14.314666748
2292.01171875	9.57563781738
2292.76171875	6.97994232178
2293.51147461	4.47706604004
2294.26147461	4.55986785889
2295.01147461	9.52220916748
2295.76123047	13.0115966797
2296.51123047	17.7991638184
2297.26123047	14.5240478516
2298.01098633	9.50724029541
2298.76098633	10.4053573608
2299.51098633	7.99398803711
2300.26074219	6.64951324463
2301.01074219	16.1194534302
2301.76074219	9.1907043457
2302.51049805	16.882522583
2303.26049805	3.56252288818
2304.01049805	7.8962020874
2304.76025391	8.73656463623
2305.51025391	10.7961654663
2306.26025391	3.40714263916
2307.01000977	9.04975891113
2307.76000977	16.770111084
2308.51000977	22.5192565918
2309.25976563	11.7243728638
2310.00976563	14.7728424072
2310.75976563	8.48921203613
2311.50952148	13.1460113525
2312.25952148	9.45339202881
2313.00952148	8.30133056641
2313.75927734	22.3019714355
2314.50927734	14.612487793
2315.25927734	9.25448608398
2316.0090332	8.82718658447
2316.7590332	13.5329208374
2317.5090332	17.6640472412
2318.25878906	8.40490722656
2319.00878906	19.9622650146
2319.75878906	21.2019348145
2320.50854492	14.4282913208
2321.25854492	9.71858978271
2322.00854492	16.1828918457
2322.75830078	20.2838287354
2323.50830078	21.4903259277
2324.25830078	16.912689209
2325.00805664	10.4476470947
2325.75805664	24.291885376
2326.50805664	20.5623168945
2327.2578125	27.0353851318
2328.0078125	31.399520874
2328.7578125	36.1431732178
2329.50756836	54.0578155518
2330.25756836	49.8477478027
2331.00756836	43.8667144775
2331.75732422	23.5743560791
2332.50732422	18.686126709
2333.25732422	10.1628952026
2334.00708008	17.3591156006
2334.75708008	12.682220459
2335.50708008	14.6254653931
2336.25683594	12.3704528809
2337.00683594	10.645690918
2337.75683594	14.3316879272
2338.5065918	21.8058166504
2339.2565918	16.2452545166
2340.0065918	17.0842895508
2340.75634766	13.6742248535
2341.50634766	10.5849761963
2342.25634766	18.7493896484
2343.00610352	8.94920349121
2343.75610352	17.8773498535
2344.50610352	11.1528244019
2345.25585938	9.9582901001
2346.00585938	11.7579574585
2346.75585938	10.8848342896
2347.50561523	15.2664413452
2348.25561523	21.8874664307
2349.00561523	9.81973266602
2349.75537109	9.98979187012
2350.50537109	18.3523864746
2351.25537109	18.2595062256
2352.00512695	20.1520385742
2352.75512695	12.2948074341
2353.50512695	18.4819946289
2354.25488281	13.045501709
2355.00488281	18.3839416504
2355.75488281	13.8089904785
2356.50463867	12.5361938477
2357.25463867	21.3219451904
2358.00463867	17.173538208
2358.75439453	20.1551513672
2359.50439453	22.2304840088
2360.25439453	15.3147277832
2361.00415039	9.44637298584
2361.75415039	15.1122665405
2362.50415039	22.8542785645
2363.25390625	13.7100067139
2364.00390625	14.1399230957
2364.75390625	24.5793762207
2365.50366211	14.2774658203
2366.25366211	26.7038726807
2367.00366211	20.2721099854
2367.75341797	15.7122039795
2368.50341797	20.7050323486
2369.25341797	19.9715270996
2370.00317383	15.0262298584
2370.75317383	14.6203842163
2371.50317383	7.53219604492
2372.25292969	15.392906189
2373.00292969	16.5743560791
2373.75292969	26.3104248047
2374.50268555	21.2433166504
2375.25268555	22.4906158447
2376.00268555	21.1510772705
2376.75244141	18.4133453369
2377.50244141	15.0284423828
2378.25244141	18.9532165527
2379.00219727	17.3004302979
2379.75219727	19.2885437012
2380.50219727	16.0383987427
2381.25195313	17.9749145508
2382.00195313	23.9155731201
2382.75195313	19.8727264404
2383.50170898	24.7322235107
2384.25170898	24.7676086426
2385.00170898	19.0090484619
2385.75146484	24.0224609375
2386.50146484	17.7571868896
2387.25146484	22.2227325439
2388.0012207	17.6756896973
2388.7512207	19.4875640869
2389.5012207	18.9427185059
2390.25097656	17.1721496582
2391.00097656	17.5606079102
2391.75097656	16.6495056152
2392.50073242	26.99168396
2393.25073242	18.5228118896
2394.00073242	25.4262390137
2394.75048828	29.6188812256
2395.50048828	26.399520874
2396.25048828	22.357925415
2397.00024414	26.1988525391
2397.75024414	27.457901001
2398.50024414	19.1040039063
2399.25	21.7175140381
2400	26.999710083
