300	274.401580811
300.764373779	285.535491943
301.528778076	283.832183838
302.293151855	283.651489258
303.057556152	299.260070801
303.821929932	309.492340088
304.586334229	302.191436768
305.350708008	296.564788818
306.115112305	295.412353516
306.879486084	291.917022705
307.643890381	302.494140625
308.40826416	301.066223145
309.172668457	301.360443115
309.937042236	301.925506592
310.701446533	296.922271729
311.465820313	290.622070313
312.230224609	282.786376953
312.994598389	295.714691162
313.759002686	297.442657471
314.523376465	295.398010254
315.287780762	287.199798584
316.052154541	286.704040527
316.816558838	294.79675293
317.580932617	292.771179199
318.345336914	295.821624756
319.109710693	298.452972412
319.87411499	284.00088501
320.63848877	273.057067871
321.402862549	270.958251953
322.167266846	282.620056152
322.931640625	296.901916504
323.696044922	293.551452637
324.460418701	288.090240479
325.224822998	308.934875488
325.989196777	296.208007813
326.753601074	294.082061768
327.517974854	288.199005127
328.28237915	282.921020508
329.04675293	286.923248291
329.811157227	293.681793213
330.575531006	287.230255127
331.339935303	282.839202881
332.104309082	291.192108154
332.868713379	279.691589355
333.633087158	285.646697998
334.397491455	295.665222168
335.161865234	297.945953369
335.926269531	298.12322998
336.690643311	286.5
337.455047607	286.5
338.219421387	273.768249512
338.983825684	275.533081055
339.748199463	280.807250977
340.51260376	285.491973877
341.276977539	279.834838867
342.041381836	267.803344727
342.805755615	277.067077637
343.570129395	269.592010498
344.334533691	269.065673828
345.098907471	274.798675537
345.863311768	264.664154053
346.627685547	271.583862305
347.392089844	283.894470215
348.156463623	284.755401611
348.92086792	294.176574707
349.685241699	300.3777771
350.449645996	280.136199951
351.214019775	290.399200439
351.978424072	278.398651123
352.742797852	269.38067627
353.507202148	269.427246094
354.271575928	268.525878906
355.035980225	268.646606445
355.800354004	291.078338623
356.564758301	273.685302734
357.32913208	281.500244141
358.093536377	278.072387695
358.857910156	276.89465332
359.622314453	279.054626465
360.386688232	276.796966553
361.151092529	270.714080811
361.915466309	272.355316162
362.679870605	262.50390625
363.444244385	263.164886475
364.208618164	271.909484863
364.973022461	276.455200195
365.73739624	276.033569336
366.501800537	271.527191162
367.266174316	268.793518066
368.030578613	273.226348877
368.794952393	273.244720459
369.559356689	259.575195313
370.323730469	271.210540771
371.088134766	269.649414063
371.852508545	263.823303223
372.616912842	261.599761963
373.381286621	262.068511963
374.145690918	263.415924072
374.910064697	267.269836426
375.674468994	259.122833252
376.438842773	266.845214844
377.20324707	262.868133545
377.96762085	260.834075928
378.732025146	254.043655396
379.496398926	256.983581543
380.260803223	266.954101563
381.025177002	263.727661133
381.789581299	259.410186768
382.553955078	276.451385498
383.318359375	250.652267456
384.082733154	250.332199097
384.847137451	254.098220825
385.61151123	254.98916626
386.37588501	257.176177979
387.140289307	262.8019104
387.904663086	265.238739014
388.669067383	256.903381348
389.433441162	242.949935913
390.197845459	249.413101196
390.962219238	253.127944946
391.726623535	259.954406738
392.490997314	262.073394775
393.255401611	257.792327881
394.019775391	255.335067749
394.784179688	258.194702148
395.548553467	251.498397827
396.312957764	243.297424316
397.077331543	246.302001953
397.84173584	252.403579712
398.606109619	259.772003174
399.370513916	258.315887451
400.134887695	251.293701172
400.899291992	250.673812866
401.663665771	253.525161743
402.428070068	246.58555603
403.192443848	255.014434814
403.956848145	256.981842041
404.721221924	255.903259277
405.485626221	250.623153687
406.25	249.353866577
407.014373779	252.669937134
407.778778076	254.620819092
408.543151855	258.784484863
409.307556152	260.968383789
410.071929932	243.432144165
410.836334229	242.221862793
411.600708008	243.333938599
412.365112305	247.22543335
413.129486084	245.113174438
413.893890381	242.166488647
414.65826416	248.555831909
415.422668457	249.140853882
416.187042236	252.25012207
416.951446533	252.918151855
417.715820313	239.158996582
418.480224609	244.463867188
419.244598389	248.440322876
420.009002686	250.69128418
420.773376465	249.855987549
421.537780762	240.548477173
422.302154541	239.071411133
423.066558838	258.178649902
423.830932617	251.493240356
424.595336914	251.342834473
425.359710693	251.5
426.12411499	245.354446411
426.88848877	243.408279419
427.652862549	245.175537109
428.417266846	245.853927612
429.181640625	254.857116699
429.946044922	250.675109863
430.710418701	248.227890015
431.474822998	254.472244263
432.239196777	246.007629395
433.003601074	243.530456543
433.767974854	241.841995239
434.53237915	241.47479248
435.29675293	242.51210022
436.061157227	234.689102173
436.825531006	242.96635437
437.589935303	234.060745239
438.354309082	244.584442139
439.118713379	238.544036865
439.883087158	239.700790405
440.647491455	241.090454102
441.411865234	240.102127075
442.176269531	246.507644653
442.940643311	256.811676025
443.705047607	239.456085205
444.469421387	239.010421753
445.233825684	241.835678101
445.998199463	246.463272095
446.76260376	239.834320068
447.526977539	236.303329468
448.291381836	235.744155884
449.055755615	237.823394775
449.820129395	242.720306396
450.584533691	237.094329834
451.348907471	232.894668579
452.113311768	238.035842896
452.877685547	229.958404541
453.642089844	229.238555908
454.406463623	241.942382813
455.17086792	242.676574707
455.935241699	239.550811768
456.699645996	243.960144043
457.464019775	238.706497192
458.228424072	240.421386719
458.992797852	236.618499756
459.757202148	233.03213501
460.521575928	234.027450562
461.285980225	240.433853149
462.050354004	236.431365967
462.814758301	236.045013428
463.57913208	239.288406372
464.343536377	232.88621521
465.107910156	231.853668213
465.872314453	232.64302063
466.636688232	236.225128174
467.401092529	236.086547852
468.165466309	230.386383057
468.929870605	235.699142456
469.694244385	234.165374756
470.458618164	226.73664856
471.223022461	224.795349121
471.98739624	226.104644775
472.751800537	225.812896729
473.516174316	220.013259888
474.280578613	222.926086426
475.044952393	227.842163086
475.809356689	223.596420288
476.573730469	229.423828125
477.338134766	230.323959351
478.102508545	225.792556763
478.866912842	226.25
479.631286621	225.550735474
480.395690918	223.417022705
481.160064697	233.059356689
481.924468994	227.741119385
482.688842773	220.364044189
483.45324707	211.69960022
484.21762085	220.494827271
484.982025146	223.769851685
485.746398926	215.211380005
486.510803223	214.722396851
487.275177002	225.245681763
488.039581299	228.05569458
488.803955078	219.751846313
489.568359375	212.737075806
490.332733154	218.124404907
491.097137451	223.195495605
491.86151123	218.59135437
492.62588501	210.569717407
493.390289307	211.605010986
494.154663086	219.407684326
494.919067383	216.190246582
495.683441162	205.736709595
496.447845459	211.590713501
497.212219238	208.902435303
497.976623535	217.629013062
498.740997314	214.149902344
499.505401611	212.262741089
500.269775391	208.562805176
501.034179688	208.128921509
501.798553467	212.994537354
502.562957764	208.806716919
503.327331543	214.79800415
504.09173584	204.633209229
504.856109619	213.174072266
505.620513916	205.151596069
506.384887695	207.252960205
507.149291992	211.18196106
507.913665771	208.769470215
508.678070068	206.201293945
509.442443848	204.976882935
510.206848145	200.247085571
510.971221924	209.906005859
511.735626221	217.410430908
512.5	209.967056274
513.264404297	208.230789185
514.028747559	205.841644287
514.793151855	210.135772705
515.557556152	202.987426758
516.321960449	201.812667847
517.086303711	207.510192871
517.850708008	198.32585144
518.615112305	201.316299438
519.379516602	203.14112854
520.143859863	200.878326416
520.90826416	209.694519043
521.672668457	200.843688965
522.437072754	214.675186157
523.201416016	206.685470581
523.965820313	199.869064331
524.730224609	210.034423828
525.494628906	216.7578125
526.258972168	219.306945801
527.023376465	214.831237793
527.787780762	200.337203979
528.552185059	219.161087036
529.31652832	218.03137207
530.080932617	206.595474243
530.845336914	200.554702759
531.609741211	202.897796631
532.374084473	208.354370117
533.13848877	210.75050354
533.902893066	211.526184082
534.667236328	216.739837646
535.431640625	205.052841187
536.196044922	205.959564209
536.960449219	206.864273071
537.72479248	207
538.489196777	208.863769531
539.253601074	213.843566895
540.018005371	215.766189575
540.782348633	211.856735229
541.54675293	209.874099731
542.311157227	215.78414917
543.075561523	216.236907959
543.839904785	205.007293701
544.604309082	197.29296875
545.368713379	200.125015259
546.133117676	204.131500244
546.897460938	205.414810181
547.661865234	210.178710938
548.426269531	211.493515015
549.190673828	213.405319214
549.95501709	216.204971313
550.719421387	206.597305298
551.483825684	210.377502441
552.24822998	213.20274353
553.012573242	198.440994263
553.776977539	205.184463501
554.541381836	205.076553345
555.305725098	214.774627686
556.070129395	215.188308716
556.834533691	209.36100769
557.598937988	207.726379395
558.36328125	211.116516113
559.127685547	216.744522095
559.892089844	214.551513672
560.656494141	220.871582031
561.420837402	214.947372437
562.185241699	218.913482666
562.949645996	223.687850952
563.714050293	213.926330566
564.478393555	208.821487427
565.242797852	215.278289795
566.007202148	216.93359375
566.771606445	210.63885498
567.535949707	213.895736694
568.300354004	215.215103149
569.064758301	208.488204956
569.829162598	220.31930542
570.593505859	216.270904541
571.357910156	208.566177368
572.122314453	208.547180176
572.88671875	215.583740234
573.651062012	213.56137085
574.415466309	214.082229614
575.179870605	223.497467041
575.944274902	223.155761719
576.708618164	220.268737793
577.473022461	218.664627075
578.237426758	214.110275269
579.00177002	201.747543335
579.766174316	209.50062561
580.530578613	215.876953125
581.29498291	221.277832031
582.059326172	219.433105469
582.823730469	215.088363647
583.588134766	208.735092163
584.352539063	205.201950073
585.116882324	218.458175659
585.881286621	216.055923462
586.645690918	214.438064575
587.410095215	212.158432007
588.174438477	212.637969971
588.938842773	222.692459106
589.70324707	213.69682312
590.467651367	213.340637207
591.231994629	215.349517822
591.996398926	214.80581665
592.760803223	216.923782349
593.52520752	215.734741211
594.289550781	210.70249939
595.053955078	222.532684326
595.818359375	217.259414673
596.582763672	224.100158691
597.347106934	222.679138184
598.11151123	215.558853149
598.875915527	212.09727478
599.640258789	219.248458862
600.404663086	221.941864014
601.169067383	221.894241333
601.93347168	223.676956177
602.697814941	215.308410645
603.462219238	209.615768433
604.226623535	220.44821167
604.991027832	209.890960693
605.755371094	217.657424927
606.519775391	215.836166382
607.284179688	221.88722229
608.048583984	223.432220459
608.812927246	220.005371094
609.577331543	213.115371704
610.34173584	215.44694519
611.106140137	223.015274048
611.870483398	213.138000488
612.634887695	203.248565674
613.399291992	211.364700317
614.163696289	212.7396698
614.928039551	215.486434937
615.692443848	218.445175171
616.456848145	224.049255371
617.221252441	210.439178467
617.985595703	208.007980347
618.75	217.27645874
619.514404297	223.591400146
620.278747559	222.708236694
621.043151855	220.176254272
621.807556152	223.496704102
622.571960449	220.024261475
623.336303711	220.212142944
624.100708008	218.147171021
624.865112305	227.826263428
625.629516602	230.468200684
626.393859863	222.065353394
627.15826416	221.4712677
627.922668457	216.837631226
628.687072754	222.108428955
629.451416016	231.106872559
630.215820313	221.026382446
630.980224609	215.841186523
631.744628906	222.417678833
632.508972168	232.816314697
633.273376465	225.448959351
634.037780762	223.681777954
634.802185059	213.286071777
635.56652832	227.611022949
636.330932617	226.575637817
637.095336914	229.242980957
637.859741211	234.001052856
638.624084473	232.661727905
639.38848877	226.704666138
640.152893066	221.232925415
640.917236328	227.835784912
641.681640625	234.622177124
642.446044922	225.714904785
643.210449219	231.937652588
643.97479248	230.055389404
644.739196777	237.951553345
645.503601074	225.193511963
646.268005371	231.745620728
647.032348633	235.949447632
647.79675293	232.161254883
648.561157227	229.939498901
649.325561523	228.153884888
650.089904785	226.34211731
650.854309082	228.248809814
651.618713379	225.7059021
652.383117676	223.443527222
653.147460938	229.442749023
653.911865234	224.921936035
654.676269531	235.46685791
655.440673828	231.187545776
656.20501709	227.363998413
656.969421387	230.046356201
657.733825684	229.761978149
658.49822998	227.844955444
659.262573242	233.162246704
660.026977539	238.619491577
660.791381836	230.630981445
661.555725098	223.237945557
662.320129395	218.335113525
663.084533691	230.143554688
663.848937988	238.564987183
664.61328125	236.82800293
665.377685547	242.9871521
666.142089844	240.36769104
666.906494141	231.558807373
667.670837402	229.090286255
668.435241699	231.539978027
669.199645996	231.651992798
669.964050293	231.313186646
670.728393555	233.28968811
671.492797852	233.496780396
672.257202148	241.703094482
673.021606445	227.218978882
673.785949707	224.205368042
674.550354004	231.561248779
675.314758301	233.934494019
676.079162598	227.442047119
676.843505859	230.708770752
677.607910156	232.42741394
678.372314453	234.372268677
679.13671875	237.179489136
679.901062012	237.194107056
680.665466309	233.892974854
681.429870605	224.292175293
682.194274902	230.107833862
682.958618164	246.161911011
683.723022461	224.346466064
684.487426758	223.094772339
685.25177002	232.805648804
686.016174316	240.554077148
686.780578613	229.652313232
687.54498291	231.043579102
688.309326172	229.362060547
689.073730469	233.309509277
689.838134766	237.251159668
690.602539063	229.282867432
691.366882324	228.317520142
692.131286621	235.142028809
692.895690918	231.389282227
693.660095215	227.493972778
694.424438477	224.325973511
695.188842773	238.963943481
695.95324707	245.398468018
696.717651367	232.563613892
697.481994629	238.060852051
698.246398926	238.059844971
699.010803223	236.25
699.77520752	235.991851807
700.539550781	233.177078247
701.303955078	235.203994751
702.068359375	241.191192627
702.832763672	236.403549194
703.597106934	240.981201172
704.36151123	247.979049683
705.125915527	236.717956543
705.890258789	229.50592041
706.654663086	236.67350769
707.419067383	227.946121216
708.18347168	233.825027466
708.947814941	246.846191406
709.712219238	248.990722656
710.476623535	239.791748047
711.241027832	235.967346191
712.005371094	245.474121094
712.769775391	249.51411438
713.534179688	243.184265137
714.298583984	250.40447998
715.062927246	242.799865723
715.827331543	245.523162842
716.59173584	243.424179077
717.356140137	250.662368774
718.120483398	250.332077026
718.884887695	243.858703613
719.649291992	253.883712769
720.413696289	256.981323242
721.178039551	245.965164185
721.942443848	253.212356567
722.706848145	251.272766113
723.471252441	247.149658203
724.235595703	257.272888184
725	255.667358398
725.764404297	256.433959961
726.528747559	247.117019653
727.293151855	242.646774292
728.057556152	241.769165039
728.821960449	242.236785889
729.586303711	244.294769287
730.350708008	252.73046875
731.115112305	251.521469116
731.879516602	247.889678955
732.643859863	252.11819458
733.40826416	263.66998291
734.172668457	260.963897705
734.937072754	255.301864624
735.701416016	263.052368164
736.465820313	262.859680176
737.230224609	247.806732178
737.994628906	251.034103394
738.758972168	255.286087036
739.523376465	256.385131836
740.287780762	249.483078003
741.052185059	263.329528809
741.81652832	258.875915527
742.580932617	253.697280884
743.345336914	265.203125
744.109741211	254.926391602
744.874084473	267.299499512
745.63848877	265.901947021
746.402893066	256.336914063
747.167236328	260.597900391
747.931640625	265.622253418
748.696044922	261.592834473
749.460449219	252.540283203
750.22479248	244.131027222
750.989196777	263.76171875
751.753601074	254.34992981
752.518005371	260.91027832
753.282348633	266.785400391
754.04675293	269.710693359
754.811157227	263.04083252
755.575561523	269.177856445
756.339904785	261.507232666
757.104309082	256.922363281
757.868713379	260.567382813
758.633117676	264.198181152
759.397460938	267.045806885
760.161865234	268.933410645
760.926269531	265.233642578
761.690673828	263.515808105
762.45501709	272.204711914
763.219421387	270.408325195
763.983825684	269.221710205
764.74822998	263.815734863
765.512573242	264.807952881
766.276977539	272.574249268
767.041381836	285.013183594
767.805725098	271.57144165
768.570129395	274.857147217
769.334533691	273.722930908
770.098937988	274.789031982
770.86328125	257.976043701
771.627685547	262.555084229
772.392089844	264.64541626
773.156494141	254.844924927
773.920837402	265.431152344
774.685241699	276.176269531
775.449645996	275.425537109
776.214050293	268.015838623
776.978393555	272.861968994
777.742797852	275.826965332
778.507202148	265.105926514
779.271606445	269.819519043
780.035949707	287.269348145
780.800354004	274.089324951
781.564758301	266.332427979
782.329162598	281.052612305
783.093505859	288.45715332
783.857910156	277.339569092
784.622314453	278.232452393
785.38671875	283.992614746
786.151062012	289.492645264
786.915466309	286.075439453
787.679870605	275.169281006
788.444274902	285.268493652
789.208618164	290.809265137
789.973022461	288.075531006
790.737426758	275.571502686
791.50177002	278.93347168
792.266174316	271.728424072
793.030578613	270.545288086
793.79498291	270.272979736
794.559326172	278.794830322
795.323730469	281.24911499
796.088134766	282.618438721
796.852539063	285.770050049
797.616882324	273.923522949
798.381286621	277.450744629
799.145690918	284.190246582
799.910095215	280.275390625
800.674438477	292.342193604
801.438842773	308.339569092
802.20324707	291.830505371
802.967651367	273.592224121
803.731994629	273.382873535
804.496398926	281.994812012
805.260803223	294.1378479
806.02520752	284.672607422
806.789550781	283.250732422
807.553955078	294.382995605
808.318359375	305.523406982
809.082763672	287.975463867
809.847106934	284.896026611
810.61151123	283.334136963
811.375915527	291.359710693
812.140258789	289.673736572
812.904663086	290.015319824
813.669067383	290.896331787
814.43347168	286.721038818
815.197814941	291.419830322
815.962219238	295.975830078
816.726623535	293.186431885
817.491027832	303.029510498
818.255371094	298.281768799
819.019775391	301.69821167
819.784179688	282.890106201
820.548583984	290.921508789
821.312927246	293.153808594
822.077331543	298.376434326
822.84173584	293.864196777
823.606140137	305.337677002
824.370483398	302.856750488
825.134887695	299.857849121
825.899291992	301.072235107
826.663696289	298.185668945
827.428039551	295.396514893
828.192443848	293.586608887
828.956848145	290.356109619
829.721252441	288.491760254
830.485595703	294.516357422
831.25	306.059875488
832.014404297	315.803222656
832.778747559	314.125396729
833.543151855	294.007385254
834.307556152	295.237670898
835.071960449	302.729156494
835.836303711	298.372589111
836.600708008	298.973602295
837.365112305	289.29208374
838.129516602	305.265014648
838.893859863	304.638702393
839.65826416	302.56262207
840.422668457	314.473144531
841.187072754	301.528564453
841.951416016	305.753631592
842.715820313	305.372344971
843.480224609	314.628692627
844.244628906	310.369903564
845.008972168	299.827087402
845.773376465	298.84475708
846.537780762	302.240844727
847.302185059	301.684356689
848.06652832	299.976531982
848.830932617	308.320404053
849.595336914	313.516387939
850.359741211	311.609344482
851.124084473	316.991424561
851.88848877	314.655761719
852.652893066	315.01473999
853.417236328	306.483764648
854.181640625	306.006103516
854.946044922	315.902648926
855.710449219	293.137939453
856.47479248	287.724151611
857.239196777	302.062988281
858.003601074	300.125183105
858.768005371	297.595489502
859.532348633	296.74041748
860.29675293	296.0234375
861.061157227	302.551696777
861.825561523	294.65625
862.589904785	286.264892578
863.354309082	293.552429199
864.118713379	294.201660156
864.883117676	282.841949463
865.647460938	282.057434082
866.411865234	291.810760498
867.176269531	287.458709717
867.940673828	280.739501953
868.70501709	278.669494629
869.469421387	278.870666504
870.233825684	283.693389893
870.99822998	285.853424072
871.762573242	281.775421143
872.526977539	289.122589111
873.291381836	281.095153809
874.055725098	284.373748779
874.820129395	283.141601563
875.584533691	271.556976318
876.348937988	280.583984375
877.11328125	273.149078369
877.877685547	278.009155273
878.642089844	276.789459229
879.406494141	287.388916016
880.170837402	286.670288086
880.935241699	284.122772217
881.699645996	289.162902832
882.464050293	280.61605835
883.228393555	267.57699585
883.992797852	260.919677734
884.757202148	267.74520874
885.521606445	276.76864624
886.285949707	261.703369141
887.050354004	272.655914307
887.814758301	277.593597412
888.579162598	267.521697998
889.343505859	255.450027466
890.107910156	269.586761475
890.872314453	272.952392578
891.63671875	264.704437256
892.401062012	265.157501221
893.165466309	270.681793213
893.929870605	259.034423828
894.694274902	269.188140869
895.458618164	265.704681396
896.223022461	265.651580811
896.987426758	260.554962158
897.75177002	257.75
898.516174316	259.109313965
899.280578613	264.107788086
900.04498291	255.477081299
900.809326172	250.792419434
901.573730469	251.952255249
902.338134766	258.945983887
903.102539063	266.074462891
903.866882324	257.888671875
904.631286621	271.781188965
905.395690918	263.389526367
906.160095215	259.96395874
906.924438477	268.733154297
907.688842773	251.75944519
908.45324707	260.753845215
909.217651367	252.343505859
909.981994629	253.50692749
910.746398926	257.535797119
911.510803223	247.632980347
912.27520752	260.813323975
913.039550781	247.31880188
913.803955078	259.657440186
914.568359375	249.662628174
915.332763672	247.5
916.097106934	251.382125854
916.86151123	263.639556885
917.625915527	263.607727051
918.390258789	263.179260254
919.154663086	259.754455566
919.919067383	257.348632813
920.68347168	254.386749268
921.447814941	257.904937744
922.212219238	261.488128662
922.976623535	260.48550415
923.741027832	262.170684814
924.505371094	261.47052002
925.269775391	254.11946106
926.034179688	248.932937622
926.798583984	253.727966309
927.562927246	258.723205566
928.327331543	254.060333252
929.09173584	254.197784424
929.856140137	256.23223877
930.620483398	266.42755127
931.384887695	264.24887085
932.149291992	261.170074463
932.913696289	248.859161377
933.678039551	251.089431763
934.442443848	256.174865723
935.206848145	266.033081055
935.971252441	262.114501953
936.735595703	267.325958252
937.5	249.055526733
938.264404297	252.848693848
939.028747559	260.644500732
939.793151855	245.342834473
940.557556152	248.550430298
941.321960449	246.549499512
942.086303711	241.285736084
942.850708008	250.412826538
943.615112305	261.485107422
944.379516602	262.261138916
945.143859863	256.602386475
945.90826416	260.09765625
946.672668457	259.030853271
947.437072754	251.766067505
948.201416016	252.048843384
948.965820313	251.620666504
949.730224609	255.3331604
950.494628906	258.805206299
951.258972168	252.006484985
952.023376465	256.570648193
952.787780762	253.68347168
953.552185059	250.755813599
954.31652832	246.094039917
955.080932617	261.454284668
955.845336914	261.172912598
956.609741211	259.031860352
957.374084473	248.138046265
958.13848877	257.67477417
958.902893066	275.335845947
959.667236328	260.672149658
960.431640625	256.30065918
961.196044922	260.582000732
961.960449219	263.085906982
962.72479248	244.174453735
963.489196777	256.149871826
964.253601074	247.743499756
965.018005371	253.665802002
965.782348633	252.037231445
966.54675293	254.749801636
967.311157227	264.193481445
968.075561523	254.68157959
968.839904785	250.349716187
969.604309082	255.219955444
970.368713379	268.699310303
971.133117676	268.522613525
971.897460938	267.585418701
972.661865234	262.920501709
973.426269531	255.53666687
974.190673828	258.46661377
974.95501709	265.989593506
975.719421387	263.195953369
976.483825684	259.559051514
977.24822998	259.917480469
978.012573242	262.165557861
978.776977539	264.307342529
979.541381836	258.085632324
980.305725098	266.537322998
981.070129395	261.304931641
981.834533691	267.482910156
982.598937988	275.434204102
983.36328125	261.485534668
984.127685547	270.196685791
984.892089844	262.595855713
985.656494141	273.487060547
986.420837402	285.245361328
987.185241699	267.122131348
987.949645996	276.851776123
988.714050293	274.645111084
989.478393555	264.747619629
990.242797852	273.452697754
991.007202148	279.495178223
991.771606445	279.005279541
992.535949707	279.966796875
993.300354004	262.294067383
994.064758301	279.270812988
994.829162598	272.406555176
995.593505859	277.673095703
996.357910156	276.565063477
997.122314453	287.379486084
997.88671875	284.590026855
998.651062012	290.685272217
999.415466309	296.384918213
1000.17987061	271.570556641
1000.9442749	280.958129883
1001.70861816	286.174621582
1002.47302246	284.530090332
1003.23742676	289.918395996
1004.00177002	292.421661377
1004.76617432	288.104034424
1005.53057861	290.85748291
1006.29498291	296.096160889
1007.05932617	287.651947021
1007.82373047	292.5574646
1008.58813477	299.966033936
1009.35253906	296.546813965
1010.11688232	294.747711182
1010.88128662	299.715637207
1011.64569092	304.782897949
1012.41009521	302.790405273
1013.17443848	301
1013.93884277	298.209991455
1014.70324707	301.370697021
1015.46765137	308.848480225
1016.23199463	300.186981201
1016.99639893	301.178649902
1017.76080322	311.547485352
1018.52520752	304.41897583
1019.28955078	302.735534668
1020.05395508	316.252746582
1020.81835938	315.362243652
1021.58276367	308.141326904
1022.34710693	311.355804443
1023.11151123	313.699310303
1023.87591553	327.558288574
1024.64025879	326.268585205
1025.40466309	323.364654541
1026.16906738	318.699615479
1026.93347168	310.231079102
1027.69787598	306.509521484
1028.46228027	320.606506348
1029.2265625	337.835449219
1029.9909668	308.214447021
1030.75537109	312.139312744
1031.51977539	328.304656982
1032.28417969	329.640899658
1033.04858398	324.56451416
1033.81298828	333.178375244
1034.57739258	331.537261963
1035.3416748	339.929351807
1036.1060791	321.955963135
1036.8704834	323.103881836
1037.6348877	346.763946533
1038.39929199	338.54397583
1039.16369629	329.449523926
1039.92810059	337.539489746
1040.69250488	348.507965088
1041.45678711	333.332550049
1042.22119141	340.373748779
1042.9855957	350.113586426
1043.75	344.81628418
1044.5144043	334.00692749
1045.27880859	344.190704346
1046.04321289	355.275238037
1046.80749512	352.90512085
1047.57189941	352.254150391
1048.33630371	360.111419678
1049.10070801	353.999420166
1049.8651123	352.722076416
1050.6295166	354.558807373
1051.3939209	343.017028809
1052.1583252	352.102600098
1052.92260742	351.520996094
1053.68701172	351.664825439
1054.45141602	360.372589111
1055.21582031	355.467987061
1055.98022461	351.706207275
1056.74462891	354.585418701
1057.5090332	355.938140869
1058.2734375	361.838317871
1059.03771973	365.450256348
1059.80212402	362.581939697
1060.56652832	357.156188965
1061.33093262	356.353729248
1062.09533691	362.620391846
1062.85974121	357.5128479
1063.62414551	355.973266602
1064.3885498	360.120849609
1065.15283203	364.883850098
1065.91723633	365.917144775
1066.68164063	362.78527832
1067.44604492	370.815582275
1068.21044922	373.737701416
1068.97485352	368.813140869
1069.73925781	375.071716309
1070.50354004	373.23916626
1071.26794434	370.063598633
1072.03234863	375.171173096
1072.79675293	369.959472656
1073.56115723	366.391906738
1074.32556152	377.558929443
1075.08996582	391.126556396
1075.85437012	384.946960449
1076.61865234	377.740661621
1077.38305664	370.891876221
1078.14746094	376.023986816
1078.91186523	380.308868408
1079.67626953	381.667663574
1080.44067383	389.241577148
1081.20507813	388.36517334
1081.96948242	382.224090576
1082.73376465	388.195800781
1083.49816895	389.55871582
1084.26257324	385.508575439
1085.02697754	385.484741211
1085.79138184	390.310852051
1086.55578613	391.2003479
1087.32019043	396.854827881
1088.08447266	398.759155273
1088.84887695	390.410369873
1089.61328125	391.533508301
1090.37768555	394.933349609
1091.14208984	396.280914307
1091.90649414	405.080078125
1092.67089844	403.838684082
1093.43530273	398.072174072
1094.19958496	401.222106934
1094.96398926	409.182128906
1095.72839355	410.405853271
1096.49279785	402.367950439
1097.25720215	407.021270752
1098.02160645	403.925994873
1098.78601074	409.859069824
1099.55041504	406.130340576
1100.31469727	410.282562256
1101.07910156	410.839477539
1101.84350586	409.742340088
1102.60791016	411.876617432
1103.37231445	416.448699951
1104.13671875	422.197723389
1104.90112305	410.376068115
1105.66552734	426.675476074
1106.42980957	419.196380615
1107.19421387	420.383666992
1107.95861816	421.697967529
1108.72302246	422.254730225
1109.48742676	419.769958496
1110.25183105	423.17666626
1111.01623535	415.982727051
1111.78051758	417.994232178
1112.54492188	424.403381348
1113.30932617	431.342437744
1114.07373047	432.106719971
1114.83813477	439.878326416
1115.60253906	435.193267822
1116.36694336	436.154510498
1117.13134766	434.606170654
1117.89562988	427.076660156
1118.66003418	425.721405029
1119.42443848	426.013214111
1120.18884277	435.342407227
1120.95324707	445.419921875
1121.71765137	444.335510254
1122.48205566	434.224639893
1123.24645996	435.357971191
1124.01074219	426.818725586
1124.77514648	440.190887451
1125.53955078	448.799682617
1126.30395508	451.799133301
1127.06835938	446.612121582
1127.83276367	453.531707764
1128.59716797	442.883483887
1129.3614502	431.635162354
1130.12585449	443.065551758
1130.89025879	439.804168701
1131.65466309	439.917114258
1132.41906738	444.141693115
1133.18347168	459.748199463
1133.94787598	446.515167236
1134.71228027	441.917633057
1135.4765625	463.000762939
1136.2409668	457.603942871
1137.00537109	448.535827637
1137.76977539	467.258575439
1138.53417969	461.750823975
1139.29858398	450.547241211
1140.06298828	456.11618042
1140.82739258	461.028930664
1141.5916748	451.469970703
1142.3560791	476.814880371
1143.1204834	476.685089111
1143.8848877	475.792510986
1144.64929199	470.133972168
1145.41369629	462.632171631
1146.17810059	472.672912598
1146.94250488	468.703735352
1147.70678711	467.63104248
1148.47119141	484.543518066
1149.2355957	494.984893799
1150	489.31362915
1150.7644043	486.718444824
1151.52880859	486.399841309
1152.29321289	479.738006592
1153.05749512	488.747619629
1153.82189941	495.428466797
1154.58630371	487.402832031
1155.35070801	485.463653564
1156.1151123	489.012207031
1156.8795166	489.585754395
1157.6439209	494.524017334
1158.4083252	499.124816895
1159.17260742	499.493408203
1159.93701172	495.612823486
1160.70141602	495.095458984
1161.46582031	501.542510986
1162.23022461	501.131408691
1162.99462891	506.909210205
1163.7590332	515.426818848
1164.5234375	517.716125488
1165.28771973	514.54675293
1166.05212402	518.316711426
1166.81652832	511.612762451
1167.58093262	512.881286621
1168.34533691	503.348388672
1169.10974121	499.697814941
1169.87414551	511.278198242
1170.6385498	513.313049316
1171.40283203	518.090759277
1172.16723633	515.753112793
1172.93164063	508.19543457
1173.69604492	514.066955566
1174.46044922	513.173339844
1175.22485352	509.070495605
1175.98925781	535.899963379
1176.75354004	518.006347656
1177.51794434	526.770324707
1178.28234863	509.987213135
1179.04675293	536.594909668
1179.81115723	526.436645508
1180.57556152	528.614318848
1181.33996582	543.208007813
1182.10437012	531.476623535
1182.86865234	528.463256836
1183.63305664	523.699035645
1184.39746094	514.86126709
1185.16186523	524.010375977
1185.92626953	521.149047852
1186.69067383	531.248413086
1187.45507813	549.765625
1188.21948242	525.281799316
1188.98376465	550.270263672
1189.74816895	546.091674805
1190.51257324	546.731323242
1191.27697754	535.563232422
1192.04138184	544.376525879
1192.80578613	546.472717285
1193.57019043	567.082336426
1194.33447266	558.451599121
1195.09887695	553.402526855
1195.86328125	532.88684082
1196.62768555	546.116516113
1197.39208984	558.621887207
1198.15649414	584.124938965
1198.92089844	569.536682129
1199.68530273	574.699401855
1200.44958496	567.937194824
1201.21398926	557.402587891
1201.97839355	567.528625488
1202.74279785	568.875915527
1203.50720215	573.904724121
1204.27160645	589.369934082
1205.03601074	589.511413574
1205.80041504	578.247314453
1206.56469727	588.723144531
1207.32910156	590.274536133
1208.09350586	597.87322998
1208.85791016	589.019470215
1209.62231445	598.920227051
1210.38671875	601.523132324
1211.15112305	592.134887695
1211.91552734	590.083190918
1212.67980957	615.583068848
1213.44421387	608.139099121
1214.20861816	593.557067871
1214.97302246	601.59185791
1215.73742676	618.506225586
1216.50183105	619.33190918
1217.26623535	620.312255859
1218.03051758	624.464355469
1218.79492188	633.033508301
1219.55932617	634.952697754
1220.32373047	624.556640625
1221.08813477	628.515258789
1221.85253906	636.795898438
1222.61694336	640.866333008
1223.38134766	635.096557617
1224.14562988	634.463439941
1224.91003418	639.011108398
1225.67443848	640.590087891
1226.43884277	648.745788574
1227.20324707	645.298950195
1227.96765137	638.809265137
1228.73205566	653.665893555
1229.49645996	665.057373047
1230.26074219	669.360717773
1231.02514648	667.285949707
1231.78955078	667.843078613
1232.55395508	677.863647461
1233.31835938	673.216064453
1234.08276367	667.266357422
1234.84716797	687.746398926
1235.6114502	699.923156738
1236.37585449	689.455200195
1237.14025879	682.223022461
1237.90466309	694.966491699
1238.66906738	707.75012207
1239.43347168	700.547546387
1240.19787598	700.730102539
1240.96228027	710.586242676
1241.7265625	718.134765625
1242.4909668	733.267272949
1243.25537109	734.453735352
1244.01977539	733.551391602
1244.78417969	738.968566895
1245.54858398	730.221923828
1246.31298828	742.766174316
1247.07739258	760.737609863
1247.8416748	760.38092041
1248.6060791	762.624267578
1249.3704834	768.618408203
1250.1348877	763.139343262
1250.89929199	769.34765625
1251.66369629	779.840820313
1252.42810059	783.468322754
1253.19250488	784.193786621
1253.95678711	774.141784668
1254.72119141	777.395812988
1255.4855957	786.27545166
1256.25	790.473510742
1257.0144043	795.437072754
1257.77880859	796.766418457
1258.54321289	810.351745605
1259.30749512	816.498046875
1260.07189941	810.754699707
1260.83630371	814.817871094
1261.60070801	827.23840332
1262.3651123	833.879150391
1263.1295166	843.735534668
1263.8939209	844.899169922
1264.6583252	852.744140625
1265.42260742	874.677246094
1266.18701172	877.776977539
1266.95141602	874.615661621
1267.71582031	881.322143555
1268.48022461	876.642150879
1269.24462891	865.448791504
1270.0090332	880.439697266
1270.7734375	898.980957031
1271.53771973	914.79864502
1272.30212402	923.948120117
1273.06652832	914.268310547
1273.83093262	912.394226074
1274.59533691	924.162719727
1275.35974121	929.460327148
1276.12414551	935.126281738
1276.8885498	941.401550293
1277.65283203	956.478881836
1278.41723633	973.672912598
1279.18164063	977.976135254
1279.94604492	982.051574707
1280.71044922	1007.11096191
1281.47485352	1015.10980225
1282.23925781	1014.7746582
1283.00354004	1011.67431641
1283.76794434	1009.41094971
1284.53234863	1028.69482422
1285.29675293	1033.64880371
1286.06115723	1050.57397461
1286.82556152	1049.38891602
1287.58996582	1076.24023438
1288.35437012	1092.92956543
1289.11865234	1092.58032227
1289.88305664	1098.86865234
1290.64746094	1110.26599121
1291.41186523	1126.96276855
1292.17626953	1126.81774902
1292.94067383	1132.56921387
1293.70507813	1144.02111816
1294.46948242	1147.01171875
1295.23376465	1145.51220703
1295.99816895	1171.6739502
1296.76257324	1172.78527832
1297.52697754	1207.43530273
1298.29138184	1214.3963623
1299.05578613	1225.66711426
1299.82019043	1234.72058105
1300.58447266	1262.37023926
1301.34887695	1256.48950195
1302.11328125	1278.85412598
1302.87768555	1282.02404785
1303.64208984	1292.55041504
1304.40649414	1295.50952148
1305.17089844	1314.36083984
1305.93530273	1345.60595703
1306.69958496	1344.55773926
1307.46398926	1341.14489746
1308.22839355	1365.86547852
1308.99279785	1371.02502441
1309.75720215	1371.25378418
1310.52160645	1406.48510742
1311.28601074	1430.67175293
1312.05041504	1438.54858398
1312.81469727	1429.15393066
1313.57910156	1469.63818359
1314.34350586	1489.1151123
1315.10791016	1505.43322754
1315.87231445	1539.14880371
1316.63671875	1504.35229492
1317.40112305	1530.1583252
1318.16552734	1531.63464355
1318.92980957	1534.92724609
1319.69421387	1567.90332031
1320.45861816	1579.34814453
1321.22302246	1616.92004395
1321.98742676	1603.09570313
1322.75183105	1608.31054688
1323.51623535	1625.98217773
1324.28051758	1668.83911133
1325.04492188	1641.61535645
1325.80932617	1649.87939453
1326.57373047	1691.83496094
1327.33813477	1694.35717773
1328.10253906	1690.27270508
1328.86694336	1699.3572998
1329.63134766	1709.6418457
1330.39562988	1734.5982666
1331.16003418	1709.72875977
1331.92443848	1730.88928223
1332.68884277	1715.97595215
1333.45324707	1725.96508789
1334.21765137	1745.93444824
1334.98205566	1748.61572266
1335.74645996	1759.61816406
1336.51074219	1748.83374023
1337.27514648	1719.21496582
1338.03955078	1716.63525391
1338.80395508	1728.5715332
1339.56835938	1734.8236084
1340.33276367	1733.91894531
1341.09716797	1728.71655273
1341.8614502	1701.57824707
1342.62585449	1688.39465332
1343.39025879	1695.54211426
1344.15466309	1715.35522461
1344.91906738	1699.09521484
1345.68347168	1683.09069824
1346.44787598	1661.56481934
1347.21228027	1672.39318848
1347.9765625	1665.47827148
1348.7409668	1640.68713379
1349.50537109	1640.7401123
1350.26977539	1655.60742188
1351.03417969	1637.140625
1351.79858398	1621.47521973
1352.56298828	1608.55664063
1353.32739258	1591.24462891
1354.0916748	1583.63964844
1354.8560791	1569.5267334
1355.6204834	1535.83483887
1356.3848877	1535.6640625
1357.14929199	1541.82104492
1357.91369629	1553.51196289
1358.67810059	1520.35180664
1359.44250488	1491.5390625
1360.20678711	1483.33276367
1360.97119141	1464.08764648
1361.7355957	1465.52490234
1362.5	1450.61816406
1363.2644043	1471.11694336
1364.02880859	1426.64904785
1364.79321289	1398.99707031
1365.55749512	1388.22583008
1366.32189941	1388.72290039
1367.08630371	1384.60522461
1367.85070801	1365.59875488
1368.6151123	1351.84216309
1369.3795166	1344.56848145
1370.1439209	1326.23217773
1370.9083252	1310.88464355
1371.67260742	1294.13903809
1372.43701172	1273.06958008
1373.20141602	1272.62976074
1373.96582031	1270.52490234
1374.73022461	1267.29602051
1375.49462891	1258.95910645
1376.2590332	1244.47558594
1377.0234375	1228.67602539
1377.78771973	1211.85302734
1378.55212402	1202.56005859
1379.31652832	1202.12023926
1380.08093262	1192.14257813
1380.84533691	1190.16748047
1381.60974121	1166.36096191
1382.37414551	1151.08325195
1383.1385498	1177.13220215
1383.90283203	1158.17260742
1384.66723633	1149.20239258
1385.43164063	1140.58422852
1386.19604492	1128.60229492
1386.96044922	1122.82067871
1387.72485352	1099.24438477
1388.48925781	1087.56420898
1389.25354004	1093.84814453
1390.01794434	1103.42480469
1390.78234863	1097.34350586
1391.54675293	1072.99487305
1392.31115723	1067.15270996
1393.07556152	1066.80810547
1393.83996582	1052.77282715
1394.60437012	1034.51098633
1395.36865234	1020.77172852
1396.13305664	1008.46179199
1396.89746094	1015.17852783
1397.66186523	1028.80236816
1398.42626953	1005.82684326
1399.19067383	1008.44195557
1399.95507813	1005.83532715
1400.71948242	1011.80725098
1401.48376465	1024.62121582
1402.24816895	967.967041016
1403.01257324	955.057189941
1403.77697754	968.725891113
1404.54138184	970.645507813
1405.30578613	968.051330566
1406.07019043	961.522277832
1406.83447266	944.190612793
1407.59887695	927.900634766
1408.36328125	933.619140625
1409.12768555	956.294189453
1409.89208984	932.810791016
1410.65649414	921.887878418
1411.42089844	914.502563477
1412.18530273	912.745239258
1412.94958496	915.30657959
1413.71398926	914.825622559
1414.47839355	908.115478516
1415.24279785	899.067810059
1416.00720215	896.299072266
1416.77160645	894.828186035
1417.53601074	902.955444336
1418.30041504	909.572875977
1419.06469727	903.123352051
1419.82910156	891.08770752
1420.59350586	892.205932617
1421.35791016	885.350524902
1422.12231445	880.47869873
1422.88671875	876.428955078
1423.65112305	892.182250977
1424.41552734	880.125061035
1425.17980957	890.432312012
1425.94421387	872.507873535
1426.70861816	866.393615723
1427.47302246	880.161132813
1428.23742676	857.427856445
1429.00183105	861.923400879
1429.76623535	853.17565918
1430.53051758	862.170959473
1431.29492188	886.110778809
1432.05932617	863.697631836
1432.82373047	857.067810059
1433.58813477	849.580566406
1434.35253906	844.081298828
1435.11694336	846.945495605
1435.88134766	851.296081543
1436.64562988	850.28326416
1437.41003418	848.154602051
1438.17443848	844.543151855
1438.93884277	842.775024414
1439.70324707	825.864196777
1440.46765137	816.811096191
1441.23205566	810.206787109
1441.99645996	836.154296875
1442.76074219	834.263305664
1443.52514648	819.931396484
1444.28955078	840.658203125
1445.05395508	830.201171875
1445.81835938	836.201599121
1446.58276367	848.88861084
1447.34716797	826.633178711
1448.1114502	842.549072266
1448.87585449	857.148132324
1449.64025879	851.501220703
1450.40466309	826.391113281
1451.16906738	813.524169922
1451.93347168	807.949279785
1452.69787598	850.16027832
1453.46228027	823.157531738
1454.2265625	805.66003418
1454.9909668	832.573059082
1455.75537109	824.034912109
1456.51977539	809.366455078
1457.28417969	815.473693848
1458.04858398	840.101135254
1458.81298828	827.241333008
1459.57739258	822.700683594
1460.3416748	829.755493164
1461.1060791	836.677307129
1461.8704834	828.91809082
1462.6348877	832.329101563
1463.39929199	840.629150391
1464.16369629	822.027587891
1464.92810059	823.879211426
1465.69250488	823.144836426
1466.45678711	820.961669922
1467.22119141	823.678466797
1467.9855957	817.952392578
1468.75	848.943481445
1469.5144043	828.645874023
1470.27880859	818.436096191
1471.04321289	827.60333252
1471.80749512	826.106323242
1472.57189941	829.391357422
1473.33630371	818.252380371
1474.10070801	844.889648438
1474.8651123	811.205810547
1475.6295166	820.303161621
1476.3939209	811.677307129
1477.1583252	841.14666748
1477.92260742	835.917663574
1478.68701172	827.017089844
1479.45141602	816.633239746
1480.21582031	844.463256836
1480.98022461	837.033935547
1481.74462891	817.190734863
1482.5090332	832.39440918
1483.2734375	838.707946777
1484.03771973	827.155151367
1484.80212402	829.002197266
1485.56652832	831.978942871
1486.33093262	827.823425293
1487.09533691	822.75769043
1487.85974121	843.275390625
1488.62414551	833.059814453
1489.3885498	841.834899902
1490.15283203	833.549987793
1490.91723633	825.375061035
1491.68164063	828.189147949
1492.44604492	843.273864746
1493.21044922	837.226623535
1493.97485352	868.980224609
1494.73925781	828.867370605
1495.50354004	843.068054199
1496.26794434	844.18963623
1497.03234863	838.831542969
1497.79675293	855.259094238
1498.56115723	858.744995117
1499.32556152	852.091674805
1500.08996582	843.668151855
1500.85437012	836.837280273
1501.61865234	852.530761719
1502.38305664	862.081787109
1503.14746094	858.039367676
1503.91186523	834.667541504
1504.67626953	841.948120117
1505.44067383	843.521850586
1506.20507813	852.807189941
1506.96948242	868.840393066
1507.73376465	904.387207031
1508.49816895	846.64630127
1509.26257324	852.014892578
1510.02697754	853.803466797
1510.79138184	871.298400879
1511.55578613	869.939086914
1512.32019043	867.894775391
1513.08447266	894.795898438
1513.84887695	924.858581543
1514.61328125	889.497070313
1515.37768555	889.618896484
1516.14208984	885.990722656
1516.90649414	892.901428223
1517.67089844	890.606201172
1518.43530273	891.601745605
1519.19958496	895.328491211
1519.96398926	913.423583984
1520.72839355	906.381347656
1521.49279785	917.704284668
1522.25720215	930.216369629
1523.02160645	923.311706543
1523.78601074	921.557189941
1524.55041504	916.332702637
1525.31469727	938.471069336
1526.07910156	941.239562988
1526.84350586	945.422912598
1527.60791016	955.744384766
1528.37231445	954.361022949
1529.13671875	957.970825195
1529.90112305	966.541259766
1530.66552734	961.149780273
1531.42980957	980.86541748
1532.19421387	979.705444336
1532.95861816	990.176574707
1533.72302246	994.878723145
1534.48742676	1011.69329834
1535.25183105	1006.07165527
1536.01623535	1016.03942871
1536.78051758	1014.31658936
1537.54492188	1034.92089844
1538.30932617	1043.96386719
1539.07373047	1057.41711426
1539.83813477	1050.53186035
1540.60253906	1033.40734863
1541.36694336	1073.08435059
1542.13134766	1096.43237305
1542.89562988	1108.42468262
1543.66003418	1110.80358887
1544.42443848	1122.3581543
1545.18884277	1140.23620605
1545.95324707	1140.95239258
1546.71765137	1154.4921875
1547.48205566	1175.20544434
1548.24645996	1192.64367676
1549.01074219	1195.89013672
1549.77514648	1205.54992676
1550.53955078	1227.14562988
1551.30395508	1242.67565918
1552.06835938	1239.31091309
1552.83276367	1254.62023926
1553.59716797	1287.4486084
1554.3614502	1304.07250977
1555.12585449	1305.45812988
1555.89025879	1317.47485352
1556.65466309	1313.18408203
1557.41906738	1309.7265625
1558.18347168	1331.99755859
1558.94787598	1330.48815918
1559.71228027	1349.51196289
1560.4765625	1371.08984375
1561.2409668	1376.32470703
1562.00537109	1372.28771973
1562.76977539	1404.96313477
1563.53417969	1410.23864746
1564.29858398	1430.72070313
1565.06298828	1452.57543945
1565.82739258	1445.77075195
1566.5916748	1477.67419434
1567.3560791	1476.2244873
1568.1204834	1479.55505371
1568.8848877	1488.64599609
1569.64929199	1505.36828613
1570.41369629	1517.07641602
1571.17810059	1552.45617676
1571.94250488	1550.54504395
1572.70678711	1552.15686035
1573.47119141	1563.1328125
1574.2355957	1565.61071777
1575	1559.20275879
1575.7644043	1567.10546875
1576.52880859	1558.90539551
1577.29321289	1575.99902344
1578.05749512	1611.29956055
1578.82189941	1575.90979004
1579.58630371	1598.4621582
1580.35070801	1586.88928223
1581.1151123	1594.11279297
1581.8795166	1615.22009277
1582.6439209	1605.68835449
1583.4083252	1617.1385498
1584.17260742	1609.32958984
1584.93701172	1612.23815918
1585.70141602	1610.88134766
1586.46582031	1608.35925293
1587.23022461	1613.7244873
1587.99462891	1617.69885254
1588.7590332	1623.0880127
1589.5234375	1606.52709961
1590.28771973	1612.3782959
1591.05212402	1589.06091309
1591.81652832	1581.21789551
1592.58093262	1571.5748291
1593.34533691	1569.89758301
1594.10974121	1561.62536621
1594.87414551	1537.66687012
1595.6385498	1554.24462891
1596.40283203	1541.85205078
1597.16723633	1527.29138184
1597.93164063	1526.19958496
1598.69604492	1483.71960449
1599.46044922	1487.00866699
1600.22485352	1487.79846191
1600.98925781	1479.66625977
1601.75354004	1462.94726563
1602.51794434	1445.39611816
1603.28234863	1422.6451416
1604.04675293	1423.68676758
1604.81115723	1402.66906738
1605.57556152	1395.58178711
1606.33996582	1388.68591309
1607.10437012	1342.59448242
1607.86865234	1344.33203125
1608.63305664	1330.49291992
1609.39746094	1306.18981934
1610.16186523	1290.43774414
1610.92626953	1284.72351074
1611.69067383	1263.06030273
1612.45507813	1250.51904297
1613.21948242	1203.51379395
1613.98376465	1184.12182617
1614.74816895	1158.02294922
1615.51257324	1158.68103027
1616.27697754	1122.90319824
1617.04138184	1127.28063965
1617.80578613	1118.84509277
1618.57019043	1082.8651123
1619.33447266	1052.33642578
1620.09887695	1042.43945313
1620.86328125	1000.58679199
1621.62768555	988.282165527
1622.39208984	984.711181641
1623.15649414	973.485717773
1623.92089844	942.545898438
1624.68530273	911.392822266
1625.44958496	902.347961426
1626.21398926	882.329040527
1626.97839355	874.151550293
1627.74279785	840.637451172
1628.50720215	840.245727539
1629.27160645	823.422729492
1630.03601074	814.094482422
1630.80041504	782.52911377
1631.56469727	774.702148438
1632.32910156	759.278259277
1633.09350586	753.231567383
1633.85791016	741.041748047
1634.62231445	707.668701172
1635.38671875	704.341186523
1636.15112305	696.946838379
1636.91552734	676.158752441
1637.67980957	670.496704102
1638.44421387	653.647705078
1639.20861816	652.364196777
1639.97302246	633.078552246
1640.73742676	629.862304688
1641.50183105	608.69543457
1642.26623535	600.234436035
1643.03051758	587.371276855
1643.79492188	590.258483887
1644.55932617	566.57409668
1645.32373047	554.569335938
1646.08813477	545.15234375
1646.85253906	541.426818848
1647.61694336	518.759887695
1648.38134766	515.315063477
1649.14562988	507.051300049
1649.91003418	499.312164307
1650.67443848	489.558074951
1651.43884277	480.670440674
1652.20324707	484.258331299
1652.96765137	468.20022583
1653.73205566	454.575561523
1654.49645996	450.692077637
1655.26074219	442.636260986
1656.02514648	438.223327637
1656.78955078	430.088104248
1657.55395508	419.080474854
1658.31835938	401.448486328
1659.08276367	412.887756348
1659.84716797	402.464660645
1660.6114502	392.589508057
1661.37585449	391.612792969
1662.14025879	380.001342773
1662.90466309	379.535980225
1663.66906738	376.016204834
1664.43347168	375.435089111
1665.19787598	368.394744873
1665.96228027	366.928344727
1666.7265625	357.92388916
1667.4909668	346.663208008
1668.25537109	351.883209229
1669.01977539	341.710418701
1669.78417969	338.962615967
1670.54858398	323.92779541
1671.31298828	320.21685791
1672.07739258	328.184875488
1672.8416748	323.554534912
1673.6060791	320.719848633
1674.3704834	321.19708252
1675.1348877	305.784057617
1675.89929199	304.595947266
1676.66369629	304.353302002
1677.42810059	297.214263916
1678.19250488	294.27130127
1678.95678711	296.285766602
1679.72119141	301.87310791
1680.4855957	299.546386719
1681.25	287.568328857
1682.0144043	292.604400635
1682.77880859	288.519042969
1683.54321289	282.564575195
1684.30749512	274.595123291
1685.07189941	278.177429199
1685.83630371	276.60848999
1686.60070801	265.790283203
1687.3651123	265.431671143
1688.1295166	274.155578613
1688.8939209	268.271087646
1689.6583252	259.514404297
1690.42260742	257.435089111
1691.18701172	256.92855835
1691.95141602	264.988830566
1692.71582031	265.00302124
1693.48022461	254.63168335
1694.24462891	257.368621826
1695.0090332	245.601470947
1695.7734375	247.76473999
1696.53771973	253.352920532
1697.30212402	247.822662354
1698.06652832	242.680770874
1698.83093262	243.25894165
1699.59533691	246.31362915
1700.35974121	244.926544189
1701.12414551	244.921188354
1701.8885498	241.566131592
1702.65283203	239.206268311
1703.41723633	238.678039551
1704.18164063	234.715362549
1704.94604492	235.559051514
1705.71044922	234.245773315
1706.47485352	237.981246948
1707.23925781	229.93421936
1708.00354004	226.930618286
1708.76794434	230.285568237
1709.53234863	229.194473267
1710.29675293	228.048782349
1711.06115723	220.710494995
1711.82556152	223.353851318
1712.58996582	225.101043701
1713.35437012	228.242553711
1714.11865234	225.388565063
1714.88305664	228.525497437
1715.64746094	216.360931396
1716.41186523	225.702835083
1717.17626953	220.76348877
1717.94067383	220.43862915
1718.70507813	217.114273071
1719.46948242	217.269592285
1720.23376465	213.408569336
1720.99816895	215.210357666
1721.76257324	209.67980957
1722.52697754	210.945602417
1723.29138184	211.963150024
1724.05578613	210.884475708
1724.82019043	210.22052002
1725.58447266	212.595504761
1726.34887695	207.355209351
1727.11328125	211.370269775
1727.87768555	208.200744629
1728.64208984	210.517059326
1729.40649414	208.583908081
1730.17089844	206.250946045
1730.93530273	206.425216675
1731.69958496	212.17565918
1732.46398926	212.339126587
1733.22839355	205.14251709
1733.99279785	197.434356689
1734.75720215	199.788604736
1735.52160645	208.965911865
1736.28601074	207.697906494
1737.05041504	202.001846313
1737.81469727	203.722946167
1738.57910156	206.949020386
1739.34350586	208.718643188
1740.10791016	213.285369873
1740.87231445	198.845001221
1741.63671875	205.038543701
1742.40112305	192.199050903
1743.16552734	196.603027344
1743.92980957	200.869430542
1744.69421387	207.013153076
1745.45861816	205.886566162
1746.22302246	194.320770264
1746.98742676	203.047836304
1747.75183105	202.835998535
1748.51623535	199.548599243
1749.28051758	207.820114136
1750.04492188	195.105255127
1750.80932617	188.575622559
1751.57373047	193.669769287
1752.33813477	203.580886841
1753.10253906	198.997390747
1753.86694336	199.769805908
1754.63134766	200.141433716
1755.39562988	199.690933228
1756.16003418	203.961044312
1756.92443848	204.035140991
1757.68884277	203.034484863
1758.45324707	197.174560547
1759.21765137	201.321182251
1759.98205566	192.924545288
1760.74645996	198.940826416
1761.51074219	185.88710022
1762.27514648	189.670562744
1763.03955078	193.067749023
1763.80395508	192.183639526
1764.56835938	199.296615601
1765.33276367	192.871139526
1766.09716797	190.832962036
1766.8614502	188.300720215
1767.62585449	192.504272461
1768.39025879	191.686798096
1769.15466309	189.22479248
1769.91906738	187.676712036
1770.68347168	181.815719604
1771.44787598	193.174865723
1772.21228027	190.260757446
1772.9765625	191.936721802
1773.7409668	192.217330933
1774.50537109	177.265396118
1775.26977539	186.774612427
1776.03417969	186.047409058
1776.79858398	182.193084717
1777.56298828	181.574951172
1778.32739258	176.893432617
1779.0916748	182.025863647
1779.8560791	189.727508545
1780.6204834	188.107315063
1781.3848877	181.748764038
1782.14929199	183.173736572
1782.91369629	183.182342529
1783.67810059	183.897903442
1784.44250488	186.658950806
1785.20678711	187.193481445
1785.97119141	178.953262329
1786.7355957	176.249649048
1787.5	177.453308105
1788.2644043	182.789596558
1789.02880859	182.256057739
1789.79321289	184.95993042
1790.55749512	181.380340576
1791.32189941	178.101242065
1792.08630371	182.428665161
1792.85070801	183.330749512
1793.6151123	190.129470825
1794.3795166	178.720733643
1795.1439209	194.254714966
1795.9083252	172.009292603
1796.67260742	183.716125488
1797.43701172	177.082702637
1798.20141602	167.164520264
1798.96582031	177.858139038
1799.73022461	174.772964478
1800.49462891	174.359710693
1801.2590332	177.975692749
1802.0234375	177.877838135
1802.78771973	181.291992188
1803.55212402	179.593338013
1804.31652832	182.685043335
1805.08093262	178.290100098
1805.84533691	179.175628662
1806.60974121	179.809448242
1807.37414551	177.907684326
1808.1385498	179.868011475
1808.90283203	180.140106201
1809.66723633	179.923828125
1810.43164063	182.524993896
1811.19604492	178.324081421
1811.96044922	177.24937439
1812.72485352	170.067565918
1813.48925781	178.331939697
1814.25354004	177.354248047
1815.01794434	176.412460327
1815.78234863	168.914413452
1816.54675293	174.754440308
1817.31115723	173.515777588
1818.07556152	169.681610107
1818.83996582	171.857498169
1819.60437012	189.49206543
1820.36865234	171.459655762
1821.13305664	175.243942261
1821.89746094	183.568405151
1822.66186523	181.112182617
1823.42626953	176.676025391
1824.19067383	174.594482422
1824.95507813	178.47668457
1825.71948242	178.339538574
1826.48376465	173.849914551
1827.24816895	179.004882813
1828.01257324	175.973083496
1828.77697754	173.373336792
1829.54138184	174.603363037
1830.30578613	184.329620361
1831.07019043	177.125747681
1831.83447266	180.102584839
1832.59887695	177.451156616
1833.36328125	180.505264282
1834.12768555	181.343566895
1834.89208984	172.872665405
1835.65649414	163.818389893
1836.42089844	176.207305908
1837.18530273	168.838256836
1837.94958496	177.50038147
1838.71398926	171.599380493
1839.47839355	174.18397522
1840.24279785	178.163040161
1841.00720215	173.687866211
1841.77160645	173.077835083
1842.53601074	173.07232666
1843.30041504	167.91746521
1844.06469727	169.241928101
1844.82910156	170.920700073
1845.59350586	185.598739624
1846.35791016	179.867446899
1847.12231445	170.252502441
1847.88671875	181.157211304
1848.65112305	176.524337769
1849.41552734	172.693405151
1850.17980957	175.550476074
1850.94421387	172.251037598
1851.70861816	173.704269409
1852.47302246	175.506866455
1853.23742676	169.752487183
1854.00183105	184.773971558
1854.76623535	175.194458008
1855.53051758	167.959655762
1856.29492188	173.807006836
1857.05932617	171.88420105
1857.82373047	172.580703735
1858.58813477	178.763870239
1859.35253906	174.047088623
1860.11694336	181.115325928
1860.88134766	168.636627197
1861.64562988	170.321228027
1862.41003418	172.736038208
1863.17443848	178.932052612
1863.93884277	180.48878479
1864.70324707	172.587005615
1865.46765137	167.282897949
1866.23205566	169.59085083
1866.99645996	172.443511963
1867.76074219	173.931991577
1868.52514648	177.308761597
1869.28955078	180.25227356
1870.05395508	170.619903564
1870.81835938	175.227935791
1871.58276367	170.471862793
1872.34716797	174.595611572
1873.1114502	170.067184448
1873.87585449	168.0965271
1874.64025879	164.472305298
1875.40466309	167.665588379
1876.16906738	175.927947998
1876.93347168	160.748977661
1877.69787598	172.212692261
1878.46228027	170.35055542
1879.2265625	170.910995483
1879.9909668	172.215209961
1880.75537109	167.19190979
1881.51977539	171.367935181
1882.28417969	162.971282959
1883.04858398	154.655731201
1883.81298828	171.832260132
1884.57739258	176.746383667
1885.3416748	168.090545654
1886.1060791	171.817840576
1886.8704834	166.693084717
1887.6348877	163.674819946
1888.39929199	167.597000122
1889.16369629	170.730773926
1889.92810059	179.349212646
1890.69250488	173.30921936
1891.45678711	167.072265625
1892.22119141	174.423309326
1892.9855957	167.270721436
1893.75	166.072662354
1894.5144043	171.532608032
1895.27880859	167.27444458
1896.04321289	166.566375732
1896.80749512	168.868438721
1897.57189941	172.852279663
1898.33630371	173.746063232
1899.10070801	171.979003906
1899.8651123	180.19960022
1900.6295166	168.7918396
1901.3939209	166.192398071
1902.1583252	161.027984619
1902.92260742	164.938491821
1903.68701172	171.612365723
1904.45141602	168.655609131
1905.21582031	173.785369873
1905.98022461	163.698013306
1906.74462891	166.744995117
1907.5090332	170.299804688
1908.2734375	171.404953003
1909.03771973	170.785461426
1909.80212402	167.849472046
1910.56652832	167.223632813
1911.33093262	172.225509644
1912.09533691	164.010162354
1912.85974121	160.99937439
1913.62414551	160.916229248
1914.3885498	163.052001953
1915.15283203	166.074783325
1915.91723633	167.0859375
1916.68164063	162.148620605
1917.44604492	162.586807251
1918.21044922	163.671478271
1918.97485352	163.955230713
1919.73925781	150.759353638
1920.50354004	164.621688843
1921.26794434	164.773651123
1922.03234863	168.609405518
1922.79675293	172.992340088
1923.56115723	165.626556396
1924.32556152	171.031417847
1925.08996582	179.245758057
1925.85437012	173.362915039
1926.61865234	168.171966553
1927.38305664	162.941589355
1928.14746094	163.452758789
1928.91186523	166.737960815
1929.67626953	166.954498291
1930.44067383	161.365783691
1931.20507813	163.264572144
1931.96948242	165.928710938
1932.73376465	164.296737671
1933.49816895	175.715637207
1934.26257324	165.685409546
1935.02697754	164.422729492
1935.79138184	171.007202148
1936.55578613	166.848571777
1937.32019043	161.305480957
1938.08447266	169.187973022
1938.84887695	169.180114746
1939.61328125	162.036453247
1940.37768555	166.185653687
1941.14208984	162.603652954
1941.90649414	167.55909729
1942.67089844	168.752090454
1943.43530273	169.520614624
1944.19958496	179.441925049
1944.96398926	160.062637329
1945.72839355	174.472518921
1946.49279785	163.792709351
1947.25720215	165.676147461
1948.02160645	170.810409546
1948.78601074	172.407089233
1949.55041504	176.11769104
1950.31469727	168.247680664
1951.07910156	168.198562622
1951.84350586	171.925933838
1952.60791016	157.508682251
1953.37231445	164.74458313
1954.13671875	169.355499268
1954.90112305	165.341033936
1955.66552734	165.75100708
1956.42980957	163.887359619
1957.19421387	160.74937439
1957.95861816	157.202362061
1958.72302246	166.049880981
1959.48742676	161.76763916
1960.25183105	161.708770752
1961.01623535	161.914550781
1961.78051758	165.108215332
1962.54492188	171.785507202
1963.30932617	168.53338623
1964.07373047	160.50680542
1964.83813477	176.285842896
1965.60253906	161.235733032
1966.36694336	165.93637085
1967.13134766	163.880462646
1967.89562988	170.061050415
1968.66003418	163.46824646
1969.42443848	161.531799316
1970.18884277	160.585327148
1970.95324707	165.530334473
1971.71765137	154.827255249
1972.48205566	161.373474121
1973.24645996	170.579818726
1974.01074219	167.99937439
1974.77514648	171.046279907
1975.53955078	162.77947998
1976.30395508	162.863204956
1977.06835938	168.075073242
1977.83276367	169.959625244
1978.59716797	160.594863892
1979.3614502	161.751861572
1980.12585449	166.825485229
1980.89025879	171.371383667
1981.65466309	166.713668823
1982.41906738	163.058776855
1983.18347168	164.469726563
1983.94787598	179.70249939
1984.71228027	158.149215698
1985.4765625	173.09072876
1986.2409668	161.772323608
1987.00537109	159.74937439
1987.76977539	164.475494385
1988.53417969	171.410140991
1989.29858398	178.715393066
1990.06298828	165.218338013
1990.82739258	163.011489868
1991.5916748	169.550170898
1992.3560791	162.968734741
1993.1204834	166.500076294
1993.8848877	166.562927246
1994.64929199	162.362701416
1995.41369629	168.334609985
1996.17810059	156.320632935
1996.94250488	166.075195313
1997.70678711	159.558151245
1998.47119141	163.522094727
1999.2355957	161.759414673
2000	165.093093872
