300	102.251091003
300.764373779	104.36378479
301.528778076	102.780769348
302.293151855	112.634674072
303.057556152	123.797325134
303.821929932	127.417068481
304.586334229	123.465614319
305.350708008	118.827423096
306.115112305	119.504722595
306.879486084	115.283615112
307.643890381	121.854499817
308.40826416	109.200073242
309.172668457	107.057975769
309.937042236	115.47013855
310.701446533	117.29611969
311.465820313	110.514587402
312.230224609	112.945762634
312.994598389	119.668167114
313.759002686	115.587806702
314.523376465	111.01184082
315.287780762	115.269187927
316.052154541	116.723709106
316.816558838	111.099281311
317.580932617	110.775886536
318.345336914	102.130943298
319.109710693	107.542442322
319.87411499	106.344215393
320.63848877	109.688240051
321.402862549	112.230255127
322.167266846	111.104545593
322.931640625	111.070632935
323.696044922	113.662391663
324.460418701	97.7277832031
325.224822998	105.336936951
325.989196777	103.857833862
326.753601074	109.702400208
327.517974854	112.0703125
328.28237915	105.632102966
329.04675293	101.46647644
329.811157227	111.405433655
330.575531006	115.189483643
331.339935303	83.9425888062
332.104309082	98.8480377197
332.868713379	103.751472473
333.633087158	88.2539367676
334.397491455	85.9809799194
335.161865234	99.8779754639
335.926269531	102.266365051
336.690643311	99.7332763672
337.455047607	99.0037460327
338.219421387	101.40486145
338.983825684	98.4390029907
339.748199463	107.384674072
340.51260376	109.955039978
341.276977539	98.8105010986
342.041381836	84.8403701782
342.805755615	78.4440002441
343.570129395	100.139213562
344.334533691	98.5994110107
345.098907471	90.0358963013
345.863311768	89.2362670898
346.627685547	85.0463485718
347.392089844	82.1287384033
348.156463623	87.8049087524
348.92086792	93.5979003906
349.685241699	94.6680221558
350.449645996	97.0177459717
351.214019775	96.6123123169
351.978424072	79.8629150391
352.742797852	76.7653121948
353.507202148	76.3893890381
354.271575928	76.356300354
355.035980225	89.3348693848
355.800354004	86.2100448608
356.564758301	88.3412628174
357.32913208	76.305519104
358.093536377	83.6383666992
358.857910156	82.4286117554
359.622314453	78.5691070557
360.386688232	81.3417129517
361.151092529	86.9767456055
361.915466309	86.4995956421
362.679870605	84.9116668701
363.444244385	87.4851760864
364.208618164	80.8276443481
364.973022461	80.9658432007
365.73739624	87.8467941284
366.501800537	81.0461807251
367.266174316	67.3131790161
368.030578613	75.125328064
368.794952393	80.2907028198
369.559356689	76.2516937256
370.323730469	71.3728103638
371.088134766	79.1072692871
371.852508545	82.5508041382
372.616912842	81.0409088135
373.381286621	77.3229141235
374.145690918	79.0191650391
374.910064697	93.8356552124
375.674468994	82.2766265869
376.438842773	71.3948745728
377.20324707	85.484375
377.96762085	83.9105148315
378.732025146	73.4988861084
379.496398926	70.3797988892
380.260803223	69.4208679199
381.025177002	58.6002731323
381.789581299	58.2130851746
382.553955078	69.2083511353
383.318359375	65.8526000977
384.082733154	59.4215621948
384.847137451	67.9985809326
385.61151123	71.3454666138
386.37588501	65.1915283203
387.140289307	60.7062911987
387.904663086	62.5752716064
388.669067383	65.6864395142
389.433441162	76.9116516113
390.197845459	60.1070175171
390.962219238	50.9698638916
391.726623535	54.8225784302
392.490997314	56.9722595215
393.255401611	58.5998458862
394.019775391	66.5337677002
394.784179688	67.3495254517
395.548553467	46.0674743652
396.312957764	68.8267745972
397.077331543	72.1768341064
397.84173584	73.9518508911
398.606109619	77.8854980469
399.370513916	74.7351608276
400.134887695	69.9331512451
400.899291992	69.5438919067
401.663665771	58.2300453186
402.428070068	61.2173690796
403.192443848	59.5942268372
403.956848145	55.414894104
404.721221924	58.3120155334
405.485626221	56.2755355835
406.25	56.8298530579
407.014373779	66.8536529541
407.778778076	75.6664733887
408.543151855	69.2445678711
409.307556152	75.5967254639
410.071929932	74.1944122314
410.836334229	57.8253211975
411.600708008	59.9760704041
412.365112305	63.3173713684
413.129486084	55.0281791687
413.893890381	49.5928688049
414.65826416	58.9095115662
415.422668457	57.6764717102
416.187042236	60.7154045105
416.951446533	62.2037391663
417.715820313	57.25573349
418.480224609	61.6172065735
419.244598389	67.6515655518
420.009002686	60.1328163147
420.773376465	53.1205101013
421.537780762	58.0938301086
422.302154541	39.1627006531
423.066558838	33.8808326721
423.830932617	61.8890953064
424.595336914	51.305103302
425.359710693	49.8346061707
426.12411499	57.2308082581
426.88848877	56.6623840332
427.652862549	54.2936325073
428.417266846	59.8774261475
429.181640625	56.7564468384
429.946044922	66.1018981934
430.710418701	62.9168014526
431.474822998	50.4208526611
432.239196777	47.1352615356
433.003601074	43.799621582
433.767974854	48.7438583374
434.53237915	55.8047637939
435.29675293	56.7651138306
436.061157227	58.3359069824
436.825531006	41.5835189819
437.589935303	50.1960601807
438.354309082	43.9798660278
439.118713379	43.3313293457
439.883087158	44.7761459351
440.647491455	40.1786651611
441.411865234	38.9185562134
442.176269531	47.2604675293
442.940643311	50.8828048706
443.705047607	37.3141937256
444.469421387	31.0049228668
445.233825684	34.2784423828
445.998199463	41.6123580933
446.76260376	40.514175415
447.526977539	42.1468887329
448.291381836	41.0684814453
449.055755615	39.0778121948
449.820129395	44.6452217102
450.584533691	45.4429092407
451.348907471	39.6807899475
452.113311768	38.0456504822
452.877685547	40.477771759
453.642089844	40.6596183777
454.406463623	39.5399208069
455.17086792	39.1208763123
455.935241699	44.2872200012
456.699645996	43.180065155
457.464019775	23.763217926
458.228424072	35.205532074
458.992797852	33.5692024231
459.757202148	26.9477329254
460.521575928	31.034702301
461.285980225	42.6136741638
462.050354004	33.0469551086
462.814758301	22.5201225281
463.57913208	25.3997535706
464.343536377	27.71667099
465.107910156	26.3510322571
465.872314453	19.2791557312
466.636688232	16.5221595764
467.401092529	26.5818138123
468.165466309	31.0291957855
468.929870605	20.52576828
469.694244385	22.7258968353
470.458618164	22.9156780243
471.223022461	13.3247270584
471.98739624	20.4279003143
472.751800537	27.9839839935
473.516174316	17.2738342285
474.280578613	37.3691291809
475.044952393	36.7458953857
475.809356689	17.8425350189
476.573730469	10.0488576889
477.338134766	14.8788967133
478.102508545	13.3228292465
478.866912842	4.69836997986
479.631286621	9.5339050293
480.395690918	14.5266933441
481.160064697	14.2320098877
481.924468994	15.0385494232
482.688842773	19.3805541992
483.45324707	5.55538034439
484.21762085	10.4406585693
484.982025146	20.5549678802
485.746398926	14.6271362305
486.510803223	2.51021456718
487.275177002	1.71653783321
488.039581299	-5.36281681061
488.803955078	-7.90197706223
489.568359375	8.3146276474
490.332733154	7.1553196907
491.097137451	-1.33828043938
491.86151123	4.30096530914
492.62588501	7.14922571182
493.390289307	1.38676548004
494.154663086	-1.19917821884
494.919067383	-1.27654922009
495.683441162	4.26479578018
496.447845459	-0.308729857206
497.212219238	-17.8061122894
497.976623535	-10.8046560287
498.740997314	-10.8537340164
499.505401611	-11.6343212128
500.269775391	-1.68953406811
501.034179688	8.07492256165
501.798553467	0.379786759615
502.562957764	-15.2338695526
503.327331543	-7.99403810501
504.09173584	-1.9656047821
504.856109619	-16.4129066467
505.620513916	-5.42011833191
506.384887695	-9.37102127075
507.149291992	-2.7104165554
507.913665771	-5.18988418579
508.678070068	-9.95338249207
509.442443848	-6.15190505981
510.206848145	-12.5863618851
510.971221924	-9.97653579712
511.735626221	-7.56025409698
512.5	-5.14958524704
513.264404297	-8.85397052765
514.028747559	-6.20416307449
514.793151855	-9.69639015198
515.557556152	-10.3240232468
516.321960449	-10.1977815628
517.086303711	-9.42349243164
517.850708008	-3.95139479637
518.615112305	-6.9237241745
519.379516602	0.291385173798
520.143859863	-13.5821838379
520.90826416	2.60176706314
521.672668457	-2.2632625103
522.437072754	-11.7624168396
523.201416016	-16.6684265137
523.965820313	-22.7771701813
524.730224609	-27.7868824005
525.494628906	-26.5381736755
526.258972168	-26.0126647949
527.023376465	-23.1405410767
527.787780762	-11.8874988556
528.552185059	-22.020778656
529.31652832	-11.5427236557
530.080932617	-18.5473709106
530.845336914	-20.9058704376
531.609741211	-21.097743988
532.374084473	-26.8437480927
533.13848877	-25.9838638306
533.902893066	-14.7581043243
534.667236328	-22.2355861664
535.431640625	-12.2870168686
536.196044922	-12.5841445923
536.960449219	-28.2216358185
537.72479248	-13.9705095291
538.489196777	-4.14202690125
539.253601074	-8.01636505127
540.018005371	-13.1843118668
540.782348633	-15.9124956131
541.54675293	-13.7062358856
542.311157227	-2.58508992195
543.075561523	-5.40843248367
543.839904785	-13.9272956848
544.604309082	-10.1405925751
545.368713379	-4.66608333588
546.133117676	-10.1472930908
546.897460938	-16.1210823059
547.661865234	-6.80853033066
548.426269531	-3.92191195488
549.190673828	-13.7393951416
549.95501709	-18.0518684387
550.719421387	-14.0354890823
551.483825684	-10.6109371185
552.24822998	-11.1527862549
553.012573242	9.67033100128
553.776977539	-21.2874412537
554.541381836	-16.6285762787
555.305725098	-12.8552951813
556.070129395	-18.690448761
556.834533691	-13.3289451599
557.598937988	-5.36542320251
558.36328125	-15.9835290909
559.127685547	-27.4410877228
559.892089844	-18.4450340271
560.656494141	-17.7200069427
561.420837402	-11.8662195206
562.185241699	-14.0112476349
562.949645996	-10.8093833923
563.714050293	-4.17596960068
564.478393555	-9.16574954987
565.242797852	-15.9855823517
566.007202148	-12.7665672302
566.771606445	-5.32675647736
567.535949707	-4.93528032303
568.300354004	-9.64424324036
569.064758301	-6.11843442917
569.829162598	-30.3061256409
570.593505859	-10.9131851196
571.357910156	-10.8588733673
572.122314453	-6.78710460663
572.88671875	-2.5464823246
573.651062012	-13.1679458618
574.415466309	-22.7767505646
575.179870605	-17.4621829987
575.944274902	-10.5171852112
576.708618164	-7.37253522873
577.473022461	-23.5612335205
578.237426758	-15.6615543365
579.00177002	-12.8657512665
579.766174316	-12.0061407089
580.530578613	-18.5688934326
581.29498291	-17.629907608
582.059326172	-19.0953960419
582.823730469	-21.1156368256
583.588134766	-12.1104888916
584.352539063	-6.35817909241
585.116882324	-20.7753276825
585.881286621	-2.39288973808
586.645690918	-12.2867889404
587.410095215	-13.9529657364
588.174438477	-10.3065156937
588.938842773	-22.7064266205
589.70324707	-16.7591705322
590.467651367	-4.67809391022
591.231994629	-8.04540729523
591.996398926	-14.4415950775
592.760803223	-10.8778524399
593.52520752	-12.0230035782
594.289550781	-19.9531822205
595.053955078	-9.45911216736
595.818359375	-17.3248443604
596.582763672	-10.3306818008
597.347106934	-16.3564414978
598.11151123	-18.1717891693
598.875915527	-11.1248922348
599.640258789	-10.3107471466
600.404663086	-11.0434837341
601.169067383	-10.3932542801
601.93347168	-10.2810811996
602.697814941	-10.6884632111
603.462219238	-21.7355918884
604.226623535	-24.3237342834
604.991027832	-7.41081094742
605.755371094	-10.1915149689
606.519775391	-10.779841423
607.284179688	-13.6608629227
608.048583984	-21.748670578
608.812927246	-19.9748401642
609.577331543	-12.3197278976
610.34173584	-9.38669204712
611.106140137	-7.99686956406
611.870483398	-0.650803744793
612.634887695	3.74536657333
613.399291992	-9.64697647095
614.163696289	-17.967420578
614.928039551	-9.20637607574
615.692443848	-13.6032657623
616.456848145	-5.76422452927
617.221252441	-10.7993593216
617.985595703	-15.173661232
618.75	-19.0944461823
619.514404297	-11.8342618942
620.278747559	-4.75470638275
621.043151855	-16.986618042
621.807556152	-7.54064321518
622.571960449	-5.69974040985
623.336303711	-7.2718873024
624.100708008	-15.3727264404
624.865112305	5.34592294693
625.629516602	9.49496173859
626.393859863	2.64586806297
627.15826416	-9.68046569824
627.922668457	-18.3454837799
628.687072754	-18.2606525421
629.451416016	-10.5146541595
630.215820313	-3.20027112961
630.980224609	-4.81188297272
631.744628906	-2.94726777077
632.508972168	19.2546634674
633.273376465	-10.9759054184
634.037780762	-10.740685463
634.802185059	-4.75720405579
635.56652832	0.189631044865
636.330932617	-10.4424886703
637.095336914	-16.497428894
637.859741211	-14.0780353546
638.624084473	-11.2540636063
639.38848877	-9.31007289886
640.152893066	-5.65801239014
640.917236328	-2.99795103073
641.681640625	-6.67285633087
642.446044922	-9.33323478699
643.210449219	-0.645743966103
643.97479248	3.67374110222
644.739196777	-4.44867372513
645.503601074	1.99974250793
646.268005371	-11.4951086044
647.032348633	-9.89766979218
647.79675293	-9.35153579712
648.561157227	-15.4826488495
649.325561523	-16.219078064
650.089904785	-17.7134037018
650.854309082	-1.2714881897
651.618713379	2.16484332085
652.383117676	-11.1898107529
653.147460938	-7.79915857315
653.911865234	-4.61993741989
654.676269531	-2.86066913605
655.440673828	-2.03993844986
656.20501709	-4.01339149475
656.969421387	-2.9310028553
657.733825684	-4.53040790558
658.49822998	-6.28069114685
659.262573242	0.757238686085
660.026977539	4.2809419632
660.791381836	-11.0763053894
661.555725098	-9.43974304199
662.320129395	3.33350253105
663.084533691	14.3768587112
663.848937988	-3.95234322548
664.61328125	0.398727715015
665.377685547	-3.30181217194
666.142089844	10.0825786591
666.906494141	6.87450027466
667.670837402	3.20741319656
668.435241699	3.73648762703
669.199645996	-3.21429657936
669.964050293	-4.35566282272
670.728393555	2.0042886734
671.492797852	-14.1294784546
672.257202148	4.16695976257
673.021606445	15.565205574
673.785949707	-6.99140834808
674.550354004	14.7375869751
675.314758301	-4.17019796371
676.079162598	-11.4892377853
676.843505859	-11.5724315643
677.607910156	-8.51680755615
678.372314453	-10.9425363541
679.13671875	-3.65720629692
679.901062012	14.3831653595
680.665466309	14.1643447876
681.429870605	4.04986476898
682.194274902	6.50893163681
682.958618164	8.37727546692
683.723022461	-12.3482275009
684.487426758	-8.35122776031
685.25177002	14.0888328552
686.016174316	4.17863702774
686.780578613	-5.57659053802
687.54498291	-7.08416795731
688.309326172	0.193599790335
689.073730469	4.57338190079
689.838134766	3.21576809883
690.602539063	-2.98333740234
691.366882324	-7.90036344528
692.131286621	1.21092510223
692.895690918	-9.56200218201
693.660095215	-1.40396094322
694.424438477	-8.40524578094
695.188842773	-4.52576875687
695.95324707	-13.8179531097
696.717651367	-5.66775465012
697.481994629	2.22900104523
698.246398926	2.91145658493
699.010803223	6.39359474182
699.77520752	0.0379035770893
700.539550781	-9.74609661102
701.303955078	-8.59965133667
702.068359375	-5.0178732872
702.832763672	-1.49310195446
703.597106934	10.5746135712
704.36151123	3.76881814003
705.125915527	23.505777359
705.890258789	8.54599666595
706.654663086	11.9963665009
707.419067383	-6.10795164108
708.18347168	-9.18028736115
708.947814941	-2.58690690994
709.712219238	4.24297904968
710.476623535	4.91316699982
711.241027832	1.55353868008
712.005371094	-3.52056145668
712.769775391	3.22805643082
713.534179688	13.9660844803
714.298583984	-3.99156594276
715.062927246	6.02954864502
715.827331543	3.71575808525
716.59173584	2.34883618355
717.356140137	5.08030319214
718.120483398	10.7065811157
718.884887695	9.87689113617
719.649291992	13.1044826508
720.413696289	5.70747041702
721.178039551	2.79657816887
721.942443848	7.3460688591
722.706848145	6.39021873474
723.471252441	6.11475801468
724.235595703	10.7815942764
725	12.8150939941
725.764404297	18.2448635101
726.528747559	14.2134580612
727.293151855	19.9550266266
728.057556152	2.29959106445
728.821960449	16.2575893402
729.586303711	25.6718025208
730.350708008	18.2829990387
731.115112305	14.1593933105
731.879516602	28.0317287445
732.643859863	19.8122749329
733.40826416	16.4932041168
734.172668457	14.8215036392
734.937072754	10.0153417587
735.701416016	15.7096748352
736.465820313	29.3535556793
737.230224609	33.2975158691
737.994628906	22.9641647339
738.758972168	23.6674079895
739.523376465	24.6086521149
740.287780762	23.7370929718
741.052185059	17.095451355
741.81652832	21.1625556946
742.580932617	17.911447525
743.345336914	19.1734027863
744.109741211	21.6806259155
744.874084473	20.3382759094
745.63848877	15.9151716232
746.402893066	16.2480487823
747.167236328	18.4861736298
747.931640625	17.5528450012
748.696044922	21.9625968933
749.460449219	29.7754230499
750.22479248	23.6111125946
750.989196777	30.1218471527
751.753601074	24.9983329773
752.518005371	16.5411701202
753.282348633	19.0557842255
754.04675293	29.6966152191
754.811157227	36.2423210144
755.575561523	28.783662796
756.339904785	13.3781118393
757.104309082	19.3881435394
757.868713379	19.2530632019
758.633117676	27.8689594269
759.397460938	36.892578125
760.161865234	32.4169540405
760.926269531	25.5423698425
761.690673828	21.3603553772
762.45501709	27.1901855469
763.219421387	39.9973068237
763.983825684	42.5546379089
764.74822998	13.757938385
765.512573242	16.0863647461
766.276977539	24.4882106781
767.041381836	23.3249950409
767.805725098	31.7701206207
768.570129395	32.1428833008
769.334533691	30.0683498383
770.098937988	30.8220043182
770.86328125	24.0821628571
771.627685547	24.3372497559
772.392089844	26.0104293823
773.156494141	29.2684459686
773.920837402	33.2334403992
774.685241699	32.4922485352
775.449645996	50.4871749878
776.214050293	50.9812469482
776.978393555	37.4826164246
777.742797852	27.161989212
778.507202148	35.7366256714
779.271606445	20.5827465057
780.035949707	26.7515964508
780.800354004	27.7903156281
781.564758301	44.4890975952
782.329162598	42.4499664307
783.093505859	27.5201225281
783.857910156	37.5675964355
784.622314453	45.7291793823
785.38671875	42.3750457764
786.151062012	38.2835502625
786.915466309	38.8714332581
787.679870605	40.7219467163
788.444274902	33.2632293701
789.208618164	29.0856132507
789.973022461	42.5994300842
790.737426758	51.48802948
791.50177002	41.2684822083
792.266174316	39.8162651062
793.030578613	40.2191200256
793.79498291	39.4857406616
794.559326172	30.3742580414
795.323730469	39.3664970398
796.088134766	38.4137611389
796.852539063	40.7707138062
797.616882324	46.7796859741
798.381286621	50.4122123718
799.145690918	44.9476051331
799.910095215	46.3732833862
800.674438477	47.7901229858
801.438842773	38.0079154968
802.20324707	39.0645179749
802.967651367	45.9530296326
803.731994629	44.0914230347
804.496398926	40.0886039734
805.260803223	60.9450111389
806.02520752	50.8204307556
806.789550781	46.7213058472
807.553955078	50.6756401062
808.318359375	48.8132667542
809.082763672	63.6963157654
809.847106934	63.8633041382
810.61151123	51.8262138367
811.375915527	41.5975990295
812.140258789	35.6990356445
812.904663086	53.3865280151
813.669067383	60.2696685791
814.43347168	60.5476722717
815.197814941	67.7345275879
815.962219238	66.5643234253
816.726623535	60.4190216064
817.491027832	54.5410804749
818.255371094	57.1105957031
819.019775391	60.8261032104
819.784179688	60.0601348877
820.548583984	61.719455719
821.312927246	38.0293273926
822.077331543	51.4902572632
822.84173584	73.2964935303
823.606140137	52.1210365295
824.370483398	50.7135658264
825.134887695	55.5076828003
825.899291992	64.3615570068
826.663696289	51.8621253967
827.428039551	46.3013954163
828.192443848	52.6275558472
828.956848145	53.8995513916
829.721252441	57.7707595825
830.485595703	60.6951942444
831.25	54.8051376343
832.014404297	52.9793243408
832.778747559	55.9033317566
833.543151855	60.8127784729
834.307556152	58.2223434448
835.071960449	71.3212432861
835.836303711	61.1155204773
836.600708008	50.7355690002
837.365112305	60.1798324585
838.129516602	70.8374786377
838.893859863	56.0595207214
839.65826416	56.8081092834
840.422668457	55.4900169373
841.187072754	67.1280059814
841.951416016	59.2042655945
842.715820313	67.977355957
843.480224609	64.9335250854
844.244628906	61.443649292
845.008972168	75.2425384521
845.773376465	83.4317398071
846.537780762	82.3546981812
847.302185059	77.016708374
848.06652832	65.1274871826
848.830932617	66.1867141724
849.595336914	70.8557662964
850.359741211	69.385269165
851.124084473	76.0446014404
851.88848877	72.9114456177
852.652893066	62.7344017029
853.417236328	60.1591415405
854.181640625	74.4183197021
854.946044922	63.9214515686
855.710449219	60.7399864197
856.47479248	51.6359176636
857.239196777	52.9109344482
858.003601074	61.3698768616
858.768005371	60.2420310974
859.532348633	63.6150131226
860.29675293	51.4910736084
861.061157227	47.6537513733
861.825561523	47.4989891052
862.589904785	47.4715194702
863.354309082	52.1966705322
864.118713379	51.2314796448
864.883117676	44.6773338318
865.647460938	46.0245895386
866.411865234	46.7441558838
867.176269531	34.3349380493
867.940673828	53.2055625916
868.70501709	47.8037033081
869.469421387	49.59815979
870.233825684	58.8943557739
870.99822998	23.9573955536
871.762573242	42.1180343628
872.526977539	33.3617095947
873.291381836	36.0210037231
874.055725098	39.0918617249
874.820129395	35.3201522827
875.584533691	32.8085174561
876.348937988	26.9177322388
877.11328125	31.3163490295
877.877685547	30.9407901764
878.642089844	24.0687408447
879.406494141	30.3698806763
880.170837402	34.0990943909
880.935241699	32.511013031
881.699645996	32.8770294189
882.464050293	30.1117019653
883.228393555	26.8560218811
883.992797852	26.9574832916
884.757202148	26.2718372345
885.521606445	22.8942947388
886.285949707	29.4105873108
887.050354004	23.0672264099
887.814758301	31.3341236115
888.579162598	14.6553726196
889.343505859	25.2031898499
890.107910156	22.741481781
890.872314453	20.7478504181
891.63671875	11.1695337296
892.401062012	8.31097888947
893.165466309	22.7838096619
893.929870605	19.3293628693
894.694274902	8.40406131744
895.458618164	13.1595811844
896.223022461	21.2150535583
896.987426758	14.7443113327
897.75177002	26.630355835
898.516174316	24.7928218842
899.280578613	23.7866172791
900.04498291	20.3062610626
900.809326172	18.8472747803
901.573730469	19.3655452728
902.338134766	15.3272676468
903.102539063	17.924030304
903.866882324	14.7862091064
904.631286621	15.5045223236
905.395690918	22.4993553162
906.160095215	15.1894721985
906.924438477	17.0854949951
907.688842773	11.8972234726
908.45324707	17.5930461884
909.217651367	4.66521072388
909.981994629	-2.73408484459
910.746398926	14.6600408554
911.510803223	15.5557231903
912.27520752	11.6944465637
913.039550781	22.8642730713
913.803955078	4.91315364838
914.568359375	8.20562553406
915.332763672	5.5638012886
916.097106934	15.7100992203
916.86151123	11.0279006958
917.625915527	-1.82940852642
918.390258789	12.6345777512
919.154663086	4.35356235504
919.919067383	7.56131744385
920.68347168	15.6870708466
921.447814941	11.3637037277
922.212219238	13.6371326447
922.976623535	13.3747940063
923.741027832	12.7022695541
924.505371094	19.7640953064
925.269775391	14.0530872345
926.034179688	0.637154042721
926.798583984	0.00997830368578
927.562927246	20.9043235779
928.327331543	15.0281848907
929.09173584	8.69852542877
929.856140137	7.1836848259
930.620483398	0.558437168598
931.384887695	2.21043634415
932.149291992	4.37671756744
932.913696289	9.62057495117
933.678039551	9.8044090271
934.442443848	-2.858533144
935.206848145	1.18000149727
935.971252441	12.5242109299
936.735595703	4.15945339203
937.5	4.20460748672
938.264404297	17.761724472
939.028747559	12.5875806808
939.793151855	10.2977437973
940.557556152	6.04089593887
941.321960449	3.22029733658
942.086303711	-6.73744726181
942.850708008	-7.28497457504
943.615112305	-4.13700675964
944.379516602	2.83609604836
945.143859863	6.69701576233
945.90826416	7.30082511902
946.672668457	8.84469795227
947.437072754	8.27898216248
948.201416016	1.23325526714
948.965820313	-0.655245006084
949.730224609	5.73149251938
950.494628906	2.82925963402
951.258972168	5.44646596909
952.023376465	10.4535655975
952.787780762	4.84808492661
953.552185059	5.12550878525
954.31652832	8.46946048737
955.080932617	12.1307344437
955.845336914	-6.05699062347
956.609741211	-0.234980463982
957.374084473	-2.62354183197
958.13848877	0.544323980808
958.902893066	-0.273558676243
959.667236328	5.14671802521
960.431640625	8.4063501358
961.196044922	2.52987360954
961.960449219	8.00523471832
962.72479248	10.5466051102
963.489196777	0.707451462746
964.253601074	4.58756685257
965.018005371	-7.28234815598
965.782348633	-1.39942502975
966.54675293	-7.97853803635
967.311157227	-1.18191885948
968.075561523	12.8469696045
968.839904785	24.4258460999
969.604309082	8.30046844482
970.368713379	-0.63521194458
971.133117676	-9.07473754883
971.897460938	-4.10480880737
972.661865234	4.4250869751
973.426269531	3.1058614254
974.190673828	6.02702283859
974.95501709	-1.66714131832
975.719421387	-6.3998799324
976.483825684	4.8205370903
977.24822998	0.362700879574
978.012573242	-7.96165132523
978.776977539	4.85874128342
979.541381836	16.3969993591
980.305725098	10.5410909653
981.070129395	16.4411964417
981.834533691	15.6653432846
982.598937988	-0.106846474111
983.36328125	-6.55644893646
984.127685547	-17.441400528
984.892089844	-11.0529165268
985.656494141	-3.3187277317
986.420837402	-3.26097559929
987.185241699	-6.02794694901
987.949645996	1.6559484005
988.714050293	-7.73809814453
989.478393555	-12.3297901154
990.242797852	10.0230808258
991.007202148	11.1509151459
991.771606445	-8.32842826843
992.535949707	-8.91133117676
993.300354004	11.9592704773
994.064758301	11.2206802368
994.829162598	-6.20064878464
995.593505859	-3.34153532982
996.357910156	-12.2829456329
997.122314453	-18.5720729828
997.88671875	-13.2413568497
998.651062012	-10.9643058777
999.415466309	-1.90772950649
1000.17987061	8.66648578644
1000.9442749	3.58713650703
1001.70861816	-5.86155080795
1002.47302246	-0.0695924982429
1003.23742676	-2.91453623772
1004.00177002	-0.699893176556
1004.76617432	3.12120914459
1005.53057861	-1.32517504692
1006.29498291	4.93104696274
1007.05932617	0.837279438972
1007.82373047	-17.5529823303
1008.58813477	-14.6084976196
1009.35253906	-9.07279586792
1010.11688232	-9.7360830307
1010.88128662	0.145810738206
1011.64569092	-3.15433335304
1012.41009521	-11.7749166489
1013.17443848	-6.34120893478
1013.93884277	-8.2428894043
1014.70324707	-13.4909448624
1015.46765137	-13.0260791779
1016.23199463	-2.4246776104
1016.99639893	0.670529067516
1017.76080322	-22.0861320496
1018.52520752	-8.75883960724
1019.28955078	11.602602005
1020.05395508	-1.18036484718
1020.81835938	-1.11796462536
1021.58276367	-7.20149946213
1022.34710693	-3.34832811356
1023.11151123	-3.87922024727
1023.87591553	-1.95170772076
1024.64025879	1.72702515125
1025.40466309	-4.35376310349
1026.16906738	4.60521316528
1026.93347168	4.26652050018
1027.69787598	0.386812746525
1028.46228027	4.39785194397
1029.2265625	10.3923492432
1029.9909668	-8.99098968506
1030.75537109	-1.47583091259
1031.51977539	5.95754098892
1032.28417969	-0.424333661795
1033.04858398	-10.0656995773
1033.81298828	-2.10104680061
1034.57739258	-8.54960250854
1035.3416748	5.60575342178
1036.1060791	9.0896320343
1036.8704834	4.18529653549
1037.6348877	16.5996246338
1038.39929199	0.0700759887695
1039.16369629	-12.3807382584
1039.92810059	8.71413326263
1040.69250488	-1.2241076231
1041.45678711	-3.1204791069
1042.22119141	8.52450180054
1042.9855957	-4.91419649124
1043.75	-7.88948583603
1044.5144043	-3.12826347351
1045.27880859	0.263665646315
1046.04321289	8.12675571442
1046.80749512	13.9163885117
1047.57189941	4.37634134293
1048.33630371	-9.2435092926
1049.10070801	-0.294512331486
1049.8651123	13.5456590652
1050.6295166	12.6586875916
1051.3939209	7.71547269821
1052.1583252	0.968394219875
1052.92260742	-0.796446382999
1053.68701172	0.256432324648
1054.45141602	2.18681359291
1055.21582031	-5.39031267166
1055.98022461	-2.67773532867
1056.74462891	6.03291940689
1057.5090332	-3.98234772682
1058.2734375	-2.17412853241
1059.03771973	10.5350914001
1059.80212402	4.14290142059
1060.56652832	-2.81718993187
1061.33093262	-4.66049051285
1062.09533691	0.0779046937823
1062.85974121	-1.33592188358
1063.62414551	-6.72823381424
1064.3885498	-14.0214242935
1065.15283203	-14.6899814606
1065.91723633	-0.9256772995
1066.68164063	6.73639345169
1067.44604492	1.42776083946
1068.21044922	0.409930318594
1068.97485352	1.48481225967
1069.73925781	-0.542539775372
1070.50354004	0.318779289722
1071.26794434	-1.1361849308
1072.03234863	1.71790218353
1072.79675293	2.15359354019
1073.56115723	10.3132839203
1074.32556152	-5.02867412567
1075.08996582	-13.3926954269
1075.85437012	0.143855959177
1076.61865234	6.22950983047
1077.38305664	2.22098708153
1078.14746094	-4.37942409515
1078.91186523	-2.04532575607
1079.67626953	8.97383117676
1080.44067383	7.0646739006
1081.20507813	-7.41449117661
1081.96948242	-7.78394508362
1082.73376465	7.04404878616
1083.49816895	12.8328895569
1084.26257324	4.12722301483
1085.02697754	-2.09296941757
1085.79138184	5.00568580627
1086.55578613	6.83596944809
1087.32019043	9.55748844147
1088.08447266	5.15675258636
1088.84887695	8.15128231049
1089.61328125	6.31475639343
1090.37768555	2.26570630074
1091.14208984	11.7169008255
1091.90649414	14.04114151
1092.67089844	7.24203062057
1093.43530273	9.65593242645
1094.19958496	-0.293631255627
1094.96398926	5.45217943192
1095.72839355	7.70043182373
1096.49279785	20.1730499268
1097.25720215	8.51151180267
1098.02160645	-0.618532001972
1098.78601074	-0.21335837245
1099.55041504	6.87052631378
1100.31469727	17.8581581116
1101.07910156	-1.30270886421
1101.84350586	15.2361316681
1102.60791016	31.0698947906
1103.37231445	13.9123849869
1104.13671875	9.68712615967
1104.90112305	5.08918714523
1105.66552734	8.09989070892
1106.42980957	19.0333843231
1107.19421387	16.7991523743
1107.95861816	25.7352104187
1108.72302246	9.78198623657
1109.48742676	7.30819225311
1110.25183105	2.53294587135
1111.01623535	7.95545339584
1111.78051758	9.34274291992
1112.54492188	6.56767988205
1113.30932617	9.05775356293
1114.07373047	11.3601436615
1114.83813477	16.3054180145
1115.60253906	22.664144516
1116.36694336	13.6199760437
1117.13134766	16.3460121155
1117.89562988	18.5526371002
1118.66003418	11.9076404572
1119.42443848	11.4578943253
1120.18884277	17.5574035645
1120.95324707	20.1297531128
1121.71765137	14.5681295395
1122.48205566	11.2399053574
1123.24645996	10.7318096161
1124.01074219	12.6526679993
1124.77514648	2.00944113731
1125.53955078	2.18695378304
1126.30395508	14.0771741867
1127.06835938	18.9843616486
1127.83276367	11.5294885635
1128.59716797	14.4200754166
1129.3614502	20.8895187378
1130.12585449	23.5961437225
1130.89025879	17.3288936615
1131.65466309	26.1299419403
1132.41906738	-2.6569018364
1133.18347168	7.30741500854
1133.94787598	27.1564369202
1134.71228027	11.1560316086
1135.4765625	15.9275979996
1136.2409668	8.65345096588
1137.00537109	21.6913757324
1137.76977539	30.1948776245
1138.53417969	9.03553676605
1139.29858398	27.7007198334
1140.06298828	8.63036823273
1140.82739258	9.47823047638
1141.5916748	23.5417900085
1142.3560791	20.9643573761
1143.1204834	19.3223514557
1143.8848877	2.68992757797
1144.64929199	22.6284866333
1145.41369629	18.7734680176
1146.17810059	24.003288269
1146.94250488	24.6251964569
1147.70678711	27.6725826263
1148.47119141	25.414730072
1149.2355957	32.9977607727
1150	37.4206962585
1150.7644043	37.3467445374
1151.52880859	32.1698875427
1152.29321289	26.4361438751
1153.05749512	32.0394363403
1153.82189941	39.8466491699
1154.58630371	37.4667282104
1155.35070801	29.9597301483
1156.1151123	24.9096431732
1156.8795166	32.3848228455
1157.6439209	36.7276191711
1158.4083252	35.8456230164
1159.17260742	38.2252845764
1159.93701172	31.7790775299
1160.70141602	33.5137176514
1161.46582031	40.6426467896
1162.23022461	31.9521179199
1162.99462891	24.2691574097
1163.7590332	26.9223155975
1164.5234375	33.5411720276
1165.28771973	32.5288658142
1166.05212402	35.0016670227
1166.81652832	42.6280326843
1167.58093262	51.009098053
1168.34533691	36.6001815796
1169.10974121	32.303024292
1169.87414551	36.9168777466
1170.6385498	41.1842956543
1171.40283203	32.6700973511
1172.16723633	49.091381073
1172.93164063	52.9177589417
1173.69604492	34.1511802673
1174.46044922	44.6941108704
1175.22485352	37.2034721375
1175.98925781	43.8234291077
1176.75354004	30.9660892487
1177.51794434	33.0611419678
1178.28234863	40.3176345825
1179.04675293	42.0559997559
1179.81115723	51.9652023315
1180.57556152	49.4860343933
1181.33996582	49.5380592346
1182.10437012	57.1682090759
1182.86865234	50.0147895813
1183.63305664	48.5347099304
1184.39746094	26.3226947784
1185.16186523	65.7342758179
1185.92626953	62.0074920654
1186.69067383	43.3947219849
1187.45507813	43.5795593262
1188.21948242	73.2742843628
1188.98376465	40.6715202332
1189.74816895	59.1620826721
1190.51257324	60.7634849548
1191.27697754	60.6118354797
1192.04138184	75.1794204712
1192.80578613	67.1072387695
1193.57019043	53.8856430054
1194.33447266	63.4300994873
1195.09887695	73.8177566528
1195.86328125	59.2384338379
1196.62768555	59.1650314331
1197.39208984	61.7022209167
1198.15649414	55.5066261292
1198.92089844	73.9021606445
1199.68530273	76.7151031494
1200.44958496	89.9562759399
1201.21398926	80.6741943359
1201.97839355	83.6344833374
1202.74279785	84.6494598389
1203.50720215	77.8212966919
1204.27160645	98.8993225098
1205.03601074	94.6249313354
1205.80041504	89.2735137939
1206.56469727	79.5455093384
1207.32910156	66.6815109253
1208.09350586	67.178604126
1208.85791016	76.1780166626
1209.62231445	92.262878418
1210.38671875	93.0267562866
1211.15112305	92.2975311279
1211.91552734	106.487312317
1212.67980957	118.072357178
1213.44421387	108.497917175
1214.20861816	110.85585022
1214.97302246	102.694740295
1215.73742676	109.689933777
1216.50183105	105.248306274
1217.26623535	112.380226135
1218.03051758	116.890930176
1218.79492188	110.555992126
1219.55932617	133.730514526
1220.32373047	134.258850098
1221.08813477	121.902923584
1221.85253906	131.468063354
1222.61694336	133.985122681
1223.38134766	134.91104126
1224.14562988	156.717773438
1224.91003418	152.58454895
1225.67443848	124.826881409
1226.43884277	131.344116211
1227.20324707	155.746612549
1227.96765137	145.39604187
1228.73205566	143.010131836
1229.49645996	157.741424561
1230.26074219	161.737167358
1231.02514648	164.985366821
1231.78955078	169.212738037
1232.55395508	170.56652832
1233.31835938	170.600112915
1234.08276367	168.873153687
1234.84716797	169.201599121
1235.6114502	180.706069946
1236.37585449	190.747787476
1237.14025879	191.851135254
1237.90466309	195.425262451
1238.66906738	206.096481323
1239.43347168	203.466690063
1240.19787598	196.334259033
1240.96228027	213.980163574
1241.7265625	214.58430481
1242.4909668	208.251327515
1243.25537109	232.747314453
1244.01977539	232.980316162
1244.78417969	226.42906189
1245.54858398	239.655883789
1246.31298828	251.4815979
1247.07739258	251.70640564
1247.8416748	246.459671021
1248.6060791	252.974456787
1249.3704834	260.677368164
1250.1348877	272.377716064
1250.89929199	279.486663818
1251.66369629	268.355651855
1252.42810059	275.042877197
1253.19250488	299.127044678
1253.95678711	291.76184082
1254.72119141	304.73727417
1255.4855957	292.069885254
1256.25	278.606689453
1257.0144043	296.785247803
1257.77880859	305.878112793
1258.54321289	325.855865479
1259.30749512	338.352081299
1260.07189941	342.618530273
1260.83630371	336.345794678
1261.60070801	356.720001221
1262.3651123	371.197021484
1263.1295166	361.897918701
1263.8939209	356.718933105
1264.6583252	366.538208008
1265.42260742	367.872711182
1266.18701172	364.446044922
1266.95141602	379.680511475
1267.71582031	377.709136963
1268.48022461	381.259765625
1269.24462891	403.937713623
1270.0090332	429.24307251
1270.7734375	442.379272461
1271.53771973	434.569610596
1272.30212402	439.404785156
1273.06652832	460.586364746
1273.83093262	465.181671143
1274.59533691	471.452636719
1275.35974121	467.583953857
1276.12414551	466.127105713
1276.8885498	478.512451172
1277.65283203	484.552886963
1278.41723633	501.936981201
1279.18164063	527.032653809
1279.94604492	525.381591797
1280.71044922	532.382446289
1281.47485352	552.950378418
1282.23925781	580.559875488
1283.00354004	589.536315918
1283.76794434	569.392700195
1284.53234863	564.333251953
1285.29675293	594.234313965
1286.06115723	620.212280273
1286.82556152	626.316650391
1287.58996582	628.491149902
1288.35437012	626.791748047
1289.11865234	662.790710449
1289.88305664	686.685668945
1290.64746094	695.350341797
1291.41186523	699.782165527
1292.17626953	688.684448242
1292.94067383	685.923339844
1293.70507813	720.193908691
1294.46948242	733.91394043
1295.23376465	755.977355957
1295.99816895	779.248779297
1296.76257324	786.836730957
1297.52697754	812.123962402
1298.29138184	818.949462891
1299.05578613	825.931518555
1299.82019043	866.513244629
1300.58447266	868.162536621
1301.34887695	885.175598145
1302.11328125	914.417602539
1302.87768555	912.700622559
1303.64208984	927.084411621
1304.40649414	948.580932617
1305.17089844	968.061096191
1305.93530273	972.672180176
1306.69958496	1006.76959229
1307.46398926	1026.93017578
1308.22839355	1034.48046875
1308.99279785	1052.22753906
1309.75720215	1044.72229004
1310.52160645	1080.94274902
1311.28601074	1106.74731445
1312.05041504	1128.59631348
1312.81469727	1158.04125977
1313.57910156	1178.60986328
1314.34350586	1185.49145508
1315.10791016	1201.67041016
1315.87231445	1220.60461426
1316.63671875	1252.12536621
1317.40112305	1240.84338379
1318.16552734	1262.98852539
1318.92980957	1274.0748291
1319.69421387	1264.77355957
1320.45861816	1345.37585449
1321.22302246	1259.40441895
1321.98742676	1343.58496094
1322.75183105	1392.7956543
1323.51623535	1365.78125
1324.28051758	1376.63513184
1325.04492188	1409.16870117
1325.80932617	1383.51953125
1326.57373047	1407.46899414
1327.33813477	1448.51989746
1328.10253906	1437.30187988
1328.86694336	1467.38513184
1329.63134766	1489.41931152
1330.39562988	1485.03613281
1331.16003418	1508.1817627
1331.92443848	1473.22937012
1332.68884277	1497.93884277
1333.45324707	1504.8215332
1334.21765137	1482.74609375
1334.98205566	1485.80810547
1335.74645996	1448.96936035
1336.51074219	1464.14489746
1337.27514648	1459.84545898
1338.03955078	1473.11303711
1338.80395508	1489.81274414
1339.56835938	1492.21447754
1340.33276367	1465.57897949
1341.09716797	1457.53649902
1341.8614502	1470.59692383
1342.62585449	1460.09057617
1343.39025879	1447.50256348
1344.15466309	1437.20715332
1344.91906738	1429.10437012
1345.68347168	1418.23193359
1346.44787598	1406.59570313
1347.21228027	1375.49902344
1347.9765625	1355.27282715
1348.7409668	1366.08898926
1349.50537109	1343.04418945
1350.26977539	1302.32714844
1351.03417969	1289.85644531
1351.79858398	1274.30773926
1352.56298828	1261.4354248
1353.32739258	1257.20910645
1354.0916748	1260.39770508
1354.8560791	1218.76782227
1355.6204834	1196.25402832
1356.3848877	1180.14685059
1357.14929199	1193.8236084
1357.91369629	1155.73950195
1358.67810059	1107.00720215
1359.44250488	1107.72363281
1360.20678711	1081.20251465
1360.97119141	1075.78527832
1361.7355957	1038.13269043
1362.5	1022.23278809
1363.2644043	1028.12036133
1364.02880859	1009.75183105
1364.79321289	993.932250977
1365.55749512	968.009277344
1366.32189941	966.408447266
1367.08630371	892.73260498
1367.85070801	883.688598633
1368.6151123	865.979125977
1369.3795166	859.975158691
1370.1439209	823.565673828
1370.9083252	849.207275391
1371.67260742	819.119995117
1372.43701172	800.501525879
1373.20141602	801.297180176
1373.96582031	783.072021484
1374.73022461	739.597290039
1375.49462891	749.175231934
1376.2590332	747.435424805
1377.0234375	706.537231445
1377.78771973	707.511352539
1378.55212402	713.73638916
1379.31652832	687.885437012
1380.08093262	650.657714844
1380.84533691	651.531921387
1381.60974121	627.910095215
1382.37414551	608.056030273
1383.1385498	617.203613281
1383.90283203	602.33972168
1384.66723633	571.922180176
1385.43164063	572.213317871
1386.19604492	571.332519531
1386.96044922	550.175231934
1387.72485352	525.725280762
1388.48925781	508.262084961
1389.25354004	510.402374268
1390.01794434	503.751098633
1390.78234863	487.943054199
1391.54675293	476.689361572
1392.31115723	473.197875977
1393.07556152	450.890075684
1393.83996582	435.300933838
1394.60437012	433.794189453
1395.36865234	442.920562744
1396.13305664	396.827850342
1396.89746094	391.57244873
1397.66186523	399.065948486
1398.42626953	364.479248047
1399.19067383	368.222961426
1399.95507813	392.298248291
1400.71948242	358.304931641
1401.48376465	349.931274414
1402.24816895	310.419891357
1403.01257324	333.150085449
1403.77697754	306.824005127
1404.54138184	316.652801514
1405.30578613	284.100280762
1406.07019043	313.316314697
1406.83447266	302.212219238
1407.59887695	271.852539063
1408.36328125	274.405731201
1409.12768555	292.138244629
1409.89208984	293.721435547
1410.65649414	253.037200928
1411.42089844	226.489074707
1412.18530273	223.620010376
1412.94958496	234.695358276
1413.71398926	231.728271484
1414.47839355	211.548553467
1415.24279785	195.687789917
1416.00720215	191.835220337
1416.77160645	212.070648193
1417.53601074	212.500411987
1418.30041504	187.073989868
1419.06469727	184.959747314
1419.82910156	180.19543457
1420.59350586	169.72883606
1421.35791016	149.742233276
1422.12231445	139.10546875
1422.88671875	163.913299561
1423.65112305	159.304122925
1424.41552734	149.311904907
1425.17980957	159.246734619
1425.94421387	154.70274353
1426.70861816	164.008377075
1427.47302246	152.328399658
1428.23742676	138.065063477
1429.00183105	121.318321228
1429.76623535	136.77482605
1430.53051758	112.382141113
1431.29492188	90.1217269897
1432.05932617	92.8581390381
1432.82373047	117.964668274
1433.58813477	85.1135559082
1434.35253906	91.1674728394
1435.11694336	128.082107544
1435.88134766	99.978553772
1436.64562988	96.5485229492
1437.41003418	95.3037338257
1438.17443848	89.2648696899
1438.93884277	92.7119750977
1439.70324707	86.4197006226
1440.46765137	94.7637786865
1441.23205566	94.1493606567
1441.99645996	76.9515686035
1442.76074219	57.7008590698
1443.52514648	66.764541626
1444.28955078	81.6342544556
1445.05395508	75.9091186523
1445.81835938	70.0877914429
1446.58276367	67.9104995728
1447.34716797	53.0571937561
1448.1114502	68.9414901733
1448.87585449	51.3321990967
1449.64025879	31.8743972778
1450.40466309	46.1380310059
1451.16906738	69.7645797729
1451.93347168	56.4831695557
1452.69787598	66.7695083618
1453.46228027	58.3859214783
1454.2265625	44.0775947571
1454.9909668	47.8210868835
1455.75537109	67.537109375
1456.51977539	47.5160751343
1457.28417969	49.8524627686
1458.04858398	65.0816726685
1458.81298828	39.084564209
1459.57739258	31.0431442261
1460.3416748	18.9632091522
1461.1060791	21.1086769104
1461.8704834	49.7270469666
1462.6348877	48.3047676086
1463.39929199	34.4455986023
1464.16369629	23.5430927277
1464.92810059	28.8737430573
1465.69250488	20.5835437775
1466.45678711	23.5409622192
1467.22119141	33.3860168457
1467.9855957	26.7470607758
1468.75	15.6997814178
1469.5144043	27.6603145599
1470.27880859	24.0339317322
1471.04321289	6.27559280396
1471.80749512	15.7364292145
1472.57189941	13.6629047394
1473.33630371	-3.4948489666
1474.10070801	-10.1891012192
1474.8651123	-18.3562545776
1475.6295166	26.6910705566
1476.3939209	26.1298465729
1477.1583252	2.19645428658
1477.92260742	3.22175168991
1478.68701172	35.2618713379
1479.45141602	14.8492307663
1480.21582031	6.44599056244
1480.98022461	27.5114994049
1481.74462891	36.03465271
1482.5090332	43.7603187561
1483.2734375	37.3402290344
1484.03771973	47.3224372864
1484.80212402	56.3006668091
1485.56652832	41.603603363
1486.33093262	46.3129119873
1487.09533691	47.1864051819
1487.85974121	66.3512802124
1488.62414551	70.9850234985
1489.3885498	69.2628173828
1490.15283203	26.6126976013
1490.91723633	79.606552124
1491.68164063	55.0593910217
1492.44604492	83.5197982788
1493.21044922	78.5568618774
1493.97485352	80.4221801758
1494.73925781	75.5256500244
1495.50354004	77.6239471436
1496.26794434	108.451667786
1497.03234863	111.066856384
1497.79675293	109.371871948
1498.56115723	113.310913086
1499.32556152	110.042686462
1500.08996582	106.629554749
1500.85437012	113.548942566
1501.61865234	111.627342224
1502.38305664	140.363632202
1503.14746094	164.07611084
1503.91186523	149.30519104
1504.67626953	128.422836304
1505.44067383	150.682067871
1506.20507813	158.013931274
1506.96948242	184.008636475
1507.73376465	173.712280273
1508.49816895	166.692459106
1509.26257324	150.446334839
1510.02697754	165.655273438
1510.79138184	181.580276489
1511.55578613	181.944366455
1512.32019043	174.552490234
1513.08447266	174.436172485
1513.84887695	204.525497437
1514.61328125	206.835388184
1515.37768555	208.588272095
1516.14208984	221.703216553
1516.90649414	249.269592285
1517.67089844	249.634536743
1518.43530273	250.808929443
1519.19958496	251.895874023
1519.96398926	252.309036255
1520.72839355	263.871612549
1521.49279785	277.714233398
1522.25720215	289.039123535
1523.02160645	313.385406494
1523.78601074	316.545654297
1524.55041504	310.587219238
1525.31469727	326.666351318
1526.07910156	340.663269043
1526.84350586	330.285919189
1527.60791016	330.676361084
1528.37231445	348.028869629
1529.13671875	385.041137695
1529.90112305	395.859710693
1530.66552734	390.88848877
1531.42980957	411.719573975
1532.19421387	423.380157471
1532.95861816	419.007568359
1533.72302246	430.486022949
1534.48742676	443.531524658
1535.25183105	457.249755859
1536.01623535	444.180480957
1536.78051758	473.431732178
1537.54492188	483.34552002
1538.30932617	505.788085938
1539.07373047	505.942596436
1539.83813477	548.27947998
1540.60253906	544.255615234
1541.36694336	601.551574707
1542.13134766	595.171325684
1542.89562988	594.970031738
1543.66003418	623.71685791
1544.42443848	660.392578125
1545.18884277	681.352966309
1545.95324707	674.854125977
1546.71765137	690.908203125
1547.48205566	705.552429199
1548.24645996	727.276489258
1549.01074219	753.054870605
1549.77514648	791.154174805
1550.53955078	802.74420166
1551.30395508	807.152160645
1552.06835938	826.645263672
1552.83276367	874.147155762
1553.59716797	882.925109863
1554.3614502	923.741882324
1555.12585449	944.087890625
1555.89025879	943.221191406
1556.65466309	961.17767334
1557.41906738	975.948852539
1558.18347168	998.305053711
1558.94787598	1024.18640137
1559.71228027	1013.18493652
1560.4765625	1036.06933594
1561.2409668	1060.58117676
1562.00537109	1079.67468262
1562.76977539	1119.61535645
1563.53417969	1139.9967041
1564.29858398	1149.11950684
1565.06298828	1160.60888672
1565.82739258	1206.80908203
1566.5916748	1235.03015137
1567.3560791	1231.19958496
1568.1204834	1269.49890137
1568.8848877	1262.26855469
1569.64929199	1264.02490234
1570.41369629	1293.0682373
1571.17810059	1305.42687988
1571.94250488	1337.31738281
1572.70678711	1360.00280762
1573.47119141	1369.66308594
1574.2355957	1376.86743164
1575	1362.4822998
1575.7644043	1382.5769043
1576.52880859	1382.20483398
1577.29321289	1424.26428223
1578.05749512	1416.74804688
1578.82189941	1419.05334473
1579.58630371	1445.20800781
1580.35070801	1427.93408203
1581.1151123	1444.66149902
1581.8795166	1464.71813965
1582.6439209	1450.66577148
1583.4083252	1451.23693848
1584.17260742	1449.11621094
1584.93701172	1452.91027832
1585.70141602	1451.82580566
1586.46582031	1459.71704102
1587.23022461	1444.69885254
1587.99462891	1455.35290527
1588.7590332	1452.08959961
1589.5234375	1449.67150879
1590.28771973	1450.07543945
1591.05212402	1444.60522461
1591.81652832	1423.50427246
1592.58093262	1436.39526367
1593.34533691	1411.70922852
1594.10974121	1412.72839355
1594.87414551	1405.59179688
1595.6385498	1401.10668945
1596.40283203	1402.65869141
1597.16723633	1370.17822266
1597.93164063	1364.22387695
1598.69604492	1358.4967041
1599.46044922	1367.9050293
1600.22485352	1341.0423584
1600.98925781	1321.09106445
1601.75354004	1318.59631348
1602.51794434	1290.81286621
1603.28234863	1261.56518555
1604.04675293	1232.03015137
1604.81115723	1244.58642578
1605.57556152	1205.51416016
1606.33996582	1204.10864258
1607.10437012	1182.25231934
1607.86865234	1166.2869873
1608.63305664	1129.60522461
1609.39746094	1102.03161621
1610.16186523	1079.07629395
1610.92626953	1054.41589355
1611.69067383	1050.10986328
1612.45507813	1015.48895264
1613.21948242	992.493530273
1613.98376465	987.147644043
1614.74816895	939.548950195
1615.51257324	925.627807617
1616.27697754	917.575256348
1617.04138184	851.482788086
1617.80578613	827.574645996
1618.57019043	799.876525879
1619.33447266	791.602600098
1620.09887695	770.863708496
1620.86328125	749.383666992
1621.62768555	711.737609863
1622.39208984	684.180908203
1623.15649414	659.555297852
1623.92089844	643.566101074
1624.68530273	629.050048828
1625.44958496	614.844055176
1626.21398926	589.066162109
1626.97839355	559.010681152
1627.74279785	615.193786621
1628.50720215	840.774414063
1629.27160645	541.075866699
1630.03601074	489.100982666
1630.80041504	457.431091309
1631.56469727	458.004364014
1632.32910156	444.128723145
1633.09350586	427.145385742
1633.85791016	411.176727295
1634.62231445	389.909515381
1635.38671875	392.340576172
1636.15112305	383.396759033
1636.91552734	353.528167725
1637.67980957	315.527832031
1638.44421387	324.669769287
1639.20861816	311.451171875
1639.97302246	294.894287109
1640.73742676	290.421600342
1641.50183105	270.640289307
1642.26623535	249.184387207
1643.03051758	229.121063232
1643.79492188	218.060775757
1644.55932617	224.781188965
1645.32373047	208.69619751
1646.08813477	198.570907593
1646.85253906	190.238891602
1647.61694336	193.26612854
1648.38134766	177.973739624
1649.14562988	168.596130371
1649.91003418	159.290618896
1650.67443848	153.814193726
1651.43884277	136.5078125
1652.20324707	139.632705688
1652.96765137	128.440963745
1653.73205566	118.645935059
1654.49645996	126.932998657
1655.26074219	117.888900757
1656.02514648	79.7211303711
1656.78955078	91.9908065796
1657.55395508	77.0459976196
1658.31835938	75.9050292969
1659.08276367	69.1487579346
1659.84716797	65.1251602173
1660.6114502	62.0073890686
1661.37585449	63.114402771
1662.14025879	51.8732414246
1662.90466309	52.6264343262
1663.66906738	44.1700630188
1664.43347168	39.1815261841
1665.19787598	39.1428794861
1665.96228027	35.1927032471
1666.7265625	28.1132621765
1667.4909668	26.2046203613
1668.25537109	16.3647956848
1669.01977539	20.4529495239
1669.78417969	21.2311058044
1670.54858398	19.1130218506
1671.31298828	15.2831144333
1672.07739258	-4.22858524323
1672.8416748	8.37657642365
1673.6060791	1.47037601471
1674.3704834	0.472103834152
1675.1348877	-5.07496595383
1675.89929199	-5.00814437866
1676.66369629	-3.91034698486
1677.42810059	-4.54228639603
1678.19250488	-8.96896457672
1678.95678711	-13.6218585968
1679.72119141	-2.54841470718
1680.4855957	-6.43139123917
1681.25	-5.89176082611
1682.0144043	-11.1549863815
1682.77880859	-3.70080518723
1683.54321289	-17.8076286316
1684.30749512	-15.270611763
1685.07189941	-8.75454139709
1685.83630371	2.10808777809
1686.60070801	-13.1281604767
1687.3651123	-11.6941204071
1688.1295166	-7.39115381241
1688.8939209	-17.5288600922
1689.6583252	-21.442905426
1690.42260742	-1.77661585808
1691.18701172	0.295516043901
1691.95141602	-3.72353863716
1692.71582031	-8.51816654205
1693.48022461	-9.50673484802
1694.24462891	-10.9645404816
1695.0090332	-11.3257579803
1695.7734375	-6.70299768448
1696.53771973	-0.381679654121
1697.30212402	10.6210861206
1698.06652832	-5.44298219681
1698.83093262	-3.02966403961
1699.59533691	-0.0699893459678
1700.35974121	1.39636862278
1701.12414551	7.27254724503
1701.8885498	9.43009757996
1702.65283203	10.2264680862
1703.41723633	-0.680382966995
1704.18164063	-1.05094861984
1704.94604492	3.44872498512
1705.71044922	3.87240982056
1706.47485352	-1.41032624245
1707.23925781	4.57674360275
1708.00354004	-1.25497329235
1708.76794434	-2.13066577911
1709.53234863	-5.46589231491
1710.29675293	-5.48623800278
1711.06115723	2.2974319458
1711.82556152	2.85273909569
1712.58996582	-2.92050600052
1713.35437012	-5.62578821182
1714.11865234	-2.50282382965
1714.88305664	-10.7948064804
1715.64746094	-3.03539800644
1716.41186523	-3.30922293663
1717.17626953	2.63780784607
1717.94067383	6.07028198242
1718.70507813	0.809426784515
1719.46948242	-8.53059101105
1720.23376465	-10.2337369919
1720.99816895	-4.17250967026
1721.76257324	-5.64320325851
1722.52697754	-8.25867271423
1723.29138184	-3.56533432007
1724.05578613	-4.62919855118
1724.82019043	7.40309858322
1725.58447266	-3.03457546234
1726.34887695	1.67463195324
1727.11328125	2.4895825386
1727.87768555	0.419279396534
1728.64208984	1.44040691853
1729.40649414	2.12062239647
1730.17089844	-2.58429384232
1730.93530273	-10.7250318527
1731.69958496	-4.58671665192
1732.46398926	-1.40875935555
1733.22839355	5.4652428627
1733.99279785	-0.71034604311
1734.75720215	-3.29398536682
1735.52160645	0.987456977367
1736.28601074	8.07044315338
1737.05041504	10.3177061081
1737.81469727	1.42965400219
1738.57910156	0.768042206764
1739.34350586	14.7953643799
1740.10791016	12.1790103912
1740.87231445	9.41830825806
1741.63671875	10.8580760956
1742.40112305	5.07231855392
1743.16552734	6.16229343414
1743.92980957	9.83246898651
1744.69421387	-1.49528074265
1745.45861816	-3.99652266502
1746.22302246	0.321632385254
1746.98742676	-3.14915299416
1747.75183105	-5.09607362747
1748.51623535	8.32175159454
1749.28051758	8.81481266022
1750.04492188	2.58847856522
1750.80932617	-0.249306038022
1751.57373047	1.61814010143
1752.33813477	5.9215297699
1753.10253906	11.0982713699
1753.86694336	8.82414627075
1754.63134766	2.64868497849
1755.39562988	5.43434762955
1756.16003418	8.94354820251
1756.92443848	-4.75773143768
1757.68884277	-7.44984054565
1758.45324707	0.681903004646
1759.21765137	15.6086750031
1759.98205566	12.0950479507
1760.74645996	-0.424834638834
1761.51074219	0.838214635849
1762.27514648	7.74548625946
1763.03955078	2.80311775208
1763.80395508	7.30178928375
1764.56835938	12.7742462158
1765.33276367	-0.410706043243
1766.09716797	-3.93719601631
1766.8614502	1.10214412212
1767.62585449	6.36933994293
1768.39025879	18.9026184082
1769.15466309	4.74418592453
1769.91906738	-4.03367757797
1770.68347168	2.14317083359
1771.44787598	4.48333406448
1772.21228027	3.07093405724
1772.9765625	10.9820547104
1773.7409668	6.27802848816
1774.50537109	2.83883404732
1775.26977539	1.45145845413
1776.03417969	-3.52682924271
1776.79858398	7.33509302139
1777.56298828	5.40853309631
1778.32739258	4.58442020416
1779.0916748	3.94259476662
1779.8560791	5.32888364792
1780.6204834	-0.575385034084
1781.3848877	-2.94989919662
1782.14929199	-5.37562179565
1782.91369629	3.97313046455
1783.67810059	11.5963277817
1784.44250488	3.59891915321
1785.20678711	-0.95630890131
1785.97119141	-3.55489850044
1786.7355957	-1.03114295006
1787.5	-5.25744867325
1788.2644043	1.72602379322
1789.02880859	-11.719244957
1789.79321289	-8.6596622467
1790.55749512	-6.56626987457
1791.32189941	-3.17520451546
1792.08630371	-3.51810264587
1792.85070801	-13.9388961792
1793.6151123	0.766636788845
1794.3795166	-4.20582342148
1795.1439209	6.57095336914
1795.9083252	-0.307970762253
1796.67260742	15.7865657806
1797.43701172	1.60394656658
1798.20141602	2.66827511787
1798.96582031	0.530791044235
1799.73022461	-5.3853187561
1800.49462891	-0.729498267174
1801.2590332	-3.59125614166
1802.0234375	-5.22103452682
1802.78771973	-5.80320978165
1803.55212402	-11.4624834061
1804.31652832	-3.29563093185
1805.08093262	-0.498056441545
1805.84533691	0.0775789171457
1806.60974121	-2.31017994881
1807.37414551	-3.09469771385
1808.1385498	-4.77496767044
1808.90283203	-4.63590526581
1809.66723633	-6.77125310898
1810.43164063	1.85633826256
1811.19604492	-3.31086993217
1811.96044922	-12.4669237137
1812.72485352	1.24837493896
1813.48925781	1.37801122665
1814.25354004	-1.36682260036
1815.01794434	-4.58089065552
1815.78234863	-7.27336740494
1816.54675293	-8.55782413483
1817.31115723	-10.4867973328
1818.07556152	-19.2396678925
1818.83996582	-6.53001451492
1819.60437012	-1.59527897835
1820.36865234	-3.83799171448
1821.13305664	-11.1677827835
1821.89746094	-6.65093898773
1822.66186523	3.28903031349
1823.42626953	-16.564289093
1824.19067383	-14.1596288681
1824.95507813	-7.47925710678
1825.71948242	-9.26891708374
1826.48376465	-11.7435789108
1827.24816895	4.86628198624
1828.01257324	8.11251068115
1828.77697754	-1.41010534763
1829.54138184	-1.46113312244
1830.30578613	-13.5052337646
1831.07019043	-14.8795948029
1831.83447266	-11.0918512344
1832.59887695	-9.66993331909
1833.36328125	-12.0545940399
1834.12768555	-10.8032236099
1834.89208984	1.86597883701
1835.65649414	-2.95073509216
1836.42089844	-1.89296770096
1837.18530273	-3.73235607147
1837.94958496	-7.12634468079
1838.71398926	-4.54494142532
1839.47839355	-7.88426876068
1840.24279785	-0.86557918787
1841.00720215	-2.65673446655
1841.77160645	-7.55422830582
1842.53601074	-12.2811136246
1843.30041504	3.80813241005
1844.06469727	-0.328898072243
1844.82910156	-1.3617374897
1845.59350586	-14.1719970703
1846.35791016	-1.11126935482
1847.12231445	-9.537068367
1847.88671875	-12.872092247
1848.65112305	-6.33205604553
1849.41552734	-10.1235322952
1850.17980957	-11.867190361
1850.94421387	-7.78780174255
1851.70861816	-9.79212284088
1852.47302246	2.16696643829
1853.23742676	-4.95399236679
1854.00183105	-1.09326195717
1854.76623535	-3.62521624565
1855.53051758	-9.75329017639
1856.29492188	-12.3708000183
1857.05932617	-3.66038393974
1857.82373047	-8.5966501236
1858.58813477	-7.32669448853
1859.35253906	-10.155828476
1860.11694336	-0.0770654752851
1860.88134766	-3.76223325729
1861.64562988	-5.32455682755
1862.41003418	-0.894307076931
1863.17443848	-3.84036970139
1863.93884277	-7.54595375061
1864.70324707	-7.93563508987
1865.46765137	-5.48074245453
1866.23205566	-5.35354804993
1866.99645996	1.34077036381
1867.76074219	-6.87087535858
1868.52514648	-4.93125677109
1869.28955078	-3.77101159096
1870.05395508	-6.20225811005
1870.81835938	2.92405176163
1871.58276367	-7.35414886475
1872.34716797	-11.9495954514
1873.1114502	-11.4209451675
1873.87585449	-1.03363406658
1874.64025879	0.769296169281
1875.40466309	-3.51435184479
1876.16906738	-9.72468185425
1876.93347168	-20.8680706024
1877.69787598	-9.06800937653
1878.46228027	-7.18039274216
1879.2265625	-2.73623108864
1879.9909668	0.734729111195
1880.75537109	-1.04928517342
1881.51977539	-2.45790266991
1882.28417969	-17.8880805969
1883.04858398	-3.53304195404
1883.81298828	-2.5011382103
1884.57739258	-0.864315152168
1885.3416748	2.22460651398
1886.1060791	-3.61928319931
1886.8704834	-14.1464614868
1887.6348877	2.28496313095
1888.39929199	2.45353960991
1889.16369629	4.6058049202
1889.92810059	1.6676003933
1890.69250488	8.26267528534
1891.45678711	2.50651955605
1892.22119141	-7.71745109558
1892.9855957	-5.79121494293
1893.75	-10.3632230759
1894.5144043	-2.54230308533
1895.27880859	-4.41101884842
1896.04321289	-10.7743635178
1896.80749512	-9.23153877258
1897.57189941	-7.45332765579
1898.33630371	-5.97733211517
1899.10070801	-2.00628042221
1899.8651123	-17.0276908875
1900.6295166	-5.02308511734
1901.3939209	-7.22097921371
1902.1583252	-3.84559988976
1902.92260742	-10.591547966
1903.68701172	-9.879986763
1904.45141602	-11.6012420654
1905.21582031	-2.72026276588
1905.98022461	-9.76057910919
1906.74462891	-9.91007137299
1907.5090332	-7.98453712463
1908.2734375	-2.79168391228
1909.03771973	-4.12155485153
1909.80212402	-4.68346214294
1910.56652832	-3.37963151932
1911.33093262	-13.6744947433
1912.09533691	-6.80460882187
1912.85974121	5.26089429855
1913.62414551	-2.42189288139
1914.3885498	-12.1805772781
1915.15283203	-8.35764694214
1915.91723633	-8.20358181
1916.68164063	-8.30354404449
1917.44604492	-8.51015090942
1918.21044922	-11.567281723
1918.97485352	-14.3237848282
1919.73925781	-13.8120536804
1920.50354004	-1.28831708431
1921.26794434	-7.42952442169
1922.03234863	-3.79260969162
1922.79675293	0.773504137993
1923.56115723	-3.07174372673
1924.32556152	-7.85440015793
1925.08996582	-1.9930742979
1925.85437012	-22.2658882141
1926.61865234	-7.66929149628
1927.38305664	-10.0829601288
1928.14746094	-5.41523790359
1928.91186523	-0.983233332634
1929.67626953	-11.0396928787
1930.44067383	-12.116569519
1931.20507813	-5.57132959366
1931.96948242	-17.1050701141
1932.73376465	-10.2813301086
1933.49816895	4.91492605209
1934.26257324	-2.44243717194
1935.02697754	-6.28783750534
1935.79138184	-7.96130180359
1936.55578613	-9.98550510406
1937.32019043	-3.38074040413
1938.08447266	7.67371177673
1938.84887695	-8.8836183548
1939.61328125	-4.8989405632
1940.37768555	0.0194073934108
1941.14208984	-5.24623537064
1941.90649414	3.77497196198
1942.67089844	2.17734384537
1943.43530273	-1.51807796955
1944.19958496	-2.74721050262
1944.96398926	-13.3393764496
1945.72839355	-12.8938674927
1946.49279785	-6.61027002335
1947.25720215	-1.70045208931
1948.02160645	-2.54635596275
1948.78601074	-12.9255084991
1949.55041504	-7.40892505646
1950.31469727	-9.79987716675
1951.07910156	2.90248274803
1951.84350586	-11.8635416031
1952.60791016	-4.14554166794
1953.37231445	1.800989151
1954.13671875	-4.0587849617
1954.90112305	5.46640491486
1955.66552734	-0.570157706738
1956.42980957	-2.43829774857
1957.19421387	-3.8425359726
1957.95861816	-5.29692983627
1958.72302246	-10.4475517273
1959.48742676	0.198533281684
1960.25183105	-0.261811584234
1961.01623535	-3.18872451782
1961.78051758	-4.11239099503
1962.54492188	-8.01823139191
1963.30932617	-1.7960203886
1964.07373047	5.11951971054
1964.83813477	-0.414235085249
1965.60253906	-5.98866987228
1966.36694336	5.88170433044
1967.13134766	-4.16953706741
1967.89562988	-0.910495281219
1968.66003418	-2.89841270447
1969.42443848	-4.2694478035
1970.18884277	-2.78109288216
1970.95324707	-2.26540923119
1971.71765137	-6.24722337723
1972.48205566	1.77935516834
1973.24645996	2.76987695694
1974.01074219	5.4062538147
1974.77514648	7.90637302399
1975.53955078	-3.90083456039
1976.30395508	-11.9890937805
1977.06835938	-3.16617441177
1977.83276367	3.14795589447
1978.59716797	13.5692634583
1979.3614502	3.21113348007
1980.12585449	3.9110212326
1980.89025879	4.57187700272
1981.65466309	0.422429889441
1982.41906738	4.0172457695
1983.18347168	18.5493164063
1983.94787598	1.81364262104
1984.71228027	1.75661814213
1985.4765625	4.84294605255
1986.2409668	-3.44946074486
1987.00537109	-4.0771946907
1987.76977539	7.10494709015
1988.53417969	-6.63493871689
1989.29858398	-3.14514923096
1990.06298828	12.4193162918
1990.82739258	-0.710812747478
1991.5916748	0.398571014404
1992.3560791	12.4902124405
1993.1204834	1.09247481823
1993.8848877	-2.11277365685
1994.64929199	4.04414510727
1995.41369629	8.05818080902
1996.17810059	11.1670656204
1996.94250488	7.59124183655
1997.70678711	5.12555217743
1998.47119141	10.3938150406
1999.2355957	9.41010856628
2000	5.509578228
