300	379.086608887
300.764373779	381.488037109
301.528778076	394.977508545
302.293151855	394.678253174
303.057556152	390.526702881
303.821929932	401.578063965
304.586334229	412.858856201
305.350708008	392.555603027
306.115112305	395.454193115
306.879486084	383.657501221
307.643890381	389.77230835
308.40826416	392.646026611
309.172668457	395.210357666
309.937042236	394.78036499
310.701446533	389.443054199
311.465820313	386.265319824
312.230224609	392.050994873
312.994598389	383.066925049
313.759002686	384.889953613
314.523376465	393.187774658
315.287780762	397.380554199
316.052154541	394.324493408
316.816558838	383.508239746
317.580932617	373.419128418
318.345336914	406.593505859
319.109710693	382.472930908
319.87411499	378.779663086
320.63848877	381.111877441
321.402862549	379.981231689
322.167266846	381.308349609
322.931640625	384.167785645
323.696044922	380.726989746
324.460418701	393.458129883
325.224822998	386.217346191
325.989196777	383.922180176
326.753601074	382.001037598
327.517974854	379.481750488
328.28237915	374.315979004
329.04675293	374.756958008
329.811157227	385.596923828
330.575531006	376.363189697
331.339935303	390.414550781
332.104309082	391.095703125
332.868713379	386.022857666
333.633087158	386.009857178
334.397491455	386.530395508
335.161865234	381.144104004
335.926269531	374.140777588
336.690643311	378.480010986
337.455047607	375.404205322
338.219421387	396.539154053
338.983825684	384.510009766
339.748199463	383.335876465
340.51260376	377.678161621
341.276977539	370.322875977
342.041381836	374.386901855
342.805755615	368.615875244
343.570129395	365.53793335
344.334533691	376.575378418
345.098907471	383.11340332
345.863311768	375.01852417
346.627685547	371.914520264
347.392089844	371.11114502
348.156463623	362.544219971
348.92086792	358.640197754
349.685241699	386.479217529
350.449645996	369.537902832
351.214019775	373.063934326
351.978424072	371.162750244
352.742797852	366.076660156
353.507202148	368.815246582
354.271575928	374.471710205
355.035980225	371.600616455
355.800354004	375.170257568
356.564758301	361.960357666
357.32913208	360.833312988
358.093536377	359.143157959
358.857910156	361.929504395
359.622314453	355.041900635
360.386688232	353.624786377
361.151092529	365.987243652
361.915466309	358.607543945
362.679870605	373.407897949
363.444244385	357.76461792
364.208618164	375.18572998
364.973022461	378.230133057
365.73739624	371.817443848
366.501800537	368.227722168
367.266174316	364.542053223
368.030578613	354.812866211
368.794952393	361.39855957
369.559356689	370.21762085
370.323730469	371.788391113
371.088134766	375.030853271
371.852508545	369.984954834
372.616912842	360.352020264
373.381286621	357.585144043
374.145690918	362.012786865
374.910064697	357.348968506
375.674468994	346.446533203
376.438842773	358.802337646
377.20324707	352.243743896
377.96762085	366.980712891
378.732025146	368.90625
379.496398926	361.766601563
380.260803223	357.74899292
381.025177002	352.883636475
381.789581299	349.405548096
382.553955078	358.700775146
383.318359375	362.427368164
384.082733154	368.752227783
384.847137451	359.791625977
385.61151123	353.122283936
386.37588501	359.145294189
387.140289307	364.972961426
387.904663086	355.748138428
388.669067383	354.782196045
389.433441162	359.433349609
390.197845459	345.953430176
390.962219238	354.88104248
391.726623535	354.539886475
392.490997314	355.094055176
393.255401611	358.120239258
394.019775391	353.207061768
394.784179688	346.699798584
395.548553467	352.418395996
396.312957764	349.758636475
397.077331543	351.300964355
397.84173584	340.927520752
398.606109619	339.87411499
399.370513916	348.394927979
400.134887695	356.130157471
400.899291992	355.022033691
401.663665771	346.327819824
402.428070068	359.328887939
403.192443848	342.471130371
403.956848145	350.12197876
404.721221924	346.858001709
405.485626221	334.886505127
406.25	333.018188477
407.014373779	346.890899658
407.778778076	362.78894043
408.543151855	365.031066895
409.307556152	347.759613037
410.071929932	353.08706665
410.836334229	340.338287354
411.600708008	341.503601074
412.365112305	348.448547363
413.129486084	345.780395508
413.893890381	339.666564941
414.65826416	344.841888428
415.422668457	350.663696289
416.187042236	345.997589111
416.951446533	331.523345947
417.715820313	342.811248779
418.480224609	352.195861816
419.244598389	349.822967529
420.009002686	347.656311035
420.773376465	347.631988525
421.537780762	345.174194336
422.302154541	349.692138672
423.066558838	328.88079834
423.830932617	341.137390137
424.595336914	354.159088135
425.359710693	340.894866943
426.12411499	335.965484619
426.88848877	344.241210938
427.652862549	344.612762451
428.417266846	333.825836182
429.181640625	339.195465088
429.946044922	337.113830566
430.710418701	332.664337158
431.474822998	340.340301514
432.239196777	342.600616455
433.003601074	343.195129395
433.767974854	349.316009521
434.53237915	351.553771973
435.29675293	342.987762451
436.061157227	336.454376221
436.825531006	331.4269104
437.589935303	338.551391602
438.354309082	344.228515625
439.118713379	337.044036865
439.883087158	341.934814453
440.647491455	346.234649658
441.411865234	339.725616455
442.176269531	328.813598633
442.940643311	321.120117188
443.705047607	313.127624512
444.469421387	342.316375732
445.233825684	339.94619751
445.998199463	339.308502197
446.76260376	334.962341309
447.526977539	320.992218018
448.291381836	316.305725098
449.055755615	322.335205078
449.820129395	321.676330566
450.584533691	320.311340332
451.348907471	329.037750244
452.113311768	330.378936768
452.877685547	320.128082275
453.642089844	321.996490479
454.406463623	329.46987915
455.17086792	332.381134033
455.935241699	334.823364258
456.699645996	336.13583374
457.464019775	325.176208496
458.228424072	318.322113037
458.992797852	307.584625244
459.757202148	328.057189941
460.521575928	315.975402832
461.285980225	318.007995605
462.050354004	322.054412842
462.814758301	329.710235596
463.57913208	332.163604736
464.343536377	315.642150879
465.107910156	300.627960205
465.872314453	297.563568115
466.636688232	317.936706543
467.401092529	312.678070068
468.165466309	309.258056641
468.929870605	312.690155029
469.694244385	318.615966797
470.458618164	320.090393066
471.223022461	315.568603516
471.98739624	313.209655762
472.751800537	321.971466064
473.516174316	317.497955322
474.280578613	317.049835205
475.044952393	309.41293335
475.809356689	313.077880859
476.573730469	315.945831299
477.338134766	314.28112793
478.102508545	308.056518555
478.866912842	303.368835449
479.631286621	306.508239746
480.395690918	299.530822754
481.160064697	294.59753418
481.924468994	304.195648193
482.688842773	309.79385376
483.45324707	316.610321045
484.21762085	308.122253418
484.982025146	302.620941162
485.746398926	303.901611328
486.510803223	299.457763672
487.275177002	296.153656006
488.039581299	301.849304199
488.803955078	291.076721191
489.568359375	293.367919922
490.332733154	295.874816895
491.097137451	293.472686768
491.86151123	290.997436523
492.62588501	293.443725586
493.390289307	301.294799805
494.154663086	305.419219971
494.919067383	296.291229248
495.683441162	292.199249268
496.447845459	297.602966309
497.212219238	290.959655762
497.976623535	287.086486816
498.740997314	291.502868652
499.505401611	294
500.269775391	284.765808105
501.034179688	280.271240234
501.798553467	289.25
502.562957764	287.830627441
503.327331543	281.753875732
504.09173584	284.464508057
504.856109619	276.048339844
505.620513916	289.043182373
506.384887695	289.459381104
507.149291992	287.851379395
507.913665771	292.475341797
508.678070068	297.650421143
509.442443848	291.977020264
510.206848145	278.827819824
510.971221924	284.612884521
511.735626221	289.524749756
512.5	270.80355835
513.264404297	287.141815186
514.028747559	295.746551514
514.793151855	285.983398438
515.557556152	276.105438232
516.321960449	276.295074463
517.086303711	280.997955322
517.850708008	282.174133301
518.615112305	281.257232666
519.379516602	292.228607178
520.143859863	296.980529785
520.90826416	293.629608154
521.672668457	288.648284912
522.437072754	270.900543213
523.201416016	273.94519043
523.965820313	276.160247803
524.730224609	273.348205566
525.494628906	284.004760742
526.258972168	291.149353027
527.023376465	287.657592773
527.787780762	279.05178833
528.552185059	283.727783203
529.31652832	282.43951416
530.080932617	289.990905762
530.845336914	280.766448975
531.609741211	282.147888184
532.374084473	287.396514893
533.13848877	283.000152588
533.902893066	281.901000977
534.667236328	281.900512695
535.431640625	292.669708252
536.196044922	287.002685547
536.960449219	275.730499268
537.72479248	296.160125732
538.489196777	292.584014893
539.253601074	284.533630371
540.018005371	285.570343018
540.782348633	287.303955078
541.54675293	282.375915527
542.311157227	279.563903809
543.075561523	286.276428223
543.839904785	267.121032715
544.604309082	286.860626221
545.368713379	272.218658447
546.133117676	287.284667969
546.897460938	277.428192139
547.661865234	278.607421875
548.426269531	292.400695801
549.190673828	286.246765137
549.95501709	268.212646484
550.719421387	278.745239258
551.483825684	284.857849121
552.24822998	285.791168213
553.012573242	287.835083008
553.776977539	277.142333984
554.541381836	274.628112793
555.305725098	285.590087891
556.070129395	297.405303955
556.834533691	288.422851563
557.598937988	282.491638184
558.36328125	294.665435791
559.127685547	282.461700439
559.892089844	263.185943604
560.656494141	277.140136719
561.420837402	295.140655518
562.185241699	290.825531006
562.949645996	279.62411499
563.714050293	281.704193115
564.478393555	291.215026855
565.242797852	290.221710205
566.007202148	291.71182251
566.771606445	301.57043457
567.535949707	293.901367188
568.300354004	286.939941406
569.064758301	292.116149902
569.829162598	300.989501953
570.593505859	292.901672363
571.357910156	285.721801758
572.122314453	292.018066406
572.88671875	300.64666748
573.651062012	295.664306641
574.415466309	292.619506836
575.179870605	300.162445068
575.944274902	297.261138916
576.708618164	287.080230713
577.473022461	295.967987061
578.237426758	298.928314209
579.00177002	301.673248291
579.766174316	308.837402344
580.530578613	293.992156982
581.29498291	299.305725098
582.059326172	301.098632813
582.823730469	294.926727295
583.588134766	294.412597656
584.352539063	298.170471191
585.116882324	302.125488281
585.881286621	307.585540771
586.645690918	298.237609863
587.410095215	297.781677246
588.174438477	302.641052246
588.938842773	295.851959229
589.70324707	291.46282959
590.467651367	290.203308105
591.231994629	291.650482178
591.996398926	298.951507568
592.760803223	302.117736816
593.52520752	289.289978027
594.289550781	280.827209473
595.053955078	293.790649414
595.818359375	294.249176025
596.582763672	287.856536865
597.347106934	289.527984619
598.11151123	285.910949707
598.875915527	277.913085938
599.640258789	285.261749268
600.404663086	295.207183838
601.169067383	294.004333496
601.93347168	288.846710205
602.697814941	288.119110107
603.462219238	287.269012451
604.226623535	280.883453369
604.991027832	285.93258667
605.755371094	295.71484375
606.519775391	303.716949463
607.284179688	297.506591797
608.048583984	300.310882568
608.812927246	302.536987305
609.577331543	295.535919189
610.34173584	294.730560303
611.106140137	304.387359619
611.870483398	305.286804199
612.634887695	299.528900146
613.399291992	286.682006836
614.163696289	306.848602295
614.928039551	293.317871094
615.692443848	294.280548096
616.456848145	300.547302246
617.221252441	296.175964355
617.985595703	291.831573486
618.75	295.270446777
619.514404297	295.187835693
620.278747559	287.803741455
621.043151855	288.630523682
621.807556152	299.930541992
622.571960449	303.910400391
623.336303711	300.510192871
624.100708008	287.432128906
624.865112305	293.122039795
625.629516602	291.732696533
626.393859863	291
627.15826416	294.988220215
627.922668457	301.36416626
628.687072754	304.409942627
629.451416016	304.093475342
630.215820313	306.090270996
630.980224609	306.959259033
631.744628906	292.165557861
632.508972168	281.401977539
633.273376465	300.971496582
634.037780762	299.707763672
634.802185059	292.145965576
635.56652832	299.543792725
636.330932617	301.101348877
637.095336914	301.556671143
637.859741211	304.759490967
638.624084473	304.458770752
639.38848877	300.223693848
640.152893066	300.549560547
640.917236328	307.665283203
641.681640625	316.779937744
642.446044922	314.47467041
643.210449219	299.26348877
643.97479248	315.179107666
644.739196777	309.89855957
645.503601074	305.652618408
646.268005371	301.044067383
647.032348633	305.659759521
647.79675293	304.865997314
648.561157227	300.50958252
649.325561523	305.608093262
650.089904785	309.843078613
650.854309082	308.935821533
651.618713379	316.687164307
652.383117676	317.483337402
653.147460938	293.717163086
653.911865234	324.321289063
654.676269531	300.507537842
655.440673828	312.333251953
656.20501709	314.955963135
656.969421387	306.48059082
657.733825684	305.858154297
658.49822998	305.419586182
659.262573242	301.754547119
660.026977539	306.068023682
660.791381836	303.306335449
661.555725098	294.877410889
662.320129395	321.183563232
663.084533691	324.888183594
663.848937988	308.197967529
664.61328125	309.744171143
665.377685547	310.312866211
666.142089844	313.280395508
666.906494141	319.393676758
667.670837402	325.917694092
668.435241699	315.796112061
669.199645996	303.236236572
669.964050293	306.721740723
670.728393555	305.239868164
671.492797852	318.332244873
672.257202148	320.49130249
673.021606445	309.292938232
673.785949707	313.465637207
674.550354004	308.565155029
675.314758301	315.449249268
676.079162598	310.87121582
676.843505859	319.845489502
677.607910156	319.3878479
678.372314453	313.001098633
679.13671875	307.689941406
679.901062012	301.983520508
680.665466309	303.482696533
681.429870605	311.932739258
682.194274902	321.857299805
682.958618164	304.45614624
683.723022461	310.722290039
684.487426758	302.663452148
685.25177002	314.576812744
686.016174316	306.98538208
686.780578613	322.170654297
687.54498291	328.70199585
688.309326172	317.474121094
689.073730469	309.126037598
689.838134766	310.593322754
690.602539063	307.074157715
691.366882324	298.604766846
692.131286621	304.429718018
692.895690918	308.570373535
693.660095215	308.981323242
694.424438477	327.698150635
695.188842773	317.70715332
695.95324707	321.750671387
696.717651367	312.383972168
697.481994629	314.099212646
698.246398926	319.02633667
699.010803223	309.925598145
699.77520752	313.737487793
700.539550781	317.564300537
701.303955078	310.135406494
702.068359375	315.566802979
702.832763672	323.620483398
703.597106934	324.216400146
704.36151123	324.523742676
705.125915527	317.904266357
705.890258789	309.063720703
706.654663086	302.901184082
707.419067383	318.034667969
708.18347168	312.470703125
708.947814941	316.003509521
709.712219238	313.260955811
710.476623535	308.037902832
711.241027832	312.659301758
712.005371094	318.04385376
712.769775391	322.665130615
713.534179688	329.825714111
714.298583984	319.768768311
715.062927246	314.417694092
715.827331543	317.591674805
716.59173584	313.825897217
717.356140137	327.36831665
718.120483398	321.766052246
718.884887695	316.0519104
719.649291992	317.845916748
720.413696289	317.712646484
721.178039551	321.626464844
721.942443848	326.20892334
722.706848145	332.321929932
723.471252441	324.454711914
724.235595703	312.476867676
725	323.360931396
725.764404297	330.549743652
726.528747559	336.018249512
727.293151855	343.987213135
728.057556152	327.15145874
728.821960449	343.050354004
729.586303711	320.553070068
730.350708008	327.324615479
731.115112305	333.287689209
731.879516602	334.142456055
732.643859863	333.023956299
733.40826416	335.145080566
734.172668457	336.868865967
734.937072754	334.678314209
735.701416016	332.25
736.465820313	336.153625488
737.230224609	346.08404541
737.994628906	351.59487915
738.758972168	350.427825928
739.523376465	344.242950439
740.287780762	312.731964111
741.052185059	341.363616943
741.81652832	329.828399658
742.580932617	343.56362915
743.345336914	344.642547607
744.109741211	336.435424805
744.874084473	343.202362061
745.63848877	347.445220947
746.402893066	339.909179688
747.167236328	337.73248291
747.931640625	346.141174316
748.696044922	347.935699463
749.460449219	343.159332275
750.22479248	349.227264404
750.989196777	343.350646973
751.753601074	348.592803955
752.518005371	352.230773926
753.282348633	351.525756836
754.04675293	352.17767334
754.811157227	345.501708984
755.575561523	340.340606689
756.339904785	352.962036133
757.104309082	344.014892578
757.868713379	339.310943604
758.633117676	346.147277832
759.397460938	348.694885254
760.161865234	345.272613525
760.926269531	354.772949219
761.690673828	364.619537354
762.45501709	346.021118164
763.219421387	359.153381348
763.983825684	343.378326416
764.74822998	338.384094238
765.512573242	354.489501953
766.276977539	353.077423096
767.041381836	349.440551758
767.805725098	357.500976563
768.570129395	363.680755615
769.334533691	350.932983398
770.098937988	348.029541016
770.86328125	355.309356689
771.627685547	352.259094238
772.392089844	354.886199951
773.156494141	353.782409668
773.920837402	353.061431885
774.685241699	375.496551514
775.449645996	369.107452393
776.214050293	357.862609863
776.978393555	362.907989502
777.742797852	363.575378418
778.507202148	341.233062744
779.271606445	351.602935791
780.035949707	354.499511719
780.800354004	367.956604004
781.564758301	363.293640137
782.329162598	343.233215332
783.093505859	354.333526611
783.857910156	359.992553711
784.622314453	360.780700684
785.38671875	364.430480957
786.151062012	367.053955078
786.915466309	361.653503418
787.679870605	359.893707275
788.444274902	365.834594727
789.208618164	351.425750732
789.973022461	369.677520752
790.737426758	365.269714355
791.50177002	361.383056641
792.266174316	375.12411499
793.030578613	340.813720703
793.79498291	371.056213379
794.559326172	373.609130859
795.323730469	369.503540039
796.088134766	368.872802734
796.852539063	357.573547363
797.616882324	359.995056152
798.381286621	373.448638916
799.145690918	378.675292969
799.910095215	372.621673584
800.674438477	367.779052734
801.438842773	368.407348633
802.20324707	366.980957031
802.967651367	365.368225098
803.731994629	369.237426758
804.496398926	369.742797852
805.260803223	359.762451172
806.02520752	376.995056152
806.789550781	381.497741699
807.553955078	382.210632324
808.318359375	381.578338623
809.082763672	367.577331543
809.847106934	371.534484863
810.61151123	366.771636963
811.375915527	372.248779297
812.140258789	374.7940979
812.904663086	380.255371094
813.669067383	382.762695313
814.43347168	372.188201904
815.197814941	372.438354492
815.962219238	379.309143066
816.726623535	367.765258789
817.491027832	368.586608887
818.255371094	377.187988281
819.019775391	375.277862549
819.784179688	387.15838623
820.548583984	387.563964844
821.312927246	379.103179932
822.077331543	374.117950439
822.84173584	394.397583008
823.606140137	387.012115479
824.370483398	359.64755249
825.134887695	388.913909912
825.899291992	385.630004883
826.663696289	375.997589111
827.428039551	366.65612793
828.192443848	372.097930908
828.956848145	380.196960449
829.721252441	384.271942139
830.485595703	384.127227783
831.25	390.286315918
832.014404297	398.614929199
832.778747559	381.089355469
833.543151855	378.553283691
834.307556152	383.669219971
835.071960449	401.697418213
835.836303711	404.891815186
836.600708008	395.908721924
837.365112305	375.791473389
838.129516602	391.526000977
838.893859863	383.855316162
839.65826416	384.506866455
840.422668457	382.305389404
841.187072754	387.501739502
841.951416016	394.652191162
842.715820313	387.814544678
843.480224609	393.061248779
844.244628906	396.138793945
845.008972168	394.383666992
845.773376465	393.76651001
846.537780762	394.106018066
847.302185059	395.401123047
848.06652832	392.886291504
848.830932617	389.109832764
849.595336914	390.954498291
850.359741211	394.610351563
851.124084473	399.350860596
851.88848877	380.84185791
852.652893066	386.629547119
853.417236328	404.940063477
854.181640625	388.461029053
854.946044922	399.09576416
855.710449219	386.945800781
856.47479248	386.140594482
857.239196777	398.627990723
858.003601074	380.960571289
858.768005371	374.930908203
859.532348633	386.211151123
860.29675293	384.6690979
861.061157227	369.955993652
861.825561523	374.546203613
862.589904785	381.225830078
863.354309082	378.230529785
864.118713379	368.868927002
864.883117676	363.754058838
865.647460938	375.178009033
866.411865234	372.884216309
867.176269531	374.172546387
867.940673828	362.394042969
868.70501709	368.535827637
869.469421387	357.32510376
870.233825684	359.962738037
870.99822998	362.931091309
871.762573242	374.925231934
872.526977539	370.00567627
873.291381836	356.120513916
874.055725098	366.03604126
874.820129395	368.369476318
875.584533691	356.914215088
876.348937988	356.910430908
877.11328125	358.351531982
877.877685547	362.80065918
878.642089844	368.571044922
879.406494141	365.226989746
880.170837402	360.169067383
880.935241699	369.996520996
881.699645996	367.201385498
882.464050293	349.052246094
883.228393555	347.707122803
883.992797852	357.202056885
884.757202148	363.157531738
885.521606445	354.094451904
886.285949707	374.039703369
887.050354004	366.004516602
887.814758301	359.531494141
888.579162598	374.668670654
889.343505859	370.815795898
890.107910156	357.278900146
890.872314453	368.096923828
891.63671875	365.168792725
892.401062012	352.294891357
893.165466309	337.311859131
893.929870605	340.85949707
894.694274902	336.647186279
895.458618164	339.780212402
896.223022461	350.7527771
896.987426758	362.823059082
897.75177002	348.460174561
898.516174316	349.577514648
899.280578613	359.124725342
900.04498291	359.294921875
900.809326172	353.563262939
901.573730469	347.629211426
902.338134766	347.259094238
903.102539063	347.852233887
903.866882324	349.455474854
904.631286621	356.154296875
905.395690918	356.431884766
906.160095215	351.383148193
906.924438477	338.359222412
907.688842773	348.708984375
908.45324707	346.582824707
909.217651367	335.346466064
909.981994629	353.649688721
910.746398926	359.899963379
911.510803223	343.717346191
912.27520752	347.066070557
913.039550781	352.739501953
913.803955078	345.099578857
914.568359375	339.560974121
915.332763672	325.153869629
916.097106934	346.84564209
916.86151123	333.948791504
917.625915527	330.715362549
918.390258789	343.368835449
919.154663086	361.056243896
919.919067383	361.188537598
920.68347168	342.004272461
921.447814941	334.096740723
922.212219238	343.059356689
922.976623535	344.3046875
923.741027832	340.717132568
924.505371094	345.071228027
925.269775391	347.005279541
926.034179688	350.75390625
926.798583984	356.300323486
927.562927246	342.444732666
928.327331543	336.791412354
929.09173584	349.255859375
929.856140137	329.031921387
930.620483398	334.709442139
931.384887695	327.98336792
932.149291992	347.909973145
932.913696289	349.774261475
933.678039551	350.181854248
934.442443848	346.307250977
935.206848145	353.408355713
935.971252441	353.75
936.735595703	345.27456665
937.5	344.680541992
938.264404297	351.598693848
939.028747559	361.792449951
939.793151855	344.595184326
940.557556152	342.254638672
941.321960449	348.627319336
942.086303711	343.30645752
942.850708008	339.588470459
943.615112305	337.498321533
944.379516602	344.302215576
945.143859863	350.835205078
945.90826416	349.784606934
946.672668457	344.26763916
947.437072754	349.607055664
948.201416016	350.70022583
948.965820313	346.097290039
949.730224609	354.619110107
950.494628906	356.032806396
951.258972168	361.696350098
952.023376465	352.291748047
952.787780762	349.733917236
953.552185059	348.642059326
954.31652832	349.389556885
955.080932617	356.774261475
955.845336914	355.764770508
956.609741211	346.140899658
957.374084473	364.447357178
958.13848877	364.789154053
958.902893066	346.29397583
959.667236328	352.633209229
960.431640625	346.075927734
961.196044922	352.257354736
961.960449219	362.077209473
962.72479248	353.439331055
963.489196777	360.442779541
964.253601074	352.311889648
965.018005371	354.893676758
965.782348633	345.910827637
966.54675293	342.138977051
967.311157227	364.078308105
968.075561523	372.768096924
968.839904785	351.392974854
969.604309082	359.194122314
970.368713379	366.363830566
971.133117676	363.103363037
971.897460938	355.829193115
972.661865234	353.287322998
973.426269531	352.19720459
974.190673828	355.466583252
974.95501709	351.155822754
975.719421387	351.844451904
976.483825684	362.162902832
977.24822998	359.092681885
978.012573242	356.602661133
978.776977539	354.481567383
979.541381836	350.895935059
980.305725098	362.572845459
981.070129395	369.33416748
981.834533691	359.818481445
982.598937988	375.249542236
983.36328125	370.504302979
984.127685547	376.143676758
984.892089844	380.172363281
985.656494141	360.246734619
986.420837402	363.14163208
987.185241699	360.042938232
987.949645996	374.922912598
988.714050293	376.196044922
989.478393555	373.177337646
990.242797852	384.58782959
991.007202148	379.720977783
991.771606445	376.781738281
992.535949707	380.617218018
993.300354004	372.015075684
994.064758301	368.034454346
994.829162598	385.11340332
995.593505859	382.149719238
996.357910156	376.340179443
997.122314453	373.610076904
997.88671875	378.569122314
998.651062012	371.566772461
999.415466309	395.917358398
1000.17987061	405.203369141
1000.9442749	397.633789063
1001.70861816	389.552398682
1002.47302246	399.699066162
1003.23742676	382.171875
1004.00177002	386.845977783
1004.76617432	400.421661377
1005.53057861	400.249786377
1006.29498291	396.602996826
1007.05932617	398.541320801
1007.82373047	404.255065918
1008.58813477	411.339111328
1009.35253906	409.759429932
1010.11688232	408.658111572
1010.88128662	407.762145996
1011.64569092	404.985168457
1012.41009521	408.597320557
1013.17443848	411.327941895
1013.93884277	415.333343506
1014.70324707	414.153961182
1015.46765137	406.844482422
1016.23199463	410.24319458
1016.99639893	418.142883301
1017.76080322	426.399078369
1018.52520752	433.844604492
1019.28955078	433.867767334
1020.05395508	437.581207275
1020.81835938	427.740570068
1021.58276367	421.552124023
1022.34710693	430.065704346
1023.11151123	437.82220459
1023.87591553	435.052978516
1024.64025879	451.098907471
1025.40466309	436.805938721
1026.16906738	439.930603027
1026.93347168	440.391296387
1027.69787598	438.514282227
1028.46228027	456.069122314
1029.2265625	452.040985107
1029.9909668	452.648468018
1030.75537109	455.573913574
1031.51977539	469.716400146
1032.28417969	449.140258789
1033.04858398	455.753692627
1033.81298828	456.245910645
1034.57739258	464.569061279
1035.3416748	461.137420654
1036.1060791	462.187927246
1036.8704834	452.198150635
1037.6348877	465.331726074
1038.39929199	477.840026855
1039.16369629	471.396759033
1039.92810059	481.303314209
1040.69250488	460.63192749
1041.45678711	479.686950684
1042.22119141	463.752502441
1042.9855957	460.413879395
1043.75	471.308441162
1044.5144043	465.310699463
1045.27880859	460.485412598
1046.04321289	484.241973877
1046.80749512	468.08416748
1047.57189941	469.295501709
1048.33630371	474.599029541
1049.10070801	484.068267822
1049.8651123	468.963348389
1050.6295166	493.867156982
1051.3939209	494.746032715
1052.1583252	491.471221924
1052.92260742	498.384063721
1053.68701172	493.472869873
1054.45141602	484.021728516
1055.21582031	494.764984131
1055.98022461	495.472747803
1056.74462891	505.053222656
1057.5090332	497.375854492
1058.2734375	500.316772461
1059.03771973	500.467926025
1059.80212402	498.471496582
1060.56652832	502.252410889
1061.33093262	503.815643311
1062.09533691	500.374267578
1062.85974121	495.342193604
1063.62414551	498.983917236
1064.3885498	505.744262695
1065.15283203	507.728485107
1065.91723633	511.213745117
1066.68164063	507.282684326
1067.44604492	509.056732178
1068.21044922	516.513671875
1068.97485352	514.151184082
1069.73925781	512.391723633
1070.50354004	500.29397583
1071.26794434	512.182006836
1072.03234863	509.831695557
1072.79675293	512.692626953
1073.56115723	521.158874512
1074.32556152	530.017211914
1075.08996582	518.868225098
1075.85437012	523.72076416
1076.61865234	540.604003906
1077.38305664	540.60546875
1078.14746094	537.657104492
1078.91186523	530.268066406
1079.67626953	535.006225586
1080.44067383	534.700866699
1081.20507813	533.005371094
1081.96948242	537.247009277
1082.73376465	545.458496094
1083.49816895	536.225708008
1084.26257324	550.569702148
1085.02697754	555.484741211
1085.79138184	542.776977539
1086.55578613	543.28326416
1087.32019043	545.941589355
1088.08447266	541.484375
1088.84887695	545.742980957
1089.61328125	552.295410156
1090.37768555	556.203979492
1091.14208984	555.236877441
1091.90649414	558.788391113
1092.67089844	566.758728027
1093.43530273	571.81262207
1094.19958496	572.192077637
1094.96398926	565.939453125
1095.72839355	565.702941895
1096.49279785	567.116210938
1097.25720215	570.010925293
1098.02160645	571.400878906
1098.78601074	574.743286133
1099.55041504	589.25579834
1100.31469727	566.920471191
1101.07910156	581.356506348
1101.84350586	581.102172852
1102.60791016	573.568359375
1103.37231445	576.60369873
1104.13671875	573.185119629
1104.90112305	570.519348145
1105.66552734	584.476379395
1106.42980957	595.005615234
1107.19421387	601.526611328
1107.95861816	605.366882324
1108.72302246	608.525268555
1109.48742676	591.082214355
1110.25183105	601.739318848
1111.01623535	596.840637207
1111.78051758	591.855957031
1112.54492188	599.528625488
1113.30932617	593.192749023
1114.07373047	597.951477051
1114.83813477	600.071777344
1115.60253906	610.100158691
1116.36694336	612.828125
1117.13134766	615.10546875
1117.89562988	622.977539063
1118.66003418	616.280578613
1119.42443848	606.551391602
1120.18884277	622.360412598
1120.95324707	636.189147949
1121.71765137	631.668151855
1122.48205566	622.392822266
1123.24645996	625.293518066
1124.01074219	622.807128906
1124.77514648	631.057312012
1125.53955078	644.504699707
1126.30395508	645.418762207
1127.06835938	648.409179688
1127.83276367	635.182128906
1128.59716797	630.212890625
1129.3614502	629.235107422
1130.12585449	630.471740723
1130.89025879	639.711242676
1131.65466309	654.375671387
1132.41906738	657.101806641
1133.18347168	643.698547363
1133.94787598	645.396911621
1134.71228027	647.526123047
1135.4765625	665.574707031
1136.2409668	651.346740723
1137.00537109	665.506225586
1137.76977539	660.543701172
1138.53417969	673.461547852
1139.29858398	657.317871094
1140.06298828	684.388671875
1140.82739258	666.84173584
1141.5916748	661.477905273
1142.3560791	674.338317871
1143.1204834	668.769165039
1143.8848877	680.982788086
1144.64929199	673.882263184
1145.41369629	693.358703613
1146.17810059	701.001037598
1146.94250488	702.412475586
1147.70678711	694.576782227
1148.47119141	707.166259766
1149.2355957	713.892333984
1150	714.473510742
1150.7644043	699.18536377
1151.52880859	693.698425293
1152.29321289	704.716125488
1153.05749512	696.913391113
1153.82189941	701.544921875
1154.58630371	717.130310059
1155.35070801	730.816345215
1156.1151123	729.992431641
1156.8795166	718.746643066
1157.6439209	714.944946289
1158.4083252	714.073303223
1159.17260742	716.80871582
1159.93701172	732.436279297
1160.70141602	735.981628418
1161.46582031	721.387756348
1162.23022461	728.729614258
1162.99462891	725.404541016
1163.7590332	720.233764648
1164.5234375	743.141784668
1165.28771973	737.901123047
1166.05212402	739.061950684
1166.81652832	735.055786133
1167.58093262	727.453308105
1168.34533691	735.613769531
1169.10974121	738.788085938
1169.87414551	723.433288574
1170.6385498	750.145263672
1171.40283203	736.201538086
1172.16723633	738.652893066
1172.93164063	745.27935791
1173.69604492	758.728088379
1174.46044922	767.351318359
1175.22485352	741.628967285
1175.98925781	759.551513672
1176.75354004	773.979248047
1177.51794434	770.568237305
1178.28234863	785.682983398
1179.04675293	768.065185547
1179.81115723	800.354309082
1180.57556152	784.709655762
1181.33996582	767.356445313
1182.10437012	751.096069336
1182.86865234	783.313659668
1183.63305664	773.937927246
1184.39746094	750.625610352
1185.16186523	779.062133789
1185.92626953	799.90411377
1186.69067383	762.100036621
1187.45507813	800.270568848
1188.21948242	807.738769531
1188.98376465	807.594238281
1189.74816895	817.252746582
1190.51257324	799.128295898
1191.27697754	794.379882813
1192.04138184	792.723876953
1192.80578613	804.688842773
1193.57019043	796.066162109
1194.33447266	790.897766113
1195.09887695	819.856811523
1195.86328125	806.368286133
1196.62768555	803.434814453
1197.39208984	819.366455078
1198.15649414	829.101318359
1198.92089844	817.727416992
1199.68530273	825.463439941
1200.44958496	812.051635742
1201.21398926	835.055114746
1201.97839355	828.327941895
1202.74279785	842.962280273
1203.50720215	848.686889648
1204.27160645	843.928649902
1205.03601074	836.633544922
1205.80041504	855.19708252
1206.56469727	860.557495117
1207.32910156	845.241699219
1208.09350586	840.362792969
1208.85791016	851.38092041
1209.62231445	847.501831055
1210.38671875	881.456542969
1211.15112305	872.916931152
1211.91552734	870.590393066
1212.67980957	881.633056641
1213.44421387	885.698242188
1214.20861816	888.078796387
1214.97302246	900.174255371
1215.73742676	899.170776367
1216.50183105	893.878173828
1217.26623535	905.184631348
1218.03051758	902.336364746
1218.79492188	896.867858887
1219.55932617	904.884277344
1220.32373047	918.983764648
1221.08813477	924.285949707
1221.85253906	923.416442871
1222.61694336	925.905334473
1223.38134766	932.094665527
1224.14562988	952.84387207
1224.91003418	945.714782715
1225.67443848	936.780334473
1226.43884277	938.709289551
1227.20324707	951.139404297
1227.96765137	958.64642334
1228.73205566	957.551818848
1229.49645996	945.093200684
1230.26074219	955.941772461
1231.02514648	993.061401367
1231.78955078	975.540283203
1232.55395508	959.510131836
1233.31835938	977.225952148
1234.08276367	985.761352539
1234.84716797	1008.10620117
1235.6114502	1012.70599365
1236.37585449	1003.19647217
1237.14025879	1014.91436768
1237.90466309	1013.88128662
1238.66906738	1020.48602295
1239.43347168	1028.69458008
1240.19787598	1017.02825928
1240.96228027	1036.0526123
1241.7265625	1050.87060547
1242.4909668	1042.25097656
1243.25537109	1030.72314453
1244.01977539	1042.05004883
1244.78417969	1068.8692627
1245.54858398	1077.07067871
1246.31298828	1094.55126953
1247.07739258	1088.85046387
1247.8416748	1084.76245117
1248.6060791	1090.70556641
1249.3704834	1090.15490723
1250.1348877	1109.0723877
1250.89929199	1115.61730957
1251.66369629	1116.49755859
1252.42810059	1134.93945313
1253.19250488	1143.08630371
1253.95678711	1135.53271484
1254.72119141	1138.1262207
1255.4855957	1152.48864746
1256.25	1164.27282715
1257.0144043	1163.44836426
1257.77880859	1172.08850098
1258.54321289	1190.6361084
1259.30749512	1198.8581543
1260.07189941	1201.05358887
1260.83630371	1192.03588867
1261.60070801	1198.38574219
1262.3651123	1212.79992676
1263.1295166	1217.85375977
1263.8939209	1210.45129395
1264.6583252	1212.23352051
1265.42260742	1212.98376465
1266.18701172	1242.04040527
1266.95141602	1280.14660645
1267.71582031	1288.07080078
1268.48022461	1280.87695313
1269.24462891	1267.80297852
1270.0090332	1279.79016113
1270.7734375	1300.71484375
1271.53771973	1313.33398438
1272.30212402	1320.63269043
1273.06652832	1347.19689941
1273.83093262	1356.21936035
1274.59533691	1344.81201172
1275.35974121	1355.5065918
1276.12414551	1350.1907959
1276.8885498	1373.42333984
1277.65283203	1391.12353516
1278.41723633	1395.51135254
1279.18164063	1404.73999023
1279.94604492	1412.37719727
1280.71044922	1432.45703125
1281.47485352	1448.9309082
1282.23925781	1452.44567871
1283.00354004	1475.42895508
1283.76794434	1497.3470459
1284.53234863	1500.79150391
1285.29675293	1503.37133789
1286.06115723	1502.109375
1286.82556152	1532.5760498
1287.58996582	1548.12878418
1288.35437012	1551.96789551
1289.11865234	1559.90429688
1289.88305664	1579.31018066
1290.64746094	1619.96179199
1291.41186523	1604.40795898
1292.17626953	1603.42602539
1292.94067383	1622.73718262
1293.70507813	1658.13806152
1294.46948242	1669.29919434
1295.23376465	1674.53320313
1295.99816895	1697.8482666
1296.76257324	1683.03125
1297.52697754	1699.37402344
1298.29138184	1736.51098633
1299.05578613	1732.03881836
1299.82019043	1745.97363281
1300.58447266	1786.3034668
1301.34887695	1776.46520996
1302.11328125	1786.82556152
1302.87768555	1819.41174316
1303.64208984	1839.20556641
1304.40649414	1870.38598633
1305.17089844	1875.40063477
1305.93530273	1892.42578125
1306.69958496	1888.88452148
1307.46398926	1902.10876465
1308.22839355	1908.28186035
1308.99279785	1954.4954834
1309.75720215	1958.8236084
1310.52160645	2017.80932617
1311.28601074	1993.63183594
1312.05041504	2004.60961914
1312.81469727	2021.43359375
1313.57910156	2037.35876465
1314.34350586	2062.14819336
1315.10791016	2055.40844727
1315.87231445	2064.31591797
1316.63671875	2112.04931641
1317.40112305	2099.78417969
1318.16552734	2174.12744141
1318.92980957	2131.1484375
1319.69421387	2125.19287109
1320.45861816	2195.88598633
1321.22302246	2221.29443359
1321.98742676	2174.87036133
1322.75183105	2233.52636719
1323.51623535	2213.24780273
1324.28051758	2258.92626953
1325.04492188	2262.03808594
1325.80932617	2261.56201172
1326.57373047	2263.25292969
1327.33813477	2287.18408203
1328.10253906	2314.70141602
1328.86694336	2277.24487305
1329.63134766	2325.74414063
1330.39562988	2337.67358398
1331.16003418	2319.76196289
1331.92443848	2328.8515625
1332.68884277	2333.78955078
1333.45324707	2342.55444336
1334.21765137	2378.65039063
1334.98205566	2360.72729492
1335.74645996	2365.14453125
1336.51074219	2353.25708008
1337.27514648	2324.52075195
1338.03955078	2309.19750977
1338.80395508	2329.8840332
1339.56835938	2351.484375
1340.33276367	2347.36914063
1341.09716797	2340.2644043
1341.8614502	2329.5300293
1342.62585449	2363.33154297
1343.39025879	2367.9519043
1344.15466309	2320.56713867
1344.91906738	2316.48291016
1345.68347168	2309.92114258
1346.44787598	2292.20019531
1347.21228027	2284.14941406
1347.9765625	2301.74365234
1348.7409668	2281.25610352
1349.50537109	2265.16333008
1350.26977539	2263.27856445
1351.03417969	2269.15087891
1351.79858398	2224.77856445
1352.56298828	2205.48046875
1353.32739258	2229.3659668
1354.0916748	2216.01782227
1354.8560791	2190.32885742
1355.6204834	2159.82397461
1356.3848877	2145.87060547
1357.14929199	2117.61230469
1357.91369629	2120.15209961
1358.67810059	2079.48901367
1359.44250488	2097.16137695
1360.20678711	2090.98876953
1360.97119141	2068.68261719
1361.7355957	2065.67041016
1362.5	2042.17675781
1363.2644043	2005.87023926
1364.02880859	2013.86047363
1364.79321289	2000.18688965
1365.55749512	2003.92260742
1366.32189941	1986.13464355
1367.08630371	1962.20739746
1367.85070801	1943.03100586
1368.6151123	1910.67407227
1369.3795166	1896.05297852
1370.1439209	1888.58483887
1370.9083252	1878.34106445
1371.67260742	1855.69897461
1372.43701172	1833.18249512
1373.20141602	1837.05090332
1373.96582031	1789.49072266
1374.73022461	1785.64025879
1375.49462891	1792.10656738
1376.2590332	1778.5423584
1377.0234375	1791.65820313
1377.78771973	1748.89916992
1378.55212402	1743.67016602
1379.31652832	1730.17871094
1380.08093262	1699.98657227
1380.84533691	1709.28955078
1381.60974121	1728.36755371
1382.37414551	1705.5802002
1383.1385498	1664.79992676
1383.90283203	1652.02893066
1384.66723633	1644.34411621
1385.43164063	1641.81628418
1386.19604492	1628.93359375
1386.96044922	1608.62609863
1387.72485352	1609.16589355
1388.48925781	1594.75268555
1389.25354004	1588.33032227
1390.01794434	1568.42956543
1390.78234863	1554.78613281
1391.54675293	1536.77990723
1392.31115723	1538.51293945
1393.07556152	1538.6661377
1393.83996582	1540.41796875
1394.60437012	1525.91601563
1395.36865234	1512.40771484
1396.13305664	1517.48425293
1396.89746094	1481.30871582
1397.66186523	1477.78369141
1398.42626953	1454.86462402
1399.19067383	1469.63952637
1399.95507813	1444.82092285
1400.71948242	1401.44897461
1401.48376465	1459.26550293
1402.24816895	1428.78222656
1403.01257324	1425.22045898
1403.77697754	1414.92163086
1404.54138184	1406.22949219
1405.30578613	1381.33349609
1406.07019043	1399.9753418
1406.83447266	1401.31970215
1407.59887695	1375.97412109
1408.36328125	1352.70117188
1409.12768555	1340.98950195
1409.89208984	1358.78735352
1410.65649414	1350.02807617
1411.42089844	1353.46264648
1412.18530273	1339.4074707
1412.94958496	1335.8659668
1413.71398926	1330.73303223
1414.47839355	1331.00341797
1415.24279785	1328.7097168
1416.00720215	1313.52038574
1416.77160645	1308.04003906
1417.53601074	1288.46960449
1418.30041504	1288.29931641
1419.06469727	1298.4954834
1419.82910156	1293.19006348
1420.59350586	1276.42175293
1421.35791016	1305.42358398
1422.12231445	1278.66503906
1422.88671875	1259.30090332
1423.65112305	1281.87121582
1424.41552734	1268.68579102
1425.17980957	1251.22033691
1425.94421387	1228.53271484
1426.70861816	1254.02172852
1427.47302246	1252.01940918
1428.23742676	1244.91125488
1429.00183105	1270.55529785
1429.76623535	1242.67907715
1430.53051758	1235.02172852
1431.29492188	1233.99914551
1432.05932617	1231.84863281
1432.82373047	1242.92797852
1433.58813477	1231.49938965
1434.35253906	1232.47607422
1435.11694336	1230.21862793
1435.88134766	1240.80700684
1436.64562988	1215.80578613
1437.41003418	1197.17578125
1438.17443848	1210.32421875
1438.93884277	1219.74316406
1439.70324707	1237.03063965
1440.46765137	1238.90441895
1441.23205566	1228.32861328
1441.99645996	1217.0513916
1442.76074219	1208.39770508
1443.52514648	1204.42163086
1444.28955078	1193.99633789
1445.05395508	1202.96887207
1445.81835938	1181.00463867
1446.58276367	1210.79272461
1447.34716797	1217.86523438
1448.1114502	1199.1081543
1448.87585449	1187.23413086
1449.64025879	1212.13317871
1450.40466309	1220.02160645
1451.16906738	1192.01062012
1451.93347168	1212.70031738
1452.69787598	1194.05310059
1453.46228027	1191.37744141
1454.2265625	1209.56628418
1454.9909668	1210.04992676
1455.75537109	1204.26318359
1456.51977539	1198.03894043
1457.28417969	1178.0625
1458.04858398	1195.30334473
1458.81298828	1177.78491211
1459.57739258	1181.18432617
1460.3416748	1192.31396484
1461.1060791	1194.87084961
1461.8704834	1191.57348633
1462.6348877	1187.76965332
1463.39929199	1194.84753418
1464.16369629	1195.53503418
1464.92810059	1199.37060547
1465.69250488	1201.07995605
1466.45678711	1188.46582031
1467.22119141	1209.49328613
1467.9855957	1214.96679688
1468.75	1190.06884766
1469.5144043	1198.65930176
1470.27880859	1192.55615234
1471.04321289	1198.00292969
1471.80749512	1167.80151367
1472.57189941	1166.42175293
1473.33630371	1185.85583496
1474.10070801	1196.06970215
1474.8651123	1174.01635742
1475.6295166	1198.71704102
1476.3939209	1191.47399902
1477.1583252	1161.14770508
1477.92260742	1187.08532715
1478.68701172	1199.75305176
1479.45141602	1187.10717773
1480.21582031	1186.3371582
1480.98022461	1193.97924805
1481.74462891	1196.90490723
1482.5090332	1205.8104248
1483.2734375	1209.78405762
1484.03771973	1202.10424805
1484.80212402	1233.24365234
1485.56652832	1210.89196777
1486.33093262	1203.9642334
1487.09533691	1203.68933105
1487.85974121	1192.87524414
1488.62414551	1195.07080078
1489.3885498	1218.64916992
1490.15283203	1224.46569824
1490.91723633	1197.00280762
1491.68164063	1206.11340332
1492.44604492	1202.49816895
1493.21044922	1223.02307129
1493.97485352	1185.5111084
1494.73925781	1193.55944824
1495.50354004	1193.17224121
1496.26794434	1176.76269531
1497.03234863	1204.69665527
1497.79675293	1215.6541748
1498.56115723	1200.83752441
1499.32556152	1192.5604248
1500.08996582	1209.06555176
1500.85437012	1218.65112305
1501.61865234	1202.57324219
1502.38305664	1225.29650879
1503.14746094	1229.70080566
1503.91186523	1207.85070801
1504.67626953	1195.82958984
1505.44067383	1186.33447266
1506.20507813	1204.08630371
1506.96948242	1198.37158203
1507.73376465	1219.84533691
1508.49816895	1192.08178711
1509.26257324	1200.30871582
1510.02697754	1228.17773438
1510.79138184	1248.0592041
1511.55578613	1236.96801758
1512.32019043	1218.23986816
1513.08447266	1232.03747559
1513.84887695	1243.60070801
1514.61328125	1249.77929688
1515.37768555	1252.04821777
1516.14208984	1251.05969238
1516.90649414	1249.90930176
1517.67089844	1269.73059082
1518.43530273	1269.01147461
1519.19958496	1267.4362793
1519.96398926	1282.4083252
1520.72839355	1291.33435059
1521.49279785	1292.45031738
1522.25720215	1288.6348877
1523.02160645	1300.83154297
1523.78601074	1295.44128418
1524.55041504	1315.50622559
1525.31469727	1305.94885254
1526.07910156	1311.984375
1526.84350586	1322.05175781
1527.60791016	1305.47106934
1528.37231445	1340.10449219
1529.13671875	1350.24206543
1529.90112305	1357.8770752
1530.66552734	1355.88818359
1531.42980957	1357.8482666
1532.19421387	1360.5690918
1532.95861816	1370.52246094
1533.72302246	1386.05688477
1534.48742676	1387.3795166
1535.25183105	1385.67687988
1536.01623535	1401.57775879
1536.78051758	1406.82470703
1537.54492188	1426.53186035
1538.30932617	1422.640625
1539.07373047	1452.00036621
1539.83813477	1430.61022949
1540.60253906	1464.2253418
1541.36694336	1466.28979492
1542.13134766	1476.31591797
1542.89562988	1500.61279297
1543.66003418	1523.58215332
1544.42443848	1512.67919922
1545.18884277	1536.32873535
1545.95324707	1547.27819824
1546.71765137	1555.72106934
1547.48205566	1575.90673828
1548.24645996	1596.68859863
1549.01074219	1606.73596191
1549.77514648	1602.05529785
1550.53955078	1648.92468262
1551.30395508	1651.68310547
1552.06835938	1697.31933594
1552.83276367	1683.87585449
1553.59716797	1711.28747559
1554.3614502	1729.88232422
1555.12585449	1759.94555664
1555.89025879	1747.21789551
1556.65466309	1750.71887207
1557.41906738	1755.3605957
1558.18347168	1789.60681152
1558.94787598	1801.76513672
1559.71228027	1810.6505127
1560.4765625	1822.30065918
1561.2409668	1835.45898438
1562.00537109	1876.51086426
1562.76977539	1895.39453125
1563.53417969	1913.43737793
1564.29858398	1925.39672852
1565.06298828	1928.43432617
1565.82739258	1949.33605957
1566.5916748	1968.90429688
1567.3560791	1977.92675781
1568.1204834	1991.00463867
1568.8848877	2001.00610352
1569.64929199	2048.38305664
1570.41369629	2059.84594727
1571.17810059	2072.47412109
1571.94250488	2092.01269531
1572.70678711	2093.42773438
1573.47119141	2111.62426758
1574.2355957	2124.57714844
1575	2108.72558594
1575.7644043	2119.06982422
1576.52880859	2172.13793945
1577.29321289	2182.43676758
1578.05749512	2188.30834961
1578.82189941	2187.74121094
1579.58630371	2195.49658203
1580.35070801	2226.09326172
1581.1151123	2227.30029297
1581.8795166	2214.84130859
1582.6439209	2230.05200195
1583.4083252	2246.86621094
1584.17260742	2241.88745117
1584.93701172	2245.40649414
1585.70141602	2239.42895508
1586.46582031	2246.31811523
1587.23022461	2238.32177734
1587.99462891	2243.20629883
1588.7590332	2238.00073242
1589.5234375	2230.37231445
1590.28771973	2239.46557617
1591.05212402	2224.18334961
1591.81652832	2213.86401367
1592.58093262	2204.59692383
1593.34533691	2201.04077148
1594.10974121	2173.52441406
1594.87414551	2198.15136719
1595.6385498	2209.37597656
1596.40283203	2154.83276367
1597.16723633	2150.40600586
1597.93164063	2150.04711914
1598.69604492	2160.59741211
1599.46044922	2146.1550293
1600.22485352	2083.52490234
1600.98925781	2082.25244141
1601.75354004	2067.63012695
1602.51794434	2044.59606934
1603.28234863	2022.24633789
1604.04675293	2009.06860352
1604.81115723	1989.94763184
1605.57556152	1963.3770752
1606.33996582	1939.29064941
1607.10437012	1932.46716309
1607.86865234	1904.71142578
1608.63305664	1856.8605957
1609.39746094	1834.42773438
1610.16186523	1817.51428223
1610.92626953	1813.45874023
1611.69067383	1770.25134277
1612.45507813	1733.48840332
1613.21948242	1702.13562012
1613.98376465	1680.22717285
1614.74816895	1653.21398926
1615.51257324	1624.41381836
1616.27697754	1616.72912598
1617.04138184	1562.38244629
1617.80578613	1533.81433105
1618.57019043	1515.18554688
1619.33447266	1482.55175781
1620.09887695	1465.90759277
1620.86328125	1424.19311523
1621.62768555	1395.89453125
1622.39208984	1371.50585938
1623.15649414	1349.57263184
1623.92089844	1321.48937988
1624.68530273	1297.23974609
1625.44958496	1272.23339844
1626.21398926	1238.92102051
1626.97839355	1217.875
1627.74279785	1203.13195801
1628.50720215	1184.13232422
1629.27160645	1146.33874512
1630.03601074	1138.3963623
1630.80041504	1119.55566406
1631.56469727	1094.14599609
1632.32910156	1081.81604004
1633.09350586	1054.83447266
1633.85791016	1032.87194824
1634.62231445	1008.08294678
1635.38671875	998.128112793
1636.15112305	991.850830078
1636.91552734	973.602600098
1637.67980957	942.176391602
1638.44421387	921.641174316
1639.20861816	919.006652832
1639.97302246	892.727233887
1640.73742676	873.825073242
1641.50183105	860.682739258
1642.26623535	854.089782715
1643.03051758	846.606689453
1643.79492188	825.842651367
1644.55932617	795.659729004
1645.32373047	787.21661377
1646.08813477	786.368896484
1646.85253906	766.158874512
1647.61694336	749.547485352
1648.38134766	740.717163086
1649.14562988	720.03704834
1649.91003418	706.466186523
1650.67443848	692.595458984
1651.43884277	682.238586426
1652.20324707	669.652038574
1652.96765137	671.532287598
1653.73205566	658.515136719
1654.49645996	652.881652832
1655.26074219	630.25769043
1656.02514648	620.955627441
1656.78955078	608.579345703
1657.55395508	602.825744629
1658.31835938	593.351379395
1659.08276367	598.089416504
1659.84716797	571.636108398
1660.6114502	558.214172363
1661.37585449	553.166381836
1662.14025879	547.545959473
1662.90466309	503.465209961
1663.66906738	487.327636719
1664.43347168	450.140991211
1665.19787598	475.695068359
1665.96228027	549.31829834
1666.7265625	501.992401123
1667.4909668	497.222808838
1668.25537109	498.317993164
1669.01977539	485.965393066
1669.78417969	479.544952393
1670.54858398	469.419219971
1671.31298828	470.801391602
1672.07739258	461.627868652
1672.8416748	456.859313965
1673.6060791	452.353088379
1674.3704834	448.979522705
1675.1348877	440.705749512
1675.89929199	437.898742676
1676.66369629	436.964630127
1677.42810059	433.73538208
1678.19250488	422.718261719
1678.95678711	412.635040283
1679.72119141	417.083557129
1680.4855957	414.171417236
1681.25	410.630187988
1682.0144043	402.320678711
1682.77880859	402.351531982
1683.54321289	389.499359131
1684.30749512	399.324462891
1685.07189941	383.610107422
1685.83630371	384.403594971
1686.60070801	383.893035889
1687.3651123	387.018951416
1688.1295166	378.984405518
1688.8939209	368.409118652
1689.6583252	372.865509033
1690.42260742	376.133209229
1691.18701172	365.983428955
1691.95141602	366.831115723
1692.71582031	359.120574951
1693.48022461	357.969482422
1694.24462891	360.441772461
1695.0090332	349.096343994
1695.7734375	346.932922363
1696.53771973	358.694549561
1697.30212402	350.421386719
1698.06652832	352.591949463
1698.83093262	351.051147461
1699.59533691	335.831085205
1700.35974121	342.769744873
1701.12414551	339.656341553
1701.8885498	334.500701904
1702.65283203	337.509368896
1703.41723633	378.076751709
1704.18164063	330.725769043
1704.94604492	329.494445801
1705.71044922	324.438720703
1706.47485352	334.273620605
1707.23925781	314.664459229
1708.00354004	311.730407715
1708.76794434	316.449157715
1709.53234863	327.108612061
1710.29675293	322.185241699
1711.06115723	307.461029053
1711.82556152	317.997070313
1712.58996582	319.477752686
1713.35437012	317.607574463
1714.11865234	313.75680542
1714.88305664	316.183074951
1715.64746094	313.978637695
1716.41186523	314.291259766
1717.17626953	324.660736084
1717.94067383	318.882171631
1718.70507813	303.276000977
1719.46948242	297.942718506
1720.23376465	300.359069824
1720.99816895	300.766601563
1721.76257324	300.452880859
1722.52697754	298.486328125
1723.29138184	298.993865967
1724.05578613	307.273895264
1724.82019043	293.919128418
1725.58447266	297.518005371
1726.34887695	293.384338379
1727.11328125	299.079284668
1727.87768555	293.522827148
1728.64208984	284.569244385
1729.40649414	292.816986084
1730.17089844	289.578948975
1730.93530273	286.203369141
1731.69958496	289.837310791
1732.46398926	286.607299805
1733.22839355	283.228881836
1733.99279785	291.427337646
1734.75720215	302.189239502
1735.52160645	285.037841797
1736.28601074	289.138336182
1737.05041504	283.948120117
1737.81469727	277.897583008
1738.57910156	280.641326904
1739.34350586	279.945343018
1740.10791016	283.548217773
1740.87231445	273.580383301
1741.63671875	276.829589844
1742.40112305	280.075836182
1743.16552734	281.596588135
1743.92980957	280.398834229
1744.69421387	281.855804443
1745.45861816	270.40737915
1746.22302246	279.147094727
1746.98742676	273.585144043
1747.75183105	271.25012207
1748.51623535	272.557556152
1749.28051758	281.814056396
1750.04492188	280.469787598
1750.80932617	280.238616943
1751.57373047	274.117980957
1752.33813477	285.149536133
1753.10253906	274.035491943
1753.86694336	269.727966309
1754.63134766	264.553009033
1755.39562988	273.02432251
1756.16003418	271.37979126
1756.92443848	261.462219238
1757.68884277	265.368713379
1758.45324707	262.362335205
1759.21765137	280.092193604
1759.98205566	275.238372803
1760.74645996	269.388549805
1761.51074219	265.020202637
1762.27514648	265.691375732
1763.03955078	268.06628418
1763.80395508	263.968078613
1764.56835938	264.243530273
1765.33276367	263.729614258
1766.09716797	270.142181396
1766.8614502	264.349121094
1767.62585449	267.028625488
1768.39025879	271.909820557
1769.15466309	272.81048584
1769.91906738	264.160949707
1770.68347168	259.117370605
1771.44787598	263.456939697
1772.21228027	261.822296143
1772.9765625	262.307403564
1773.7409668	255.357528687
1774.50537109	270.224151611
1775.26977539	260.15335083
1776.03417969	262.385040283
1776.79858398	261.305450439
1777.56298828	253.790771484
1778.32739258	256.737609863
1779.0916748	257.620422363
1779.8560791	253.872802734
1780.6204834	258.704162598
1781.3848877	264.002685547
1782.14929199	260.246917725
1782.91369629	265.576599121
1783.67810059	251.712905884
1784.44250488	251.966323853
1785.20678711	249.397384644
1785.97119141	254.707443237
1786.7355957	254.404586792
1787.5	258.148529053
1788.2644043	253.901412964
1789.02880859	253.239776611
1789.79321289	260.952392578
1790.55749512	254.051956177
1791.32189941	246.659606934
1792.08630371	252.970932007
1792.85070801	251.71257019
1793.6151123	252.01473999
1794.3795166	259.351135254
1795.1439209	253.906478882
1795.9083252	253.238418579
1796.67260742	263.72277832
1797.43701172	247.092926025
1798.20141602	246.441986084
1798.96582031	252.101104736
1799.73022461	245.445922852
1800.49462891	243.659164429
1801.2590332	247.90612793
1802.0234375	243.290939331
1802.78771973	258.418640137
1803.55212402	261.041595459
1804.31652832	254.856262207
1805.08093262	249.974624634
1805.84533691	240.567230225
1806.60974121	238.187408447
1807.37414551	243.479156494
1808.1385498	244.763397217
1808.90283203	240.110122681
1809.66723633	242.02722168
1810.43164063	251.601516724
1811.19604492	250.717102051
1811.96044922	250.344711304
1812.72485352	234.743637085
1813.48925781	251.500366211
1814.25354004	253.909622192
1815.01794434	230.762390137
1815.78234863	246.754928589
1816.54675293	255.558074951
1817.31115723	247.113006592
1818.07556152	242.5287323
1818.83996582	238.075744629
1819.60437012	256.716461182
1820.36865234	235.239974976
1821.13305664	255.594406128
1821.89746094	239.612945557
1822.66186523	244.023574829
1823.42626953	241.707290649
1824.19067383	247.078765869
1824.95507813	244.637329102
1825.71948242	239.332244873
1826.48376465	247.668792725
1827.24816895	241.243621826
1828.01257324	247.235992432
1828.77697754	249.573959351
1829.54138184	245.838668823
1830.30578613	243.2940979
1831.07019043	244.670516968
1831.83447266	244.36831665
1832.59887695	245.901138306
1833.36328125	246.959747314
1834.12768555	241.930343628
1834.89208984	239.765167236
1835.65649414	238.973800659
1836.42089844	235.813873291
1837.18530273	257.0753479
1837.94958496	234.094329834
1838.71398926	237.915222168
1839.47839355	230.222381592
1840.24279785	239.190582275
1841.00720215	236.930725098
1841.77160645	244.195922852
1842.53601074	238.706253052
1843.30041504	237.688308716
1844.06469727	238.816757202
1844.82910156	245.776062012
1845.59350586	246.615264893
1846.35791016	235.637039185
1847.12231445	235.543395996
1847.88671875	236.768936157
1848.65112305	236.451705933
1849.41552734	236.097122192
1850.17980957	243.308868408
1850.94421387	242.954971313
1851.70861816	240.663696289
1852.47302246	236.350296021
1853.23742676	231.547515869
1854.00183105	247.015289307
1854.76623535	234.574569702
1855.53051758	238.70741272
1856.29492188	230.710754395
1857.05932617	235.792236328
1857.82373047	234.413452148
1858.58813477	240.526885986
1859.35253906	236.528030396
1860.11694336	233.483016968
1860.88134766	246.079818726
1861.64562988	234.701034546
1862.41003418	231.005584717
1863.17443848	229.281158447
1863.93884277	222.73916626
1864.70324707	231.164154053
1865.46765137	233.534133911
1866.23205566	222.010467529
1866.99645996	231.141326904
1867.76074219	235.654937744
1868.52514648	236.321273804
1869.28955078	239.604217529
1870.05395508	238.750793457
1870.81835938	235.115280151
1871.58276367	237.973617554
1872.34716797	245.384613037
1873.1114502	238.798049927
1873.87585449	237.233551025
1874.64025879	235.276672363
1875.40466309	237.035247803
1876.16906738	227.790374756
1876.93347168	221.310165405
1877.69787598	225.71673584
1878.46228027	235.53994751
1879.2265625	239.645858765
1879.9909668	235.69758606
1880.75537109	234.838806152
1881.51977539	232.374389648
1882.28417969	236.523086548
1883.04858398	228.978210449
1883.81298828	240.001525879
1884.57739258	238.205566406
1885.3416748	230.902832031
1886.1060791	235.525024414
1886.8704834	236.945678711
1887.6348877	238.222854614
1888.39929199	230.363647461
1889.16369629	230.736404419
1889.92810059	229.919235229
1890.69250488	227.284927368
1891.45678711	231.333694458
1892.22119141	234.961685181
1892.9855957	226.277267456
1893.75	232.684448242
1894.5144043	227.88961792
1895.27880859	230.398849487
1896.04321289	229.15284729
1896.80749512	232.128692627
1897.57189941	233.17199707
1898.33630371	239.323791504
1899.10070801	237.539978027
1899.8651123	237.22819519
1900.6295166	236.178207397
1901.3939209	230.442474365
1902.1583252	230.662704468
1902.92260742	231.04574585
1903.68701172	238.70425415
1904.45141602	236.026687622
1905.21582031	245.481842041
1905.98022461	226.473617554
1906.74462891	225.792678833
1907.5090332	217.593460083
1908.2734375	222.211013794
1909.03771973	227.278152466
1909.80212402	229.710983276
1910.56652832	230.523345947
1911.33093262	237.143356323
1912.09533691	235.053451538
1912.85974121	229.557693481
1913.62414551	229.788742065
1914.3885498	216.641952515
1915.15283203	228.127151489
1915.91723633	231.644622803
1916.68164063	227.580734253
1917.44604492	229.803024292
1918.21044922	233.482116699
1918.97485352	222.350967407
1919.73925781	225.308609009
1920.50354004	221.189041138
1921.26794434	230.488372803
1922.03234863	230.949432373
1922.79675293	223.117095947
1923.56115723	221.845809937
1924.32556152	218.708877563
1925.08996582	237.225723267
1925.85437012	229.446929932
1926.61865234	223.551818848
1927.38305664	228.400466919
1928.14746094	224.199691772
1928.91186523	228.778701782
1929.67626953	227.946853638
1930.44067383	226.77003479
1931.20507813	233.411911011
1931.96948242	235.183303833
1932.73376465	214.190322876
1933.49816895	228.038711548
1934.26257324	221.743164063
1935.02697754	212.971542358
1935.79138184	221.951599121
1936.55578613	231.967498779
1937.32019043	231.812057495
1938.08447266	215.177490234
1938.84887695	234.315429688
1939.61328125	214.202377319
1940.37768555	225.145431519
1941.14208984	221.317703247
1941.90649414	225.738006592
1942.67089844	227.101531982
1943.43530273	224.712768555
1944.19958496	225.509552002
1944.96398926	222.912261963
1945.72839355	221.6456604
1946.49279785	233.999710083
1947.25720215	231.156417847
1948.02160645	227.85899353
1948.78601074	229.127532959
1949.55041504	232.935516357
1950.31469727	219.397506714
1951.07910156	219.744979858
1951.84350586	229.512557983
1952.60791016	230.864959717
1953.37231445	211.181625366
1954.13671875	215.067306519
1954.90112305	221.867218018
1955.66552734	230.147262573
1956.42980957	224.906692505
1957.19421387	223.472366333
1957.95861816	217.607727051
1958.72302246	216.376495361
1959.48742676	224.602661133
1960.25183105	225.774749756
1961.01623535	220.552520752
1961.78051758	230.219009399
1962.54492188	227.243133545
1963.30932617	228.153991699
1964.07373047	227.872695923
1964.83813477	235.373474121
1965.60253906	215.207946777
1966.36694336	235.231109619
1967.13134766	234.700027466
1967.89562988	224.252487183
1968.66003418	231.713043213
1969.42443848	233.238739014
1970.18884277	221.965606689
1970.95324707	237.117935181
1971.71765137	224.211837769
1972.48205566	243.28175354
1973.24645996	225.352539063
1974.01074219	225.289413452
1974.77514648	222.175765991
1975.53955078	226.174636841
1976.30395508	217.826553345
1977.06835938	226.796798706
1977.83276367	235.546234131
1978.59716797	219.751831055
1979.3614502	223.801208496
1980.12585449	220.794891357
1980.89025879	222.250854492
1981.65466309	223.360183716
1982.41906738	229.192565918
1983.18347168	221.794586182
1983.94787598	211.379272461
1984.71228027	217.511169434
1985.4765625	213.337036133
1986.2409668	225.219863892
1987.00537109	225.090026855
1987.76977539	220.789901733
1988.53417969	214.569732666
1989.29858398	221.040908813
1990.06298828	226.688400269
1990.82739258	235.513397217
1991.5916748	234.2137146
1992.3560791	224.857833862
1993.1204834	232.701370239
1993.8848877	229.195571899
1994.64929199	233.085388184
1995.41369629	234.615264893
1996.17810059	222.70413208
1996.94250488	227.77305603
1997.70678711	235.130020142
1998.47119141	226.37663269
1999.2355957	231.249252319
2000	225.6353302
