400	33.9692687988
402.515258789	37.5301017761
405.030487061	40.5697288513
407.54574585	35.8599319458
410.060974121	33.5865859985
412.57623291	36.974773407
415.091461182	39.2867355347
417.606719971	38.3617515564
420.121948242	35.3821525574
422.637207031	38.1463394165
425.152435303	35.7408866882
427.667694092	33.3635749817
430.182922363	33.6657714844
432.698181152	35.1894989014
435.213409424	30.6275672913
437.728668213	37.0756187439
440.243896484	35.2302436829
442.759155273	35.5712013245
445.274383545	36.971282959
447.789642334	31.9628677368
450.304870605	29.1884212494
452.820129395	30.3433666229
455.335357666	31.621339798
457.850616455	32.4673843384
460.365844727	32.4274711609
462.881103516	29.322479248
465.396331787	29.8276939392
467.911590576	32.8898429871
470.426818848	33.3725280762
472.942077637	30.7344512939
475.457305908	29.0875816345
477.972564697	36.2901153564
480.487792969	39.2007217407
483.003051758	46.1339797974
485.518280029	48.1723213196
488.033538818	40.7583732605
490.54876709	42.7253494263
493.064025879	34.7548408508
495.57925415	29.3147029877
498.094512939	28.8278865814
500.609741211	29.7058887482
503.125	26.078245163
505.640258789	29.3620433807
508.155487061	27.9495792389
510.67074585	26.5602779388
513.185974121	26.7094402313
515.70123291	27.01130867
518.216491699	22.4078788757
520.731689453	25.0269050598
523.246948242	25.342622757
525.762207031	26.3188762665
528.27746582	26.3276405334
530.792663574	24.233757019
533.307922363	31.809217453
535.823181152	26.172416687
538.338439941	24.1999988556
540.853637695	25.0149116516
543.368896484	25.7364196777
545.884155273	24.0535354614
548.399414063	21.9090919495
550.914611816	24.0009555817
553.429870605	23.2983322144
555.945129395	22.8011283875
558.460388184	24.9664535522
560.975585938	26.5616035461
563.490844727	23.09167099
566.006103516	22.6648597717
568.521362305	22.0176105499
571.036560059	21.8316631317
573.551818848	24.0292186737
576.067077637	28.8306694031
578.582336426	28.8403244019
581.09753418	27.046831131
583.612792969	25.2729282379
586.128051758	24.0604133606
588.643310547	23.9357395172
591.158508301	29.4086418152
593.67376709	23.6428642273
596.189025879	23.8372097015
598.704284668	26.4864196777
601.219482422	27.2175045013
603.734741211	24.3289337158
606.25	23.6648979187
608.765258789	25.3991756439
611.280517578	26.5807170868
613.795715332	24.7766437531
616.310974121	23.4942054749
618.82623291	29.3701763153
621.341491699	29.0373802185
623.856689453	24.4227600098
626.371948242	25.76679039
628.887207031	26.3871955872
631.40246582	25.2276000977
633.917663574	28.978767395
636.432922363	26.3137741089
638.948181152	29.5303421021
641.463439941	31.5970344543
643.978637695	29.053817749
646.493896484	25.2079391479
649.009155273	28.1750125885
651.524414063	32.5156211853
654.039611816	30.6260929108
656.554870605	29.2229423523
659.070129395	29.6244354248
661.585388184	30.3050231934
664.100585938	28.6666088104
666.615844727	27.3288021088
669.131103516	36.4277648926
671.646362305	36.1970443726
674.161560059	33.0540733337
676.676818848	32.4942436218
679.192077637	34.0245246887
681.707336426	31.0094432831
684.22253418	29.708568573
686.737792969	31.7468357086
689.253051758	33.3823204041
691.768310547	35.2488708496
694.283508301	38.1312942505
696.79876709	31.4200782776
699.314025879	29.2520217896
701.829284668	34.3991127014
704.344482422	34.7485656738
706.859741211	31.6025753021
709.375	30.8685035706
711.890258789	31.2231616974
714.405517578	32.9054260254
716.920715332	35.0033569336
719.435974121	37.4049491882
721.95123291	37.6703491211
724.466491699	35.9744224548
726.981689453	36.5521850586
729.496948242	35.878162384
732.012207031	33.1195983887
734.52746582	38.073764801
737.042663574	42.2000007629
739.557922363	40.5019645691
742.073181152	35.789276123
744.588439941	34.2702484131
747.103637695	43.0507698059
749.618896484	40.1386146545
752.134155273	38.0909500122
754.649414063	40.4232139587
757.164611816	43.8193740845
759.679870605	44.608707428
762.195129395	38.8586997986
764.710388184	44.1838569641
767.225585938	44.6792564392
769.740844727	42.0486106873
772.256103516	42.2040176392
774.771362305	46.7315216064
777.286560059	41.3108520508
779.801818848	37.4858551025
782.317077637	43.4445533752
784.832336426	45.4245605469
787.34753418	44.8279762268
789.862792969	45.6480560303
792.378051758	39.1807098389
794.893310547	43.2542228699
797.408508301	40.7121047974
799.92376709	41.4699020386
802.439025879	42.9734764099
804.954284668	43.2000007629
807.469482422	43.9191551208
809.984741211	48.5125961304
812.5	43.9288368225
815.015258789	44.3693885803
817.530517578	44.1432380676
820.045715332	43.9410934448
822.560974121	45.2279434204
825.07623291	47.0285491943
827.591491699	51.1196098328
830.106689453	45.3685112
832.621948242	49.0958709717
835.137207031	50.0068283081
837.65246582	49.1238594055
840.167663574	50.8727264404
842.682922363	49.726940155
845.198181152	51.6044273376
847.713439941	50.8816604614
850.228637695	50.5999984741
852.743896484	48.799697876
855.259155273	47.3912315369
857.774414063	47.8306350708
860.289611816	44.6004905701
862.804870605	49.0469093323
865.320129395	49.5999984741
867.835388184	48.5106391907
870.350585938	46.1392974854
872.865844727	44.8989448547
875.381103516	46.2955513
877.896362305	45.6691513062
880.411560059	42.0682945251
882.926818848	38.3194313049
885.442077637	39.0096893311
887.957336426	37.801322937
890.47253418	35.8309020996
892.987792969	37.3864135742
895.503051758	36.3710479736
898.018310547	35.6838188171
900.533508301	38.0144004822
903.04876709	33.5195350647
905.564025879	34.2742462158
908.079284668	37.866191864
910.594482422	35.1496276855
913.109741211	31.7719306946
915.625	34.5261535645
918.140258789	35.7304801941
920.655517578	32.9443054199
923.170715332	29.6062602997
925.685974121	28.7194366455
928.20123291	30.5319023132
930.716491699	32.064907074
933.231689453	28.6153278351
935.746948242	33.5765075684
938.262207031	33.1867523193
940.77746582	32.2928924561
943.292663574	31.32239151
945.807922363	28.6348972321
948.323181152	25.305513382
950.838439941	28.7617950439
953.353637695	25.0362815857
955.868896484	25.5521526337
958.384155273	31.498506546
960.899414063	29.549659729
963.414611816	24.7981948853
965.929870605	30.1089458466
968.445129395	30.5905265808
970.960388184	30.4173145294
973.475585938	26.4986953735
975.990844727	26.1763477325
978.506103516	28.1422901154
981.021362305	29.3711280823
983.536560059	27.9546604156
986.051818848	25.2442092896
988.567077637	28.5416736603
991.082336426	28.6000003815
993.59753418	26.0021705627
996.112792969	25.5905246735
998.628051758	28.1153240204
1001.14331055	31.1267185211
1003.6585083	31.0086421967
1006.17376709	26.3508396149
1008.68902588	28.2642536163
1011.20428467	28.5617675781
1013.71948242	27.7844257355
1016.23474121	25.6377468109
1018.75	25.7181949615
1021.26525879	27.9757213593
1023.78051758	28.3999977112
1026.29577637	28.5246162415
1028.81103516	31.490442276
1031.32617188	28.9865703583
1033.84143066	28.8542728424
1036.35668945	26.9853248596
1038.87194824	28.6052722931
1041.38720703	34.5481796265
1043.90246582	35.1130332947
1046.41772461	30.0742893219
1048.9329834	33.0468330383
1051.44812012	34.3247566223
1053.96337891	25.1773891449
1056.4786377	22.0815753937
1058.99389648	25.1869239807
1061.50915527	28.3013954163
1064.02441406	31.3887825012
1066.53967285	29.0365695953
1069.05493164	30.4385509491
1071.57006836	25.9431400299
1074.08532715	25.122428894
1076.60058594	24.2339477539
1079.11584473	26.6210594177
1081.63110352	30.2892169952
1084.1463623	26.8368434906
1086.66162109	25.9177970886
1089.17687988	24.1612625122
1091.6920166	30.2273769379
1094.20727539	28.8200111389
1096.72253418	22.8357105255
1099.23779297	20.4212055206
1101.75305176	22.7580299377
1104.26831055	23.4590740204
1106.78356934	20.0713348389
1109.29882813	25.532371521
1111.81396484	25.6325244904
1114.32922363	23.4441928864
1116.84448242	22.9598712921
1119.35974121	24.1626873016
1121.875	22.9468002319
1124.39025879	20.5717086792
1126.90551758	25.3234233856
1129.42077637	24.7393817902
1131.93603516	19.6174793243
1134.45117188	25.0595035553
1136.96643066	25.0839633942
1139.48168945	25.6134586334
1141.99694824	23.4637374878
1144.51220703	22.8069477081
1147.02746582	27.9757022858
1149.54272461	15.2559909821
1152.0579834	20.2126064301
1154.57312012	20.5703773499
1157.08837891	19.1260108948
1159.6036377	19.7208099365
1162.11889648	20.8070278168
1164.63415527	20.2516498566
1167.14941406	19.7021903992
1169.66467285	21.1875305176
1172.17993164	17.1774559021
1174.69506836	16.8225154877
1177.21032715	18.7952423096
1179.72558594	23.6591911316
1182.24084473	21.5129089355
1184.75610352	17.1161937714
1187.2713623	17.4308853149
1189.78662109	19.6302547455
1192.30187988	16.9458217621
1194.8170166	21.7265911102
1197.33227539	20.4810752869
1199.84753418	23.7302513123
1202.36279297	19.4846305847
1204.87805176	19.9303951263
1207.39331055	21.9042606354
1209.90856934	21.6089839935
1212.42382813	20.3999996185
1214.93896484	20.900554657
1217.45422363	22.9462337494
1219.96948242	19.7331790924
1222.48474121	21.1394309998
1225	21.9985752106
1227.51525879	18.60987854
1230.03051758	20.0201683044
1232.54577637	23.5135040283
1235.06103516	23.6854457855
1237.57617188	22.7295532227
1240.09143066	23.155796051
1242.60668945	22.791519165
1245.12194824	21.3603000641
1247.63720703	21.2000007629
1250.15246582	21.4762935638
1252.66772461	21.4826831818
1255.1829834	23.1366386414
1257.69812012	24.9243125916
1260.21337891	24.4149303436
1262.7286377	23.7439041138
1265.24389648	25.8696727753
1267.75915527	31.9720306396
1270.27441406	30.2988796234
1272.78967285	28.475818634
1275.30493164	26.9435882568
1277.82006836	29.0817813873
1280.33532715	30.1022262573
1282.85058594	27.7309627533
1285.36584473	26.1066646576
1287.88110352	27.1550045013
1290.3963623	28.2735309601
1292.91162109	32.7735176086
1295.42687988	30.7756481171
1297.9420166	33.2733650208
1300.45727539	37.6159133911
1302.97253418	40.8506011963
1305.48779297	42.4595031738
1308.00305176	45.3129501343
1310.51831055	48.5577697754
1313.03356934	47.8522109985
1315.54882813	56.0513420105
1318.06396484	54.0643043518
1320.57922363	55.9219474792
1323.09448242	63.8168830872
1325.60974121	67.2253341675
1328.125	76.3375396729
1330.64025879	81.5199584961
1333.15551758	86.3421173096
1335.67077637	98.3001403809
1338.18603516	106.898422241
1340.70117188	113.19165802
1343.21643066	123.164497375
1345.73168945	134.218429565
1348.24694824	137.512374878
1350.76220703	148.978851318
1353.27746582	151.595123291
1355.79272461	149.272079468
1358.3079834	143.197799683
1360.82312012	139.346176147
1363.33837891	141.35369873
1365.8536377	135.253417969
1368.36889648	124.592689514
1370.88415527	118.050323486
1373.39941406	106.274848938
1375.91467285	95.2665634155
1378.42993164	82.479850769
1380.94506836	79.1563339233
1383.46032715	76.4664764404
1385.97558594	69.2050857544
1388.49084473	62.8780937195
1391.00610352	58.8285522461
1393.5213623	51.5461959839
1396.03662109	51.8051757813
1398.55187988	48.0155601501
1401.0670166	50.5685844421
1403.58227539	41.3444366455
1406.09753418	38.2123603821
1408.61279297	38.8481216431
1411.12805176	40.1951293945
1413.64331055	42.531829834
1416.15856934	43.3737411499
1418.67382813	39.5149803162
1421.18896484	35.6917304993
1423.70422363	40.1726036072
1426.21948242	39.8543930054
1428.73474121	37.2932014465
1431.25	34.9060668945
1433.76525879	38.9070510864
1436.28051758	38.5727806091
1438.79577637	39.6368904114
1441.31103516	39.5080375671
1443.82617188	39.2476425171
1446.34143066	41.8971633911
1448.85668945	43.2198905945
1451.37194824	39.6845626831
1453.88720703	41.4086151123
1456.40246582	36.4705238342
1458.91772461	41.427116394
1461.4329834	40.8906021118
1463.94812012	45.4737854004
1466.46337891	41.2339782715
1468.9786377	41.3919944763
1471.49389648	43.0513458252
1474.00915527	39.7214317322
1476.52441406	39.3587188721
1479.03967285	44.0799446106
1481.55493164	43
1484.07006836	42.1642951965
1486.58532715	38.6201095581
1489.10058594	44.9425430298
1491.61584473	39.7792778015
1494.13110352	48.9707260132
1496.6463623	49.5121116638
1499.16162109	48.7800827026
1501.67687988	48.4754104614
1504.1920166	50.5850105286
1506.70727539	50.9895095825
1509.22253418	49.2422485352
1511.73779297	50.2103347778
1514.25305176	53.5287132263
1516.76831055	56.3701019287
1519.28356934	59.4608688354
1521.79882813	61.9302177429
1524.31396484	58.4133834839
1526.82922363	59.940372467
1529.34448242	68.3222427368
1531.85974121	73.0013275146
1534.375	73.8700866699
1536.89025879	77.9519119263
1539.40551758	82.9155578613
1541.92077637	87.3907775879
1544.43603516	92.4544448853
1546.95117188	96.8398666382
1549.46643066	103.514671326
1551.98168945	117.445808411
1554.49694824	134.582962036
1557.01220703	154.323043823
1559.52746582	185.940444946
1562.04272461	227.929153442
1564.5579834	273.879547119
1567.07312012	325.331604004
1569.58837891	410.048370361
1572.1036377	514.653198242
1574.61889648	656.331420898
1577.13415527	858.426208496
1579.64941406	1047.03588867
1582.16467285	1152.23962402
1584.67993164	1199.17297363
1587.19506836	1124.81481934
1589.71032715	956.749572754
1592.22558594	801.078918457
1594.74084473	609.304504395
1597.25610352	513.878417969
1599.7713623	396.674743652
1602.28662109	309.751617432
1604.80187988	269.91293335
1607.3170166	228.593292236
1609.83227539	197.954330444
1612.34753418	173.102325439
1614.86279297	155.032608032
1617.37805176	149.491348267
1619.89331055	145.473327637
1622.40856934	135.307357788
1624.92382813	119.242446899
1627.43896484	114.224220276
1629.95422363	109.137115479
1632.46948242	90.0896148682
1634.98474121	75.4554443359
1637.5	78.7465057373
1640.01525879	68.670753479
1642.53051758	60.3993225098
1645.04577637	54.3135299683
1647.56103516	53.1234283447
1650.07617188	49.7157211304
1652.59143066	45.8100509644
1655.10668945	45.360786438
1657.62194824	45.7003326416
1660.13720703	45.1429824829
1662.65246582	43.4253730774
1665.16772461	40.2470970154
1667.6829834	43.4431266785
1670.19812012	37.600566864
1672.71337891	39.1636543274
1675.2286377	41.359287262
1677.74389648	37.9631500244
1680.25915527	35.1049499512
1682.77441406	37.6638183594
1685.28967285	39.3011474609
1687.80493164	36.968208313
1690.32006836	35.7296676636
1692.83532715	34.6066017151
1695.35058594	30.7159957886
1697.86584473	31.1686038971
1700.38110352	34.2746276855
1702.8963623	35.4077644348
1705.41162109	34.8482627869
1707.92687988	34.0970115662
1710.4420166	38.433807373
1712.95727539	34.099155426
1715.47253418	35.7533912659
1717.98779297	33.4022979736
1720.50305176	37.2166404724
1723.01831055	27.1637687683
1725.53356934	33.9061012268
1728.04882813	35.6359100342
1730.56396484	33.4700584412
1733.07922363	38.3187637329
1735.59448242	32.1860275269
1738.10974121	31.7209587097
1740.625	32.7999992371
1743.14025879	34.9033126831
1745.65551758	36.5070915222
1748.17077637	34.9442977905
1750.68603516	35.5710411072
1753.20117188	35.1573143005
1755.71643066	30.7617225647
1758.23168945	33.1928367615
1760.74694824	33.5514335632
1763.26220703	31.7400741577
1765.77746582	36.7186965942
1768.29272461	34.6480484009
1770.8079834	30.3682785034
1773.32312012	32.7767333984
1775.83837891	31.6308326721
1778.3536377	32.529499054
1780.86889648	34.0160369873
1783.38415527	32.6865501404
1785.89941406	26.025270462
1788.41467285	27.1115245819
1790.92993164	24.1668949127
1793.44506836	24.4668216705
1795.96032715	27.7709083557
1798.47558594	28.9674358368
1800.99084473	29.7711524963
1803.50610352	27.0153217316
1806.0213623	27.5969638824
1808.53662109	30.9408340454
1811.05187988	28.151309967
1813.5670166	26.2661361694
1816.08227539	26.1092243195
1818.59753418	29.025472641
1821.11279297	22.7280368805
1823.62805176	23.8599700928
1826.14331055	27.4568061829
1828.65856934	29.9399585724
1831.17382813	25.4973621368
1833.68896484	23.876373291
1836.20422363	27.7259120941
1838.71948242	23.2711830139
1841.23474121	28.801322937
1843.75	24.3592071533
1846.26525879	26.7635993958
1848.78051758	26.6036605835
1851.29577637	28.0718307495
1853.81103516	32.2207069397
1856.32617188	24.3702144623
1858.84143066	25.2993373871
1861.35668945	25.8954200745
1863.87194824	22.4958000183
1866.38720703	26.7194862366
1868.90246582	30.4716529846
1871.41772461	27.6714935303
1873.9329834	28.4723968506
1876.44812012	30.087480545
1878.96337891	26.7106151581
1881.4786377	27.7032165527
1883.99389648	31.2816410065
1886.50915527	29.7399997711
1889.02441406	26.6800899506
1891.53967285	24.358757019
1894.05493164	25.3295478821
1896.57006836	23.9726142883
1899.08532715	23.2226696014
1901.60058594	26.2255039215
1904.11584473	27.6045856476
1906.63110352	20.3269538879
1909.1463623	27.5395793915
1911.66162109	23.4613990784
1914.17687988	28.374666214
1916.6920166	19.3113365173
1919.20727539	31.7512226105
1921.72253418	26.2119197845
1924.23779297	25.707616806
1926.75305176	28.9133987427
1929.26831055	23.4147701263
1931.78356934	31.9169883728
1934.29882813	25.3731040955
1936.81396484	26.4305648804
1939.32922363	29.1649494171
1941.84448242	27.2083358765
1944.35974121	28.3032207489
1946.875	26.2785606384
1949.39025879	26.2087631226
1951.90551758	27.8268356323
1954.42077637	28.8698577881
1956.93603516	28.7671203613
1959.45117188	28.2986278534
1961.96643066	26.129152298
1964.48168945	26.2986526489
1966.99694824	29.4552516937
1969.51220703	29.2455635071
1972.02746582	29.0569267273
1974.54272461	26.4392642975
1977.0579834	23.3307952881
1979.57312012	24.4369945526
1982.08837891	26.3278541565
1984.6036377	24.9716491699
1987.11889648	25.8263320923
1989.63415527	26.9011535645
1992.14941406	26.6912956238
1994.66467285	27.756029129
1997.17993164	30.6766300201
1999.69506836	31.1388263702
2002.21032715	31.1126670837
2004.72558594	28.4267234802
2007.24084473	33.9944915771
2009.75610352	27.8003978729
2012.2713623	24.4534454346
2014.78662109	24.8836402893
2017.30187988	23.6290626526
2019.8170166	27.4331932068
2022.33227539	28.2372817993
2024.84753418	29.6290016174
2027.36279297	31.9932003021
2029.87805176	32.1966400146
2032.39331055	27.5462226868
2034.90856934	23.9577980042
2037.42382813	29.4549407959
2039.93896484	23.8499889374
2042.45422363	29.637008667
2044.96948242	32.5530128479
2047.48474121	28.6916103363
2050	29.0815792084
2052.51513672	27.4594516754
2055.03051758	25.6533565521
2057.5456543	30.830915451
2060.06103516	34.3146324158
2062.57617188	33.4750022888
2065.09155273	28.4537391663
2067.60668945	25.6206417084
2070.12207031	26.800201416
2072.63720703	24.3511142731
2075.15234375	26.5742874146
2077.66772461	25.5414543152
2080.18286133	24.3864765167
2082.69824219	26.174287796
2085.21337891	27.1007614136
2087.72875977	24.5168228149
2090.24389648	28.4353580475
2092.7590332	27.388759613
2095.27441406	27.5059986115
2097.78955078	28.5328826904
2100.30493164	27.5360488892
2102.82006836	26.0799102783
2105.33544922	24.0536403656
2107.85058594	24.1993160248
2110.3659668	25.8047046661
2112.88110352	26.4118919373
2115.39624023	29.100528717
2117.91162109	31.332649231
2120.42675781	28.8330364227
2122.94213867	28.8798751831
2125.45727539	29.3420639038
2127.97265625	28.8913478851
2130.48779297	24.9579048157
2133.00292969	22.6899375916
2135.51831055	25.1548175812
2138.03344727	24.783121109
2140.54882813	27.6070613861
2143.06396484	24.0224933624
2145.5793457	22.520526886
2148.09448242	25.8152503967
2150.60986328	27.4848251343
2153.125	26.724445343
2155.64013672	25.779132843
2158.15551758	24.7475299835
2160.6706543	27.8053474426
2163.18603516	28.3786144257
2165.70117188	25.5497093201
2168.21655273	27.6886749268
2170.73168945	29.3544178009
2173.24707031	32.3877449036
2175.76220703	29.4280834198
2178.27734375	27.8702468872
2180.79272461	25.6911125183
2183.30786133	26.1453647614
2185.82324219	28.2410030365
2188.33837891	27.3291168213
2190.85375977	28.3873233795
2193.36889648	27.8104438782
2195.8840332	27.9128570557
2198.39941406	30.7462234497
2200.91455078	28.535993576
2203.42993164	26.9373893738
2205.94506836	31.2386379242
2208.46044922	29.8309440613
2210.97558594	29.4102268219
2213.4909668	26.5274143219
2216.00610352	29.1047687531
2218.52124023	29.5994548798
2221.03662109	26.9015922546
2223.55175781	29.3630638123
2226.06713867	33.2178611755
2228.58227539	33.6520614624
2231.09765625	32.0333480835
2233.61279297	30.5321521759
2236.12792969	31.3894138336
2238.64331055	28.8556671143
2241.15844727	34.5285148621
2243.67382813	27.7379684448
2246.18896484	31.5529117584
2248.7043457	31.1327362061
2251.21948242	34.8164749146
2253.73486328	30.9834117889
2256.25	28.4926986694
2258.76513672	31.9956054688
2261.28051758	28.3942584991
2263.7956543	28.6261615753
2266.31103516	31.2899723053
2268.82617188	27.9608478546
2271.34155273	31.8487815857
2273.85668945	31.5861186981
2276.37207031	30.3220653534
2278.88720703	34.6750640869
2281.40234375	29.693397522
2283.91772461	28.5124320984
2286.43286133	34.3549728394
2288.94824219	31.9399681091
2291.46337891	34.6828384399
2293.97875977	35.1939849854
2296.49389648	31.766746521
2299.0090332	29.2380580902
2301.52441406	30.3273334503
2304.03955078	34.966342926
2306.55493164	36.7175216675
2309.07006836	33.2158508301
2311.58544922	34.6190414429
2314.10058594	33.2550239563
2316.6159668	33.2854270935
2319.13110352	34.7580184937
2321.64624023	35.285118103
2324.16162109	32.4005737305
2326.67675781	35.206199646
2329.19213867	38.663105011
2331.70727539	46.4984893799
2334.22265625	54.9167861938
2336.73779297	52.5858421326
2339.25292969	40.4794502258
2341.76831055	36.5217704773
2344.28344727	35.0840988159
2346.79882813	35.0871429443
2349.31396484	34.5999832153
2351.8293457	37.023891449
2354.34448242	39.3235931396
2356.85986328	32.3383750916
2359.375	31.4302330017
2361.89013672	38.6719818115
2364.40551758	34.19871521
2366.9206543	39.8258094788
2369.43603516	36.9649543762
2371.95117188	35.1159439087
2374.46655273	38.675113678
2376.98168945	37.9627151489
2379.49707031	37.604385376
2382.01220703	38.4355163574
2384.52734375	42.0472221375
2387.04272461	37.4506416321
2389.55786133	38.1254920959
2392.07324219	42.0656166077
2394.58837891	46.214050293
2397.10375977	41.1086387634
2399.61889648	38.5899810791
2402.1340332	40.6345443726
2404.64941406	42.3412094116
2407.16455078	44.6585235596
2409.67993164	48.37940979
2412.19506836	46.1555328369
2414.71044922	47.6844673157
2417.22558594	53.0240592957
2419.7409668	52.9380569458
2422.25610352	57.120426178
2424.77124023	62.7475395203
2427.28662109	62.8114051819
2429.80175781	66.2036590576
2432.31713867	76.4137115479
2434.83227539	90.2528839111
2437.34765625	91.6096496582
2439.86279297	101.037696838
2442.37792969	106.777282715
2444.89331055	100.918701172
2447.40844727	96.5001678467
2449.92382813	98.9155426025
2452.43896484	90.7834625244
2454.9543457	89.6008377075
2457.46948242	82.8730392456
2459.98486328	80.8760910034
2462.5	80.3236923218
2465.01513672	78.0242385864
2467.53051758	76.5146026611
2470.0456543	78.1054534912
2472.56103516	74.8684692383
2475.07617188	70.6263198853
2477.59155273	68.1539993286
2480.10668945	66.9811630249
2482.62207031	68.1854248047
2485.13720703	69.1323928833
2487.65234375	70.3559951782
2490.16772461	63.8135185242
2492.68286133	59.6039237976
2495.19824219	58.4797019958
2497.71337891	62.1420936584
2500.22875977	61.1479759216
2502.74389648	60.0780143738
2505.2590332	58.8154144287
2507.77441406	60.7968482971
2510.28955078	64.1154251099
2512.80493164	60.9167785645
2515.32006836	57.1123695374
2517.83544922	58.2999076843
2520.35058594	59.4913215637
2522.8659668	60.9199028015
2525.38110352	62.3173179626
2527.89624023	59.775554657
2530.41162109	61.1823310852
2532.92675781	59.5515518188
2535.44213867	58.6058654785
2537.95727539	62.454120636
2540.47265625	64.7297134399
2542.98779297	65.8655471802
2545.50292969	63.6243896484
2548.01831055	57.9386825562
2550.53344727	59.4842147827
2553.04882813	59.6773452759
2555.56396484	62.4018287659
2558.0793457	59.603225708
2560.59448242	60.1959991455
2563.10986328	62.9769020081
2565.625	59.5633239746
2568.14013672	63.9072189331
2570.65551758	63.8339881897
2573.1706543	68.3919143677
2575.68603516	67.4948272705
2578.20117188	68.8808288574
2580.71655273	68.369102478
2583.23168945	67.4906463623
2585.74707031	67.2706832886
2588.26220703	71.4908065796
2590.77734375	68.945640564
2593.29272461	75.0951919556
2595.80786133	78.433052063
2598.32324219	77.9760513306
2600.83837891	84.3985519409
2603.35375977	88.9167480469
2605.86889648	86.5156860352
2608.3840332	85.7488632202
2610.89941406	94.1629867554
2613.41455078	94.5419311523
2615.92993164	101.675018311
2618.44506836	101.468849182
2620.96044922	108.971153259
2623.47558594	112.641029358
2625.9909668	114.682975769
2628.50610352	118.442443848
2631.02124023	126.398750305
2633.53662109	125.271217346
2636.05175781	136.000213623
2638.56713867	140.060653687
2641.08227539	144.245605469
2643.59765625	156.936065674
2646.11279297	163.797927856
2648.62792969	168.062301636
2651.14331055	181.654708862
2653.65844727	189.819747925
2656.17382813	200.475784302
2658.68896484	224.364578247
2661.2043457	235.834060669
2663.71948242	241.380355835
2666.23486328	263.254180908
2668.75	277.919189453
2671.26513672	290.420562744
2673.78051758	305.087768555
2676.2956543	318.965820313
2678.81103516	334.41595459
2681.32617188	356.407623291
2683.84155273	370.565246582
2686.35668945	388.284606934
2688.87207031	390.052490234
2691.38720703	405.72064209
2693.90234375	415.147949219
2696.41772461	430.727905273
2698.93286133	432.240661621
2701.44824219	433.341796875
2703.96337891	454.108276367
2706.47875977	455.288513184
2708.99389648	463.934448242
2711.5090332	476.846893311
2714.02441406	479.134094238
2716.53955078	488.518218994
2719.05493164	493.115539551
2721.57006836	481.455444336
2724.08544922	468.187530518
2726.60058594	466.93258667
2729.1159668	435.321960449
2731.63110352	410.744049072
2734.14624023	381.760925293
2736.66162109	347.387329102
2739.17675781	329.666107178
2741.69213867	297.405853271
2744.20727539	278.62689209
2746.72265625	254.949310303
2749.23779297	226.730987549
2751.75292969	208.295349121
2754.26831055	189.027420044
2756.78344727	173.651779175
2759.29882813	154.73600769
2761.81396484	143.543289185
2764.3293457	137.569351196
2766.84448242	128.604171753
2769.35986328	117.546188354
2771.875	115.934814453
2774.39013672	111.227416992
2776.90551758	110.032798767
2779.4206543	111.789787292
2781.93603516	102.438575745
2784.45117188	96.4090957642
2786.96655273	94.6819000244
2789.48168945	87.312286377
2791.99707031	84.772354126
2794.51220703	84.6893157959
2797.02734375	83.829788208
2799.54272461	82.1423797607
2802.05786133	82.4126358032
2804.57324219	80.0103759766
2807.08837891	79.8951339722
2809.60375977	82.8591995239
2812.11889648	80.8768997192
2814.6340332	76.4991989136
2817.14941406	74.176612854
2819.66455078	76.6241455078
2822.17993164	69.3388595581
2824.69506836	73.8765182495
2827.21044922	70.0270080566
2829.72558594	72.4368438721
2832.2409668	73.3451309204
2834.75610352	73.541595459
2837.27124023	70.7601699829
2839.78662109	69.0122070313
2842.30175781	73.4601364136
2844.81713867	73.4383850098
2847.33227539	68.7076416016
2849.84765625	69.4965057373
2852.36279297	68.4882888794
2854.87792969	66.6056747437
2857.39331055	62.8486671448
2859.90844727	62.5491523743
2862.42382813	64.3160705566
2864.93896484	64.4169998169
2867.4543457	64.586227417
2869.96948242	67.1255493164
2872.48486328	70.7006454468
2875	68.4477844238
2877.51513672	68.8590316772
2880.03051758	64.0136184692
2882.5456543	67.2570419312
2885.06103516	68.4727630615
2887.57617188	63.5074195862
2890.09155273	71.2577590942
2892.60668945	71.0898666382
2895.12207031	69.8121948242
2897.63720703	71.7426528931
2900.15234375	68.5449981689
2902.66772461	75.051361084
2905.18286133	68.5382766724
2907.69824219	67.2734985352
2910.21337891	67.0822601318
2912.72875977	74.2382888794
2915.24389648	65.9736404419
2917.7590332	69.8077850342
2920.27441406	72.0964355469
2922.78955078	74.6999740601
2925.30493164	74.5458145142
2927.82006836	71.8700180054
2930.33544922	70.7876281738
2932.85058594	74.7771377563
2935.3659668	76.0465011597
2937.88110352	75.5255584717
2940.39624023	74.5276947021
2942.91162109	73.7956619263
2945.42675781	72.9498443604
2947.94213867	72.836769104
2950.45727539	76.009262085
2952.97265625	78.0070800781
2955.48779297	81.1184692383
2958.00292969	77.605682373
2960.51831055	76.2630157471
2963.03344727	76.9746856689
2965.54882813	70.9742507935
2968.06396484	64.6657714844
2970.5793457	68.392074585
2973.09448242	67.0123519897
2975.60986328	66.265953064
2978.125	67.660697937
2980.64013672	62.4402351379
2983.15551758	72.0106582642
2985.6706543	68.5705032349
2988.18603516	60.1899795532
2990.70117188	62.1871986389
2993.21655273	62.4087944031
2995.73168945	61.3778686523
2998.24707031	64.2156829834
3000.76220703	67.6074447632
3003.27734375	58.3645706177
3005.79272461	59.5047454834
3008.30786133	59.5783958435
3010.82324219	57.7996330261
3013.33837891	62.9448471069
3015.85375977	61.0926513672
3018.36889648	59.1000061035
3020.8840332	56.5595397949
3023.39941406	60.9351387024
3025.91455078	61.6493148804
3028.42993164	58.5846443176
3030.94506836	59.6712417603
3033.46044922	58.0520057678
3035.97558594	61.302696228
3038.4909668	60.4597892761
3041.00610352	63.0834693909
3043.52124023	62.554271698
3046.03662109	61.078830719
3048.55175781	64.1427764893
3051.06713867	63.7066612244
3053.58227539	60.9574890137
3056.09765625	60.8770751953
3058.61279297	59.7969398499
3061.12792969	62.0746803284
3063.64331055	58.2625045776
3066.15844727	57.4217987061
3068.67382813	58.6203956604
3071.18896484	59.3206977844
3073.7043457	59.5426521301
3076.21948242	59.1938858032
3078.73486328	61.845199585
3081.25	57.6174316406
3083.76513672	59.3935852051
3086.28051758	57.9745101929
3088.7956543	58.099521637
3091.31103516	63.3322257996
3093.82617188	62.3854751587
3096.34155273	60.674407959
3098.85668945	65.1472015381
3101.37207031	61.9762687683
3103.88720703	61.3928184509
3106.40234375	59.5532073975
3108.91772461	54.9395751953
3111.43286133	51.4874076843
3113.94824219	54.7017822266
3116.46337891	59.2649040222
3118.97875977	57.9059791565
3121.49389648	61.7448768616
3124.0090332	58.4921188354
3126.52441406	55.766292572
3129.03955078	63.979839325
3131.55493164	62.1698303223
3134.07006836	62.4544296265
3136.58544922	63.9448394775
3139.10058594	63.1330718994
3141.6159668	60.2641296387
3144.13110352	58.3778266907
3146.64624023	61.1528930664
3149.16162109	60.7628364563
3151.67675781	60.3531913757
3154.19213867	58.8422164917
3156.70727539	59.7758827209
3159.22265625	70.6441955566
3161.73779297	62.2133102417
3164.25292969	58.4969444275
3166.76831055	64.9154586792
3169.28344727	65.8789367676
3171.79882813	66.6259689331
3174.31396484	65.2706680298
3176.8293457	71.0399169922
3179.34448242	69.3007507324
3181.85986328	72.3522796631
3184.375	60.782245636
3186.89013672	57.8917236328
3189.40551758	63.1367301941
3191.9206543	64.0181045532
3194.43603516	64.3211135864
3196.95117188	61.1409225464
3199.46655273	62.9172172546
3201.98168945	61.7736930847
3204.49707031	61.6626739502
3207.01220703	58.7241439819
3209.52734375	66.1383209229
3212.04272461	70.0289230347
3214.55786133	69.0453186035
3217.07324219	68.8637008667
3219.58837891	76.388671875
3222.10375977	75.1613464355
3224.61889648	79.8156890869
3227.1340332	88.7832794189
3229.64941406	96.2401885986
3232.16455078	95.2075042725
3234.67993164	118.957862854
3237.19506836	121.949058533
3239.71044922	125.228622437
3242.22558594	125.922668457
3244.7409668	132.937744141
3247.25610352	137.457611084
3249.77124023	118.733375549
3252.28662109	102.360176086
3254.80175781	95.738571167
3257.31713867	91.1237869263
3259.83227539	80.7033920288
3262.34765625	73.1687316895
3264.86279297	70.6710205078
3267.37792969	68.9718017578
3269.89331055	65.2654190063
3272.40844727	61.9108810425
3274.92382813	59.8993301392
3277.43896484	65.7470855713
3279.9543457	67.6268997192
3282.46948242	66.1254196167
3284.98486328	61.8281555176
3287.5	63.2825508118
3290.01513672	61.8150978088
3292.53051758	61.9019546509
3295.0456543	72.854133606
3297.56103516	62.0373344421
3300.07617188	64.4268951416
3302.59155273	62.6809883118
3305.10668945	59.2202262878
3307.62207031	58.7832374573
3310.13720703	62.4481811523
3312.65234375	63.6200180054
3315.16772461	61.3939361572
3317.68286133	59.0049514771
3320.19824219	61.8723487854
3322.71337891	65.2239837646
3325.22875977	60.1634559631
3327.74389648	63.6968955994
3330.2590332	64.2479476929
3332.77441406	61.8914070129
3335.28955078	59.7178421021
3337.80493164	62.1116104126
3340.32006836	57.4852294922
3342.83544922	63.3434257507
3345.35058594	65.2308731079
3347.8659668	60.5674819946
3350.38110352	57.1187973022
3352.89624023	62.5473480225
3355.41162109	61.459487915
3357.92675781	57.8586082458
3360.44213867	65.5964355469
3362.95727539	61.5973014832
3365.47265625	64.2504425049
3367.98779297	65.7287979126
3370.50292969	64.9173965454
3373.01831055	64.2268981934
3375.53344727	65.9942245483
3378.04882813	72.5605926514
3380.56396484	68.1797561646
3383.0793457	64.6492614746
3385.59448242	60.7371673584
3388.10986328	63.991985321
3390.625	57.7660942078
3393.14013672	67.517288208
3395.65551758	64.8730545044
3398.1706543	64.1904449463
3400.68603516	66.6268920898
3403.20117188	71.0423812866
3405.71655273	63.1460227966
3408.23168945	68.0169906616
3410.74707031	61.8455543518
3413.26220703	62.4089736938
3415.77734375	68.6169281006
3418.29272461	61.4725723267
3420.80786133	62.8955116272
3423.32324219	62.5016212463
3425.83837891	67.428352356
3428.35375977	64.3062667847
3430.86889648	67.4283676147
3433.3840332	67.6835632324
3435.89941406	64.0210494995
3438.41455078	62.4545211792
3440.92993164	63.1470413208
3443.44506836	59.226852417
3445.96044922	66.0749130249
3448.47558594	61.4346847534
3450.9909668	64.3296966553
3453.50610352	61.085849762
3456.02124023	67.8551864624
3458.53662109	65.816619873
3461.05175781	64.3524856567
3463.56713867	60.3987007141
3466.08227539	61.0502510071
3468.59765625	67.1151199341
3471.11279297	60.6832542419
3473.62792969	66.1545333862
3476.14331055	64.4314422607
3478.65844727	68.6451187134
3481.17382813	65.6486816406
3483.68896484	57.6279411316
3486.2043457	67.5208892822
3488.71948242	66.2268981934
3491.23486328	67.7773742676
3493.75	69.3681869507
3496.26513672	63.0261955261
3498.78051758	64.7172012329
3501.2956543	67.5381088257
3503.81103516	66.7294616699
3506.32617188	62.1381111145
3508.84155273	61.8688392639
3511.35668945	72.772567749
3513.87207031	72.2604827881
3516.38720703	68.8294448853
3518.90234375	61.7876014709
3521.41772461	60.1504707336
3523.93286133	64.70703125
3526.44824219	63.693561554
3528.96337891	61.9365501404
3531.47875977	61.3720016479
3533.99389648	68.9477462769
3536.5090332	71.600769043
3539.02441406	64.2193832397
3541.53955078	70.2643051147
3544.05493164	70.4312744141
3546.57006836	71.2826080322
3549.08544922	68.3945465088
3551.60058594	62.3663024902
3554.1159668	66.284866333
3556.63110352	68.0301055908
3559.14624023	66.1394577026
3561.66162109	70.9805908203
3564.17675781	75.2888793945
3566.69213867	68.8929977417
3569.20727539	65.8415985107
3571.72265625	64.2591323853
3574.23779297	62.0915489197
3576.75292969	67.2145996094
3579.26831055	66.3385696411
3581.78344727	72.7132797241
3584.29882813	67.9016113281
3586.81396484	68.6124191284
3589.3293457	66.8844299316
3591.84448242	67.4047622681
3594.35986328	67.2048187256
3596.875	65.5825119019
3599.39013672	67.2647247314
3601.90551758	68.8974914551
3604.4206543	70.1227035522
3606.93603516	70.7898788452
3609.45117188	66.5077819824
3611.96655273	69.685333252
3614.48168945	71.0916671753
3616.99707031	66.155166626
3619.51220703	65.3957366943
3622.02734375	68.3721237183
3624.54272461	65.8441314697
3627.05786133	71.0035171509
3629.57324219	65.9383926392
3632.08837891	69.6739730835
3634.60375977	70.1836090088
3637.11889648	66.0430603027
3639.6340332	65.1777191162
3642.14941406	66.5129928589
3644.66455078	70.4536437988
3647.17993164	70.3162460327
3649.69506836	71.6468887329
3652.21044922	72.879196167
3654.72558594	71.8280410767
3657.2409668	72.3582077026
3659.75610352	70.4016723633
3662.27124023	65.7675704956
3664.78662109	64.4779663086
3667.30175781	69.8863525391
3669.81713867	64.1815109253
3672.33227539	77.4475860596
3674.84765625	71.2172622681
3677.36279297	70.8268966675
3679.87792969	71.7838592529
3682.39331055	68.6142349243
3684.90844727	70.4352111816
3687.42382813	68.3076705933
3689.93896484	65.5841217041
3692.4543457	69.9960021973
3694.96948242	71.2023239136
3697.48486328	73.347114563
3700	68.2523727417
