400	38.0156097412
402.515258789	36.4968338013
405.030487061	34.8407554626
407.54574585	41.8799438477
410.060974121	39.9313583374
412.57623291	43.105140686
415.091461182	37.9856834412
417.606719971	32.2981719971
420.121948242	35.7325592041
422.637207031	35.2447624207
425.152435303	37.1204719543
427.667694092	39.4574127197
430.182922363	41.8260383606
432.698181152	41.3263702393
435.213409424	31.0620288849
437.728668213	32.9426879883
440.243896484	36.5201454163
442.759155273	38.0487098694
445.274383545	36.7856407166
447.789642334	34.553440094
450.304870605	36.3486671448
452.820129395	31.8295898438
455.335357666	37.1525497437
457.850616455	40.9250946045
460.365844727	35.2519950867
462.881103516	37.7033042908
465.396331787	32.1507568359
467.911590576	31.6836929321
470.426818848	33.9954109192
472.942077637	34.7262840271
475.457305908	30.4432544708
477.972564697	36.9910125732
480.487792969	47.9732170105
483.003051758	50.2531089783
485.518280029	48.2659950256
488.033538818	47.504070282
490.54876709	42.5866241455
493.064025879	35.9323272705
495.57925415	34.9300689697
498.094512939	34.54322052
500.609741211	33.6986427307
503.125	34.2521896362
505.640258789	30.1474437714
508.155487061	27.3225593567
510.67074585	31.091299057
513.185974121	31.8656311035
515.70123291	26.0118618011
518.216491699	26.9983100891
520.731689453	28.313451767
523.246948242	27.4418010712
525.762207031	26.9864788055
528.27746582	26.0433082581
530.792663574	24.233757019
533.307922363	31.809217453
535.823181152	30.577293396
538.338439941	23.8165206909
540.853637695	25.1858882904
543.368896484	31.1893749237
545.884155273	23.1774673462
548.399414063	22.8475513458
550.914611816	27.6019115448
553.429870605	30.0254173279
555.945129395	28.1117076874
558.460388184	24.7329063416
560.975585938	28
563.490844727	28
566.006103516	27.3378505707
568.521362305	27.6845912933
571.036560059	28.2736682892
573.551818848	27.1421890259
576.067077637	22.1751708984
578.582336426	29.1853637695
581.09753418	28.4954738617
583.612792969	25.3640899658
586.128051758	23.9659786224
588.643310547	26.1134433746
591.158508301	31.4204998016
593.67376709	29.183216095
596.189025879	28.2801647186
598.704284668	30.0867481232
601.219482422	32.2897377014
603.734741211	30.7959384918
606.25	25.1516361237
608.765258789	29.3978004456
611.280517578	32.0452919006
613.795715332	29.7531795502
616.310974121	23.8457794189
618.82623291	19.4622631073
621.341491699	24.6205863953
623.856689453	26.9718341827
626.371948242	29.5398254395
628.887207031	31.4838428497
631.40246582	31.4917697906
633.917663574	28.7713565826
636.432922363	23.6079349518
638.948181152	26.9716339111
641.463439941	28.2861385345
643.978637695	29.168056488
646.493896484	29.7920646667
649.009155273	27.4452018738
651.524414063	30.283290863
654.039611816	31.3418464661
656.554870605	31.2537651062
659.070129395	32.8137588501
661.585388184	34.9050254822
664.100585938	33.0165023804
666.615844727	29.1703033447
669.131103516	28.7999992371
671.646362305	31.0539302826
674.161560059	35.0078125
676.676818848	38.1465988159
679.192077637	37.3742027283
681.707336426	32.3490715027
684.22253418	33.2473487854
686.737792969	38.5407028198
689.253051758	37.5889358521
691.768310547	33.7422103882
694.283508301	35.9732818604
696.79876709	35.8055038452
699.314025879	37.9103126526
701.829284668	35.0144920349
704.344482422	36.4406433105
706.859741211	40.0649490356
709.375	39.2299003601
711.890258789	32.611579895
714.405517578	33.4527130127
716.920715332	39.5649528503
719.435974121	41.0230369568
721.95123291	41.0543365479
724.466491699	41.142993927
726.981689453	35.391254425
729.496948242	38.0873374939
732.012207031	43.0162506104
734.52746582	40.0184631348
737.042663574	38.5224075317
739.557922363	41.5668563843
742.073181152	43.5063400269
744.588439941	42.8312225342
747.103637695	38.1332321167
749.618896484	38.038230896
752.134155273	41.3637962341
754.649414063	42.2386131287
757.164611816	39.5334434509
759.679870605	44.3580703735
762.195129395	37.0859985352
764.710388184	37.0066757202
767.225585938	40.7895469666
769.740844727	42.9065475464
772.256103516	43.8493843079
774.771362305	48.1404190063
777.286560059	44.4137153625
779.801818848	38.6093215942
782.317077637	43.9154129028
784.832336426	44.9368400574
787.34753418	41.8588943481
789.862792969	42.1463088989
792.378051758	46.2527084351
794.893310547	47.4408149719
797.408508301	48.0411262512
799.92376709	44.3433265686
802.439025879	42.0336914063
804.954284668	43.5064544678
807.469482422	45.293926239
809.984741211	42.061504364
812.5	41.4995193481
815.015258789	48.7947044373
817.530517578	48.7729415894
820.045715332	48.9692497253
822.560974121	52.9063606262
825.07623291	49.5785636902
827.591491699	51.2831726074
830.106689453	50.4476623535
832.621948242	46.1958045959
835.137207031	45.6941947937
837.65246582	48.0321731567
840.167663574	48.9545478821
842.682922363	47.7807388306
845.198181152	44.5378036499
847.713439941	48.638633728
850.228637695	50.4954681396
852.743896484	52.0317878723
855.259155273	52.0861473083
857.774414063	49.8030014038
860.289611816	51.6925315857
862.804870605	53.7447280884
865.320129395	52.0513687134
867.835388184	50.431678772
870.350585938	50.1690444946
872.865844727	49.2021064758
875.381103516	46.5829811096
877.896362305	48.3252334595
880.411560059	46.2676010132
882.926818848	43.9123649597
885.442077637	42.3554763794
887.957336426	41.2464561462
890.47253418	38.8742790222
892.987792969	36.3035240173
895.503051758	41.0959854126
898.018310547	33.8801193237
900.533508301	38.28150177
903.04876709	40
905.564025879	38.8629989624
908.079284668	35.4655838013
910.594482422	31.7797985077
913.109741211	34.2644729614
915.625	35.2973098755
918.140258789	31.8331604004
920.655517578	30.7999992371
923.170715332	29.7043037415
925.685974121	28.3841686249
928.20123291	29.1967792511
930.716491699	33.2659645081
933.231689453	31.886133194
935.746948242	36.652973175
938.262207031	33.7668800354
940.77746582	29.3364944458
943.292663574	27.2797813416
945.807922363	29.9201908112
948.323181152	35.5592842102
950.838439941	25.7088794708
953.353637695	31.929889679
955.868896484	30.4076576233
958.384155273	28.8150520325
960.899414063	31.4601802826
963.414611816	33.0542488098
965.929870605	28.7268371582
968.445129395	30.3989009857
970.960388184	34.0363998413
973.475585938	34.0878944397
975.990844727	31.2827835083
978.506103516	29.3887214661
981.021362305	29.9917888641
983.536560059	29.4097633362
986.051818848	23.6416606903
988.567077637	29.8894863129
991.082336426	31.7064990997
993.59753418	29.2578468323
996.112792969	27.1370544434
998.628051758	26.3080291748
1001.14331055	25.6074428558
1003.6585083	24.9956817627
1006.17376709	27.3177242279
1008.68902588	26.2740459442
1011.20428467	31.2147598267
1013.71948242	28.1862049103
1016.23474121	26.3101406097
1018.75	29.773765564
1021.26525879	32.4670829773
1023.78051758	27.7670707703
1026.29577637	27.4900455475
1028.81103516	24.8731384277
1031.32617188	30.5394592285
1033.84143066	31.8074359894
1036.35668945	31.3890781403
1038.87194824	30.1584796906
1041.38720703	30.6830806732
1043.90246582	35.6086883545
1046.41772461	32.1388206482
1048.9329834	29.6908454895
1051.44812012	33.0990219116
1053.96337891	30.5858478546
1056.4786377	29.4326324463
1058.99389648	30.0417442322
1061.50915527	29.4746513367
1064.02441406	28.5118808746
1066.53967285	27.949716568
1069.05493164	26.0219917297
1071.57006836	29.059803009
1074.08532715	28.6939277649
1076.60058594	29.3780632019
1079.11584473	31.088722229
1081.63110352	31.1161117554
1084.1463623	28.9431629181
1086.66162109	26.6411018372
1089.17687988	27.5193691254
1091.6920166	27.2806472778
1094.20727539	27.0645465851
1096.72253418	27.7792682648
1099.23779297	28.3999996185
1101.75305176	28.9685230255
1104.26831055	30.2784118652
1106.78356934	30.2350959778
1109.29882813	26.007194519
1111.81396484	22.7854423523
1114.32922363	26.65533638
1116.84448242	28.2800426483
1119.35974121	27.8149261475
1121.875	27.3273162842
1124.39025879	26.463262558
1126.90551758	24.7870788574
1129.42077637	28.7435626984
1131.93603516	23.9748954773
1134.45117188	27.2842979431
1136.96643066	25.7599430084
1139.48168945	23.6389064789
1141.99694824	24.5398139954
1144.51220703	26.6000003815
1147.02746582	26.0101890564
1149.54272461	23.5348587036
1152.0579834	22.8267707825
1154.57312012	19.2220954895
1157.08837891	23.7589626312
1159.6036377	27.3434810638
1162.11889648	25.8560771942
1164.63415527	23.241941452
1167.14941406	23.6766433716
1169.66467285	24.5198230743
1172.17993164	20.5607318878
1174.69506836	26.2397460938
1177.21032715	23.1083259583
1179.72558594	20.6738624573
1182.24084473	19.3926429749
1184.75610352	21.4786911011
1187.2713623	23.2307281494
1189.78662109	22.4931087494
1192.30187988	23.8978424072
1194.8170166	23.9490661621
1197.33227539	16.2980442047
1199.84753418	21.6279392242
1202.36279297	21.35430336
1204.87805176	25.092830658
1207.39331055	25.4804019928
1209.90856934	23.5955085754
1212.42382813	23.7983856201
1214.93896484	23.1932926178
1217.45422363	24.675743103
1219.96948242	20.5701732635
1222.48474121	28.26820755
1225	31.6950149536
1227.51525879	27.9123477936
1230.03051758	27.4307250977
1232.54577637	27.9162425995
1235.06103516	26.8431949615
1237.57617188	28.8477611542
1240.09143066	31.2000007629
1242.60668945	31.1777381897
1245.12194824	27.4207839966
1247.63720703	27.4770812988
1250.15246582	27.4618530273
1252.66772461	27.8692684174
1255.1829834	28.4894390106
1257.69812012	28.8756866455
1260.21337891	29.4950866699
1262.7286377	30.5936546326
1265.24389648	29.3651618958
1267.75915527	26.3139858246
1270.27441406	34.6686248779
1272.78967285	34.628238678
1275.30493164	34.8602561951
1277.82006836	33.8591079712
1280.33532715	30.6044559479
1282.85058594	30.7082271576
1285.36584473	36.4177703857
1287.88110352	38.334980011
1290.3963623	36.062587738
1292.91162109	40.3825759888
1295.42687988	37.6912345886
1297.9420166	36.5950813293
1300.45727539	45.4653129578
1302.97253418	46.8524589539
1305.48779297	45.0271072388
1308.00305176	44.69896698
1310.51831055	44.4002990723
1313.03356934	51.2887229919
1315.54882813	57.6783752441
1318.06396484	56.0526123047
1320.57922363	63.1636238098
1323.09448242	66.9980392456
1325.60974121	71.612159729
1328.125	74.8034362793
1330.64025879	83.5248260498
1333.15551758	89.7121810913
1335.67077637	95.8619613647
1338.18603516	116.26675415
1340.70117188	114.398300171
1343.21643066	129.383377075
1345.73168945	141.705795288
1348.24694824	142.800003052
1350.76220703	150.851165771
1353.27746582	155.843475342
1355.79272461	158.527923584
1358.3079834	156.719345093
1360.82312012	150.981750488
1363.33837891	145.471588135
1365.8536377	137.947845459
1368.36889648	127.079467773
1370.88415527	123.626556396
1373.39941406	112.055236816
1375.91467285	105.608825684
1378.42993164	89.2682800293
1380.94506836	82.8957748413
1383.46032715	76.4410018921
1385.97558594	70.8396148682
1388.49084473	65.5632629395
1391.00610352	57.9238128662
1393.5213623	60.0345115662
1396.03662109	57.7607688904
1398.55187988	51.5544319153
1401.0670166	44.0777130127
1403.58227539	48.8742752075
1406.09753418	43.4679870605
1408.61279297	45.9165496826
1411.12805176	45.5602531433
1413.64331055	42.7265129089
1416.15856934	41.6052856445
1418.67382813	39.4560699463
1421.18896484	38.0044059753
1423.70422363	44.3424682617
1426.21948242	40.3664054871
1428.73474121	43.2934837341
1431.25	40.9296073914
1433.76525879	41.5571212769
1436.28051758	34.8066177368
1438.79577637	35.0219497681
1441.31103516	36.6908035278
1443.82617188	37.1551208496
1446.34143066	37.4205665588
1448.85668945	36.6813240051
1451.37194824	36.9562072754
1453.88720703	39.2637939453
1456.40246582	40.8697471619
1458.91772461	38.4832420349
1461.4329834	38.4000015259
1463.94812012	46.7805747986
1466.46337891	46.4795570374
1468.9786377	44.5684700012
1471.49389648	43.3229827881
1474.00915527	46.8657836914
1476.52441406	49.3397598267
1479.03967285	45.6249008179
1481.55493164	43.4524269104
1484.07006836	43.1671409607
1486.58532715	44.5138053894
1489.10058594	49.8123092651
1491.61584473	50.9187240601
1494.13110352	51.512714386
1496.6463623	49.5796394348
1499.16162109	48.8600311279
1501.67687988	51.4162788391
1504.1920166	54.3110084534
1506.70727539	54.9298400879
1509.22253418	54.7155075073
1511.73779297	53.5437545776
1514.25305176	52.5747833252
1516.76831055	60.9688911438
1519.28356934	62.3714256287
1521.79882813	58.2073478699
1524.31396484	58.5775375366
1526.82922363	66.4316864014
1529.34448242	73.014831543
1531.85974121	74.6890411377
1534.375	75.7094268799
1536.89025879	76.5459899902
1539.40551758	79.8245620728
1541.92077637	86.4270935059
1544.43603516	94.365020752
1546.95117188	100.863922119
1549.46643066	105.552307129
1551.98168945	116.980613708
1554.49694824	131.60697937
1557.01220703	154.171554565
1559.52746582	198.249908447
1562.04272461	216.600708008
1564.5579834	270.742126465
1567.07312012	328.373016357
1569.58837891	417.261901855
1572.1036377	517.354980469
1574.61889648	660.013916016
1577.13415527	840.765380859
1579.64941406	1023.02313232
1582.16467285	1170.79174805
1584.67993164	1212.3380127
1587.19506836	1127.07385254
1589.71032715	1001.94866943
1592.22558594	799.940490723
1594.74084473	634.121948242
1597.25610352	508.234985352
1599.7713623	393.161865234
1602.28662109	315.132751465
1604.80187988	265.463195801
1607.3170166	229.569259644
1609.83227539	195.304626465
1612.34753418	175.823257446
1614.86279297	162.551773071
1617.37805176	146.923721313
1619.89331055	138.206268311
1622.40856934	132.615310669
1624.92382813	126.630134583
1627.43896484	114.502975464
1629.95422363	104.882675171
1632.46948242	96.7005233765
1634.98474121	92.0100784302
1637.5	78.1666107178
1640.01525879	68.5777206421
1642.53051758	62.0394592285
1645.04577637	58.0281181335
1647.56103516	55.0371513367
1650.07617188	56.2581062317
1652.59143066	54.4855041504
1655.10668945	52.4558906555
1657.62194824	49.2360992432
1660.13720703	45.1157798767
1662.65246582	46.2852096558
1665.16772461	42.3306007385
1667.6829834	43.4499130249
1670.19812012	41.3259162903
1672.71337891	43.5727233887
1675.2286377	43.1547584534
1677.74389648	39.381275177
1680.25915527	44.5900993347
1682.77441406	40.8200492859
1685.28967285	39.0561599731
1687.80493164	35.2909469604
1690.32006836	37.6494636536
1692.83532715	37.6615524292
1695.35058594	40.450214386
1697.86584473	43.5023651123
1700.38110352	41.0368003845
1702.8963623	37.2730102539
1705.41162109	36.8306274414
1707.92687988	36.3353233337
1710.4420166	32.8404922485
1712.95727539	34.2383956909
1715.47253418	34.0371284485
1717.98779297	32.604598999
1720.50305176	40.73960495
1723.01831055	33.911239624
1725.53356934	35.1065597534
1728.04882813	36.965587616
1730.56396484	37.0335769653
1733.07922363	35.4356575012
1735.59448242	32.8036613464
1738.10974121	33.6383247375
1740.625	35.2864990234
1743.14025879	36.1505508423
1745.65551758	38.7559928894
1748.17077637	39.6312713623
1750.68603516	38.5756340027
1753.20117188	39.1912117004
1755.71643066	38.2200279236
1758.23168945	36.0299720764
1760.74694824	37.5506134033
1763.26220703	36.2000007629
1765.77746582	36.2312583923
1768.29272461	36.0688285828
1770.8079834	33.5035552979
1773.32312012	35.0349006653
1775.83837891	36.7537536621
1778.3536377	38.2872047424
1780.86889648	37.5149765015
1783.38415527	35.8865509033
1785.89941406	34.9625244141
1788.41467285	31.7871952057
1790.92993164	29.3803310394
1793.44506836	32.9336776733
1795.96032715	30.3829708099
1798.47558594	28.0651283264
1800.99084473	29.3711547852
1803.50610352	27.3123435974
1806.0213623	28.3232498169
1808.53662109	31.672668457
1811.05187988	29.9495639801
1813.5670166	30.1333026886
1816.08227539	28.9453868866
1818.59753418	26.8551311493
1821.11279297	28.925535202
1823.62805176	31.0095005035
1826.14331055	28.6568069458
1828.65856934	31.8491897583
1831.17382813	33.6297912598
1833.68896484	24.3069248199
1836.20422363	29.6962757111
1838.71948242	31.3096046448
1841.23474121	35.7509918213
1843.75	28.3780784607
1846.26525879	30.6966094971
1848.78051758	27.4183044434
1851.29577637	28.5277843475
1853.81103516	29.0551719666
1856.32617188	25.2805347443
1858.84143066	30.2683639526
1861.35668945	27.2386627197
1863.87194824	28.9281024933
1866.38720703	29.9202766418
1868.90246582	26.6779518127
1871.41772461	28.6999111176
1873.9329834	30.522851944
1876.44812012	29.3663063049
1878.96337891	29.3702049255
1881.4786377	29.5608577728
1883.99389648	29.9632816315
1886.50915527	28.7720012665
1889.02441406	28.8933639526
1891.53967285	28.0448455811
1894.05493164	28.0840930939
1896.57006836	27.2751636505
1899.08532715	25.6528339386
1901.60058594	26.7585105896
1904.11584473	33.1385993958
1906.63110352	29.8430194855
1909.1463623	30.7683506012
1911.66162109	28.6321620941
1914.17687988	30.1306686401
1916.6920166	27.2276287079
1919.20727539	33.8458404541
1921.72253418	30.0577468872
1924.23779297	32.10729599
1926.75305176	29.9781894684
1929.26831055	30.8273620605
1931.78356934	32.8861656189
1934.29882813	31.6227264404
1936.81396484	28.7132568359
1939.32922363	32.4868965149
1941.84448242	33.6699066162
1944.35974121	33.3279571533
1946.875	33.2769851685
1949.39025879	31.9002132416
1951.90551758	27.0303821564
1954.42077637	28.3492889404
1956.93603516	31.8958892822
1959.45117188	30.0082454681
1961.96643066	25.5390872955
1964.48168945	26.585647583
1966.99694824	31.9171199799
1969.51220703	29.4895343781
1972.02746582	28.0256919861
1974.54272461	30.9659023285
1977.0579834	31.8830394745
1979.57312012	35.8890190125
1982.08837891	28.994354248
1984.6036377	30.1134033203
1987.11889648	29.8388633728
1989.63415527	35.3815422058
1992.14941406	36.8220787048
1994.66467285	26.1980304718
1997.17993164	29.6980953217
1999.69506836	31.2793960571
2002.21032715	28.7687568665
2004.72558594	29.4324798584
2007.24084473	34.2582702637
2009.75610352	31.5265865326
2012.2713623	28.576467514
2014.78662109	22.9127025604
2017.30187988	31.8052959442
2019.8170166	28.6414928436
2022.33227539	29.6585845947
2024.84753418	31.751663208
2027.36279297	27.8113327026
2029.87805176	33.5024833679
2032.39331055	37.4781455994
2034.90856934	32.4366989136
2037.42382813	28.8070373535
2039.93896484	31.575006485
2042.45422363	25.3795490265
2044.96948242	29.6870326996
2047.48474121	31.0931282043
2050	28.3789482117
2052.51513672	32.6994819641
2055.03051758	31.6815090179
2057.5456543	29.0239753723
2060.06103516	29.7734966278
2062.57617188	31.1593742371
2065.09155273	34.5096168518
2067.60668945	29.5384063721
2070.12207031	29.1601200104
2072.63720703	33.6733283997
2075.15234375	29.1645107269
2077.66772461	27.9097576141
2080.18286133	32.7548179626
2082.69824219	31.9219760895
2085.21337891	30.1473312378
2087.72875977	29.6509342194
2090.24389648	32.897857666
2092.7590332	27.4364318848
2095.27441406	23.5673866272
2097.78955078	28.0004577637
2100.30493164	25.4718570709
2102.82006836	28.3489627838
2105.33544922	30.2337226868
2107.85058594	26.9034824371
2110.3659668	29.3197288513
2112.88110352	29.1933307648
2115.39624023	29.3094177246
2117.91162109	30.9090938568
2120.42675781	30.6424446106
2122.94213867	28.2063980103
2125.45727539	27.4890460968
2127.97265625	30.8524703979
2130.48779297	29.5548744202
2133.00292969	31.4156112671
2135.51831055	31.6714248657
2138.03344727	30.7590560913
2140.54882813	35.6938476563
2143.06396484	31.3375663757
2145.5793457	29.5954113007
2148.09448242	29.7073879242
2150.60986328	29.5259113312
2153.125	31.5379753113
2155.64013672	30.3448905945
2158.15551758	31.5558433533
2160.6706543	30.6266651154
2163.18603516	28.7796459198
2165.70117188	26.4533672333
2168.21655273	28.7128238678
2170.73168945	31.8176898956
2173.24707031	31.7704486847
2175.76220703	29.4227352142
2178.27734375	30.8888645172
2180.79272461	34.7739830017
2183.30786133	31.7163085938
2185.82324219	30.6209583282
2188.33837891	31.3563251495
2190.85375977	28.5099906921
2193.36889648	29.4333763123
2195.8840332	31.5466270447
2198.39941406	34.8382720947
2200.91455078	29.7337017059
2203.42993164	28.2296295166
2205.94506836	30.9770679474
2208.46044922	31.8804607391
2210.97558594	30.6748790741
2213.4909668	25.9531669617
2216.00610352	27.5736045837
2218.52124023	33.8474884033
2221.03662109	31.3119525909
2223.55175781	26.4645519257
2226.06713867	28.3306217194
2228.58227539	32.6944465637
2231.09765625	28.2325687408
2233.61279297	33.9799613953
2236.12792969	31.9815044403
2238.64331055	32.5083274841
2241.15844727	25.761472702
2243.67382813	31.3937740326
2246.18896484	32.527381897
2248.7043457	35.1110267639
2251.21948242	34.3868637085
2253.73486328	35.7513771057
2256.25	30.780330658
2258.76513672	29.905008316
2261.28051758	31.9736328125
2263.7956543	34.8321418762
2266.31103516	32.4135665894
2268.82617188	34.558719635
2271.34155273	35.2162666321
2273.85668945	34.6718063354
2276.37207031	35.6100540161
2278.88720703	33.5399169922
2281.40234375	35.2290153503
2283.91772461	35.8489112854
2286.43286133	34.2084693909
2288.94824219	34.6004638672
2291.46337891	35.3960990906
2293.97875977	38.2874488831
2296.49389648	33.0326881409
2299.0090332	31.3177108765
2301.52441406	35.8914909363
2304.03955078	35.1470947266
2306.55493164	30.45013237
2309.07006836	33.3657302856
2311.58544922	37.2174453735
2314.10058594	36.7098731995
2316.6159668	35.5025062561
2319.13110352	36.9301567078
2321.64624023	36.2025108337
2324.16162109	37.3029823303
2326.67675781	37.997013092
2329.19213867	42.9412498474
2331.70727539	51.7806968689
2334.22265625	63.618850708
2336.73779297	59.8279647827
2339.25292969	44.2536277771
2341.76831055	37.0561408997
2344.28344727	37.0226173401
2346.79882813	37.2095909119
2349.31396484	35.7141036987
2351.8293457	39.2547836304
2354.34448242	36.6605834961
2356.85986328	37.6975975037
2359.375	36.8945617676
2361.89013672	38.7728309631
2364.40551758	38.9269104004
2366.9206543	42.8566970825
2369.43603516	35.9859695435
2371.95117188	38.8986473083
2374.46655273	36.8227615356
2376.98168945	44.5623970032
2379.49707031	39.6333389282
2382.01220703	41.3634376526
2384.52734375	41.8894805908
2387.04272461	42.6908531189
2389.55786133	43.2518234253
2392.07324219	42.2073669434
2394.58837891	41.2600669861
2397.10375977	43.5818786621
2399.61889648	46.8341674805
2402.1340332	46.7586898804
2404.64941406	48.021446228
2407.16455078	48.2882003784
2409.67993164	48.5988998413
2412.19506836	51.1983718872
2414.71044922	50.2029151917
2417.22558594	51.2298774719
2419.7409668	57.3486785889
2422.25610352	57.4003257751
2424.77124023	59.4355354309
2427.28662109	64.2401504517
2429.80175781	75.8334274292
2432.31713867	85.9633102417
2434.83227539	88.6869049072
2437.34765625	93.7942962646
2439.86279297	104.069610596
2442.37792969	108.182312012
2444.89331055	108.332481384
2447.40844727	103.012451172
2449.92382813	96.9243164063
2452.43896484	90.8958511353
2454.9543457	92.234413147
2457.46948242	89.6665344238
2459.98486328	81.7772827148
2462.5	81.4691390991
2465.01513672	82.9036102295
2467.53051758	78.7881317139
2470.0456543	77.6125259399
2472.56103516	77.0924301147
2475.07617188	75.2810745239
2477.59155273	68.1014328003
2480.10668945	69.4599685669
2482.62207031	72.2250289917
2485.13720703	68.146774292
2487.65234375	68.1390838623
2490.16772461	66.4894104004
2492.68286133	65.4712371826
2495.19824219	57.0404472351
2497.71337891	62.6850318909
2500.22875977	62.4411773682
2502.74389648	62.9907989502
2505.2590332	59.8001022339
2507.77441406	61.418346405
2510.28955078	60.6910705566
2512.80493164	59.665019989
2515.32006836	59.7770729065
2517.83544922	62.3113365173
2520.35058594	62.1756782532
2522.8659668	63.0802230835
2525.38110352	63.8279571533
2527.89624023	62.9688987732
2530.41162109	64.6322784424
2532.92675781	60.1685600281
2535.44213867	59.5497817993
2537.95727539	60.8535423279
2540.47265625	61.3716163635
2542.98779297	61.768737793
2545.50292969	63.4669036865
2548.01831055	65.1195678711
2550.53344727	63.9140892029
2553.04882813	62.4582214355
2555.56396484	63.4530296326
2558.0793457	62.2907485962
2560.59448242	66.7126998901
2563.10986328	65.2514801025
2565.625	65.6361541748
2568.14013672	66.0627593994
2570.65551758	70.6669845581
2573.1706543	73.422668457
2575.68603516	70.2999572754
2578.20117188	68.7287368774
2580.71655273	68.1831893921
2583.23168945	67.6039123535
2585.74707031	74.6622695923
2588.26220703	74.1772537231
2590.77734375	84.1322555542
2593.29272461	75.1755828857
2595.80786133	84.5145339966
2598.32324219	80.2458267212
2600.83837891	82.745262146
2603.35375977	89.137008667
2605.86889648	87.4809799194
2608.3840332	89.2415924072
2610.89941406	94.0915374756
2613.41455078	99.3175582886
2615.92993164	98.8954696655
2618.44506836	107.196556091
2620.96044922	100.993804932
2623.47558594	104.97744751
2625.9909668	120.777549744
2628.50610352	128.059082031
2631.02124023	129.060043335
2633.53662109	128.578155518
2636.05175781	140.513000488
2638.56713867	146.486312866
2641.08227539	151.466384888
2643.59765625	157.336471558
2646.11279297	166.793563843
2648.62792969	170.092102051
2651.14331055	189.166015625
2653.65844727	193.236862183
2656.17382813	211.641143799
2658.68896484	221.580032349
2661.2043457	233.738510132
2663.71948242	253.403259277
2666.23486328	266.914611816
2668.75	277.080810547
2671.26513672	297.462738037
2673.78051758	322.460418701
2676.2956543	327.385101318
2678.81103516	335.976928711
2681.32617188	353.591033936
2683.84155273	377.721893311
2686.35668945	393.763763428
2688.87207031	398.458099365
2691.38720703	413.046325684
2693.90234375	419.698852539
2696.41772461	433.82522583
2698.93286133	438.547973633
2701.44824219	445.539459229
2703.96337891	463.458221436
2706.47875977	460.503051758
2708.99389648	469.474304199
2711.5090332	481.477294922
2714.02441406	486.491699219
2716.53955078	490.334228516
2719.05493164	493.06149292
2721.57006836	483.306640625
2724.08544922	480.333099365
2726.60058594	458.747619629
2729.1159668	442.686553955
2731.63110352	415.841308594
2734.14624023	387.282501221
2736.66162109	358.170349121
2739.17675781	330.257049561
2741.69213867	299.444946289
2744.20727539	276.925811768
2746.72265625	255.569152832
2749.23779297	234.56678772
2751.75292969	213.632110596
2754.26831055	189.495162964
2756.78344727	178.717727661
2759.29882813	158.093231201
2761.81396484	151.979995728
2764.3293457	139.75050354
2766.84448242	128.038085938
2769.35986328	129.687332153
2771.875	115.56161499
2774.39013672	112.329452515
2776.90551758	108.792480469
2779.4206543	109.015541077
2781.93603516	103.998626709
2784.45117188	97.1887207031
2786.96655273	93.5304718018
2789.48168945	96.3823699951
2791.99707031	88.2997360229
2794.51220703	93.9645004272
2797.02734375	85.8545455933
2799.54272461	88.9362869263
2802.05786133	80.8994750977
2804.57324219	81.133430481
2807.08837891	84.0614318848
2809.60375977	84.3910980225
2812.11889648	83.368927002
2814.6340332	77.7544021606
2817.14941406	76.5817947388
2819.66455078	69.589515686
2822.17993164	71.0565872192
2824.69506836	79.4236602783
2827.21044922	75.4806747437
2829.72558594	72.5661087036
2832.2409668	70.818069458
2834.75610352	70.8970794678
2837.27124023	73.712348938
2839.78662109	73.0701065063
2842.30175781	72.7953414917
2844.81713867	69.8071289063
2847.33227539	68.9016342163
2849.84765625	68.5626602173
2852.36279297	72.8808517456
2854.87792969	73.029258728
2857.39331055	75.5501174927
2859.90844727	69.307258606
2862.42382813	68.5511398315
2864.93896484	66.8940887451
2867.4543457	68.1604232788
2869.96948242	67.8702087402
2872.48486328	69.6106109619
2875	65.8473739624
2877.51513672	67.6064453125
2880.03051758	66.4792480469
2882.5456543	68.1196365356
2885.06103516	72.2663269043
2887.57617188	71.4358978271
2890.09155273	69.3502731323
2892.60668945	71.5678939819
2895.12207031	71.4746398926
2897.63720703	70.6458511353
2900.15234375	69.8078613281
2902.66772461	73.4738845825
2905.18286133	74.7728042603
2907.69824219	69.5073699951
2910.21337891	68.4832992554
2912.72875977	70.2161941528
2915.24389648	69.9008407593
2917.7590332	70.2501602173
2920.27441406	72.2821426392
2922.78955078	73.0747909546
2925.30493164	78.4530410767
2927.82006836	78.9145050049
2930.33544922	78.8892822266
2932.85058594	71.4494781494
2935.3659668	72.1555023193
2937.88110352	81.6603775024
2940.39624023	83.5043258667
2942.91162109	76.1265106201
2945.42675781	79.903678894
2947.94213867	80.1853027344
2950.45727539	83.1299285889
2952.97265625	73.0191955566
2955.48779297	81.9651641846
2958.00292969	79.9301300049
2960.51831055	77.9894256592
2963.03344727	74.3371963501
2965.54882813	73.1021194458
2968.06396484	70.4914398193
2970.5793457	69.6078338623
2973.09448242	65.7401046753
2975.60986328	73.1376113892
2978.125	74.2687606812
2980.64013672	68.7882766724
2983.15551758	62.026550293
2985.6706543	66.3453903198
2988.18603516	62.9202232361
2990.70117188	63.4786758423
2993.21655273	66.1372375488
2995.73168945	60.9138336182
2998.24707031	63.6024856567
3000.76220703	62.7293014526
3003.27734375	57.0888175964
3005.79272461	61.494758606
3008.30786133	60.6976051331
3010.82324219	61.6336860657
3013.33837891	63.5805511475
3015.85375977	66.9071960449
3018.36889648	65.7010421753
3020.8840332	63.0688018799
3023.39941406	62.3755111694
3025.91455078	59.5395278931
3028.42993164	67.2163772583
3030.94506836	63.5561904907
3033.46044922	60.9011878967
3035.97558594	61.8620643616
3038.4909668	58.9721755981
3041.00610352	60.0039100647
3043.52124023	67.1108856201
3046.03662109	58.7931098938
3048.55175781	61.0578422546
3051.06713867	59.4469642639
3053.58227539	62.5761413574
3056.09765625	61.8267822266
3058.61279297	61.7175254822
3061.12792969	55.7665672302
3063.64331055	57.8687477112
3066.15844727	61.1118927002
3068.67382813	59.9270362854
3071.18896484	62.0862045288
3073.7043457	59.7021827698
3076.21948242	56.4013595581
3078.73486328	58.8755912781
3081.25	56.3802452087
3083.76513672	62.0761795044
3086.28051758	65.2512664795
3088.7956543	59.6513519287
3091.31103516	61.3590965271
3093.82617188	59.1770782471
3096.34155273	63.8516845703
3098.85668945	62.743434906
3101.37207031	59.0090103149
3103.88720703	59.9183959961
3106.40234375	60.8729858398
3108.91772461	62.9127922058
3111.43286133	66.1231994629
3113.94824219	65.094367981
3116.46337891	65.9325561523
3118.97875977	62.9768600464
3121.49389648	61.2453536987
3124.0090332	63.3523864746
3126.52441406	63.0376319885
3129.03955078	65.7512435913
3131.55493164	59.4436187744
3134.07006836	66.4545059204
3136.58544922	68.6314849854
3139.10058594	64.7114181519
3141.6159668	65.6509933472
3144.13110352	62.7651939392
3146.64624023	59.1785850525
3149.16162109	63.0677909851
3151.67675781	63.8706130981
3154.19213867	63.6005096436
3156.70727539	64.4035568237
3159.22265625	60.3767127991
3161.73779297	63.4029693604
3164.25292969	68.736000061
3166.76831055	64.4821243286
3169.28344727	61.588180542
3171.79882813	64.6547546387
3174.31396484	69.1848907471
3176.8293457	67.9140930176
3179.34448242	66.6062469482
3181.85986328	66.493850708
3184.375	65.22290802
3186.89013672	64.1431274414
3189.40551758	66.3885421753
3191.9206543	65.270072937
3194.43603516	69.458190918
3196.95117188	61.308506012
3199.46655273	70.5065155029
3201.98168945	66.252571106
3204.49707031	68.5560531616
3207.01220703	68.8799743652
3209.52734375	68.2400283813
3212.04272461	68.8161621094
3214.55786133	63.3247032166
3217.07324219	80.1396942139
3219.58837891	78.4404754639
3222.10375977	79.4193191528
3224.61889648	81.9392166138
3227.1340332	92.6598968506
3229.64941406	96.9301757813
3232.16455078	105.035949707
3234.67993164	112.792053223
3237.19506836	122.402191162
3239.71044922	129.351547241
3242.22558594	140.41519165
3244.7409668	140.500457764
3247.25610352	132.62612915
3249.77124023	117.601379395
3252.28662109	100.928199768
3254.80175781	95.870803833
3257.31713867	88.9607696533
3259.83227539	81.0636444092
3262.34765625	80.5345153809
3264.86279297	75.1575317383
3267.37792969	68.1544876099
3269.89331055	65.3587036133
3272.40844727	70.2574691772
3274.92382813	64.0638961792
3277.43896484	64.5067367554
3279.9543457	67.8294372559
3282.46948242	67.3459320068
3284.98486328	60.6589660645
3287.5	62.3121147156
3290.01513672	65.9989318848
3292.53051758	68.286315918
3295.0456543	65.587272644
3297.56103516	61.9987220764
3300.07617188	65.7041397095
3302.59155273	70.3865509033
3305.10668945	68.1633148193
3307.62207031	62.4395256042
3310.13720703	60.2648468018
3312.65234375	65.4008178711
3315.16772461	63.6734466553
3317.68286133	62.5439147949
3320.19824219	69.3473587036
3322.71337891	69.826423645
3325.22875977	66.2340545654
3327.74389648	64.0219116211
3330.2590332	69.3871154785
3332.77441406	56.9733772278
3335.28955078	62.7057571411
3337.80493164	65.1476211548
3340.32006836	68.2579879761
3342.83544922	63.9871482849
3345.35058594	61.0726356506
3347.8659668	67.1747436523
3350.38110352	65.0316619873
3352.89624023	64.4251937866
3355.41162109	69.0701446533
3357.92675781	63.0757217407
3360.44213867	63.8380279541
3362.95727539	70.4280700684
3365.47265625	70.967338562
3367.98779297	64.7477645874
3370.50292969	64.6255187988
3373.01831055	64.8043746948
3375.53344727	64.0195770264
3378.04882813	67.3116836548
3380.56396484	65.4453582764
3383.0793457	63.7412338257
3385.59448242	66.14112854
3388.10986328	63.4235191345
3390.625	68.590057373
3393.14013672	68.9368286133
3395.65551758	68.4096298218
3398.1706543	65.3865509033
3400.68603516	59.1716308594
3403.20117188	62.1634254456
3405.71655273	65.2542266846
3408.23168945	61.7964553833
3410.74707031	63.9865493774
3413.26220703	68.0163879395
3415.77734375	59.9609451294
3418.29272461	60.4101867676
3420.80786133	70.1741943359
3423.32324219	70.3431472778
3425.83837891	63.1922836304
3428.35375977	64.3230514526
3430.86889648	58.3929786682
3433.3840332	65.8585357666
3435.89941406	67.1159515381
3438.41455078	62.6459083557
3440.92993164	66.7235641479
3443.44506836	69.3683700562
3445.96044922	65.6415710449
3448.47558594	66.4067687988
3450.9909668	67.996131897
3453.50610352	67.1276016235
3456.02124023	68.8006973267
3458.53662109	71.5300369263
3461.05175781	67.8609619141
3463.56713867	68.9745407104
3466.08227539	64.9037857056
3468.59765625	68.4804382324
3471.11279297	69.9865493774
3473.62792969	68.8120117188
3476.14331055	60.4933624268
3478.65844727	68.6412277222
3481.17382813	68.2868881226
3483.68896484	64.6383056641
3486.2043457	64.789680481
3488.71948242	66.3726272583
3491.23486328	71.2758483887
3493.75	63.8571929932
3496.26513672	64.7920684814
3498.78051758	60.282875061
3501.2956543	63.786075592
3503.81103516	67.8395690918
3506.32617188	69.3991088867
3508.84155273	71.9900131226
3511.35668945	69.2063980103
3513.87207031	67.8844604492
3516.38720703	64.7451171875
3518.90234375	66.4157409668
3521.41772461	70.7159805298
3523.93286133	73.3146286011
3526.44824219	74.1865081787
3528.96337891	64.0764846802
3531.47875977	64.9205245972
3533.99389648	70.5689315796
3536.5090332	62.6568565369
3539.02441406	67.5972595215
3541.53955078	64.8114929199
3544.05493164	62.4890594482
3546.57006836	70.8239135742
3549.08544922	69.2380218506
3551.60058594	77.22996521
3554.1159668	66.8068771362
3556.63110352	66.3817443848
3559.14624023	70.2033004761
3561.66162109	68.5375137329
3564.17675781	65.7135925293
3566.69213867	72.8479766846
3569.20727539	65.7026367188
3571.72265625	63.483341217
3574.23779297	68.0745010376
3576.75292969	69.1497344971
3579.26831055	64.7203445435
3581.78344727	70.4676132202
3584.29882813	70.2263565063
3586.81396484	82.1083526611
3589.3293457	71.00025177
3591.84448242	71.61277771
3594.35986328	70.229385376
3596.875	65.7744979858
3599.39013672	71.1879882813
3601.90551758	68.927734375
3604.4206543	73.3344497681
3606.93603516	75.1550979614
3609.45117188	71.5993423462
3611.96655273	70.2696762085
3614.48168945	71.1013946533
3616.99707031	75.0742034912
3619.51220703	72.5883255005
3622.02734375	74.4332046509
3624.54272461	72.19581604
3627.05786133	71.0376358032
3629.57324219	71.7242507935
3632.08837891	69.8239822388
3634.60375977	67.6638565063
3637.11889648	72.3097839355
3639.6340332	72.4582138062
3642.14941406	69.4122085571
3644.66455078	69.6482543945
3647.17993164	71.8759002686
3649.69506836	73.1438140869
3652.21044922	71.049621582
3654.72558594	69.4371566772
3657.2409668	74.7867355347
3659.75610352	72.1993255615
3662.27124023	73.7345123291
3664.78662109	69.7120895386
3667.30175781	71.6528091431
3669.81713867	74.6064758301
3672.33227539	76.4259109497
3674.84765625	70.5142669678
3677.36279297	68.6145401001
3679.87792969	70.9004745483
3682.39331055	73.961227417
3684.90844727	69.5992660522
3687.42382813	68.1203536987
3689.93896484	66.6979980469
3692.4543457	76.5393981934
3694.96948242	73.3441772461
3697.48486328	71.3067703247
3700	73.6100921631
