400	36.9541435242
402.549346924	37.6614952087
405.098693848	36.0958862305
407.648040771	35.4684181213
410.197357178	32.1769561768
412.746704102	34.8612594604
415.296051025	35.1158905029
417.845397949	33.1201972961
420.394744873	31.7606620789
422.944091797	34.8483047485
425.493408203	36.4967956543
428.042755127	35.9920082092
430.592102051	34.9024620056
433.141448975	34.2000007629
435.690795898	34.8255767822
438.240142822	38.2921028137
440.789459229	35.0402755737
443.338806152	34.2000007629
445.888153076	35.1050300598
448.4375	35.5862350464
450.986846924	34
453.536193848	34
456.085540771	33.3918228149
458.634857178	36.8431510925
461.184204102	35.994354248
463.733551025	30.761926651
466.282897949	29.6424388885
468.832244873	32.4599647522
471.381591797	32.0710754395
473.930908203	30.6845874786
476.480255127	31.1924095154
479.029602051	35.0444107056
481.578948975	41.2954063416
484.128295898	46.6043586731
486.677642822	42.5998077393
489.226959229	41.8874740601
491.776306152	40.7233047485
494.325653076	35.5324172974
496.875	30.4631958008
499.424346924	32.2924156189
501.973693848	28.0335407257
504.523040771	27.0476226807
507.072357178	26.1490097046
509.621704102	23.7416572571
512.171081543	27.8376598358
514.720397949	29.3368282318
517.269714355	26.577753067
519.819091797	23.9515590668
522.368408203	24.4978504181
524.917785645	27.187543869
527.467102051	25.3742370605
530.016418457	24.3731231689
532.565795898	26.6847915649
535.115112305	28.9548454285
537.664489746	30.0719718933
540.213806152	30.0049858093
542.763183594	29.0479621887
545.3125	24.8696956635
547.861816406	25.884645462
550.411193848	27.3532676697
552.960510254	25.4524707794
555.509887695	22.6389293671
558.059204102	27.9903240204
560.608581543	27.8229122162
563.157897949	26.3545341492
565.707214355	25.3515110016
568.256591797	26.5945720673
570.805908203	28.2428359985
573.355285645	25.7700614929
575.904602051	25.4344577789
578.453918457	27.9588661194
581.003295898	30.101348877
583.552612305	29.7933158875
586.101989746	27.6585674286
588.651306152	26.5532207489
591.200683594	29.2425556183
593.75	33.5127906799
596.299316406	33.4629745483
598.848693848	32.0440177917
601.398010254	31.2626972198
603.947387695	29.8815002441
606.496704102	21.6373348236
609.046081543	27.803155899
611.595397949	28.1833114624
614.144714355	28.740983963
616.694091797	30.9878177643
619.243408203	32.2757263184
621.792785645	28.082233429
624.342102051	29.4308891296
626.891418457	29.7475948334
629.440795898	28.6361427307
631.990112305	28.4817733765
634.539489746	28.9674491882
637.088806152	28.0748233795
639.638183594	30.1025695801
642.1875	29.5563621521
644.736816406	29.0100402832
647.286193848	29.9893131256
649.835510254	31.4731063843
652.384887695	32.4123916626
654.934204102	33.9772224426
657.483581543	28.3898887634
660.032897949	30.6519470215
662.582214355	33.0617370605
665.131591797	35.0098953247
667.680908203	36.8295478821
670.230285645	37.8133087158
672.779602051	36.4565429688
675.328918457	33.9612922668
677.878295898	34.7227745056
680.427612305	35.8080787659
682.976989746	34.5484199524
685.526306152	31.5167160034
688.075683594	31.614730835
690.625	37.7322692871
693.174316406	37.187713623
695.723693848	36.556804657
698.273010254	36.5833435059
700.822387695	34.575428009
703.371704102	31.2631797791
705.921081543	39.9284057617
708.470397949	34.6500434875
711.019714355	36.086391449
713.569091797	40.853553772
716.118408203	40.1962928772
718.667785645	35.4715003967
721.217102051	36.4490242004
723.766418457	38.154548645
726.315795898	32.0557441711
728.865112305	38.7347412109
731.414489746	42.6150894165
733.963806152	40.0579071045
736.513183594	36.5387992859
739.0625	38.8605880737
741.611816406	39.3732643127
744.161193848	40.0485496521
746.710510254	40.2000007629
749.259887695	42.4937286377
751.809204102	45.1282196045
754.358581543	45.8133010864
756.907897949	45.0749549866
759.457214355	43.8755531311
762.006591797	44.1212081909
764.555908203	42.616519928
767.105285645	43.9714546204
769.654602051	44.4262275696
772.203918457	41.8465232849
774.753295898	41.7094917297
777.302612305	38.9625816345
779.851989746	43.6471977234
782.401306152	45.1998023987
784.950683594	44.0343093872
787.5	44.3385925293
790.049316406	45.7252159119
792.598693848	42.6915550232
795.148010254	45.0998649597
797.697387695	42.891040802
800.246704102	44.866897583
802.796081543	47.2014045715
805.345397949	49.3400917053
807.894714355	50.1401901245
810.444091797	47.015460968
812.993408203	41.8447189331
815.542785645	48.4662246704
818.092102051	46.7321434021
820.641418457	48.0340270996
823.190795898	48.8268623352
825.740112305	47.1110725403
828.289489746	46.3725242615
830.838806152	48.2525520325
833.388183594	49.6346168518
835.9375	54.2119483948
838.486816406	56.7256622314
841.036193848	53.2828674316
843.585510254	51.2713356018
846.134887695	53.7717132568
848.684204102	48.3260688782
851.233581543	51.6149520874
853.782897949	49.3472251892
856.332214355	52.0818405151
858.881591797	51.8389320374
861.430908203	49.2320709229
863.980285645	49.7017974854
866.529602051	54.0003395081
869.078918457	48.3066673279
871.628295898	43.9663085938
874.177612305	48.0781211853
876.726989746	44.3674850464
879.276306152	45.5270500183
881.825683594	47.6927986145
884.375	41.5818138123
886.924316406	35.5314941406
889.473693848	41.967754364
892.023010254	38.5098648071
894.572387695	35.5328788757
897.121704102	39.9249954224
899.671081543	39.8437385559
902.220397949	36.3464698792
904.769714355	37.1665344238
907.319091797	28.9037895203
909.868408203	33.0853843689
912.417785645	34.0451583862
914.967102051	36.3718566895
917.516418457	37.0692710876
920.065795898	35.6128807068
922.615112305	35.1284751892
925.164489746	36.4383163452
927.713806152	29.7650470734
930.263183594	29.0660438538
932.8125	35.9647598267
935.361816406	32.3412284851
937.911193848	31.2217140198
940.460510254	31.020614624
943.009887695	27.8700447083
945.559204102	26.3960189819
948.108581543	30.6231746674
950.657897949	35.3521652222
953.207214355	28.1814308167
955.756591797	30.0859718323
958.305908203	29.7046852112
960.855285645	28.9850940704
963.404602051	29.9991321564
965.953918457	28.1368179321
968.503295898	26.1557273865
971.052612305	28.6134738922
973.601989746	30.4238548279
976.151306152	26.5200920105
978.700683594	27.4459991455
981.25	29.2414035797
983.799316406	30.8302383423
986.348693848	33.0942268372
988.898010254	26.2855148315
991.447387695	31.2153778076
993.996704102	32.4165000916
996.546081543	32.7455673218
999.095397949	29.6334514618
1001.64471436	29.2659225464
1004.1940918	30.3317699432
1006.7434082	29.2000007629
1009.29278564	29.8726329803
1011.84210205	34.1054840088
1014.39141846	29.1627922058
1016.9407959	25.6268978119
1019.4901123	28.1254043579
1022.03948975	29.0324726105
1024.58886719	30.9047679901
1027.13818359	33.000202179
1029.6875	30.3200473785
1032.23681641	30.1516551971
1034.78613281	31.7439670563
1037.33557129	29.5801277161
1039.8848877	33.7815742493
1042.4342041	30.405134201
1044.98352051	29.6441135406
1047.53283691	33.5422019958
1050.08227539	34.2816352844
1052.6315918	29.3663005829
1055.1809082	29.0014038086
1057.73022461	25.8084163666
1060.27966309	29.5806083679
1062.82897949	28.106426239
1065.3782959	29.617816925
1067.9276123	28.7379589081
1070.47692871	25.8191299438
1073.02636719	25.0921001434
1075.57568359	25.0218200684
1078.125	26.0483150482
1080.67431641	23.2027568817
1083.22363281	22.6693191528
1085.77307129	19.877117157
1088.3223877	22.4393463135
1090.8717041	24.9988574982
1093.42102051	24.1912479401
1095.97033691	22.1537094116
1098.51977539	21.5453033447
1101.0690918	24.1012382507
1103.6184082	22.6738166809
1106.16772461	19.8938484192
1108.71716309	24.7151966095
1111.26647949	25.969285965
1113.8157959	23.6101989746
1116.3651123	21.6332912445
1118.91442871	21.4620094299
1121.46386719	21.926361084
1124.01318359	22.8076019287
1126.5625	19.2323627472
1129.11181641	21.6826057434
1131.66113281	25.1264648438
1134.21057129	18.2841968536
1136.7598877	18.3747215271
1139.3092041	20.5456485748
1141.85852051	18.8551807404
1144.40783691	17.4077033997
1146.95727539	17.5941123962
1149.5065918	15.7489061356
1152.0559082	21.669424057
1154.60522461	23.1860923767
1157.15466309	23.1022930145
1159.70397949	19.0201721191
1162.2532959	20.2559185028
1164.8026123	20.1317443848
1167.35192871	15.5931663513
1169.90136719	14.6836948395
1172.45068359	15.9252195358
1175	18
1177.54931641	18
1180.09863281	18.8343677521
1182.64807129	17.3840351105
1185.1973877	16.7999992371
1187.7467041	16.7999992371
1190.29602051	17.8493690491
1192.84533691	18.8615875244
1195.39477539	18.2000007629
1197.9440918	18.5116062164
1200.4934082	20.2586307526
1203.04272461	17.3714466095
1205.59216309	14.8230285645
1208.14147949	14.7008724213
1210.6907959	18.0768413544
1213.2401123	19.0173625946
1215.78942871	19.5108776093
1218.33886719	19.6259098053
1220.88818359	18.6312065125
1223.4375	20.8725376129
1225.98681641	18.1247158051
1228.53613281	15.0483388901
1231.08557129	21.5971221924
1233.6348877	18.4152317047
1236.1842041	20.212272644
1238.73352051	17.4985771179
1241.28283691	17.6850948334
1243.83227539	18.0844783783
1246.3815918	17.312171936
1248.9309082	20.8872337341
1251.48022461	18.3964748383
1254.02966309	17.7661724091
1256.57897949	27.3886241913
1259.1282959	17.1889362335
1261.6776123	19.3376178741
1264.22692871	20.124874115
1266.77636719	22.8666610718
1269.32568359	24.4958648682
1271.875	22.1158370972
1274.42431641	20.1156864166
1276.97363281	21.6675357819
1279.52307129	20.3035583496
1282.0723877	18.6947002411
1284.6217041	20.1527099609
1287.17102051	17.5540409088
1289.72033691	23.232673645
1292.26977539	26.7763576508
1294.8190918	21.4142227173
1297.3684082	21.8514728546
1299.91772461	24.4448451996
1302.46716309	23.8577461243
1305.01647949	26.5921955109
1307.5657959	29.6889514923
1310.1151123	29.2990036011
1312.66442871	30.2026309967
1315.21386719	30.3855209351
1317.76318359	31.4114933014
1320.3125	36.1479721069
1322.86181641	32.7493858337
1325.41113281	35.4691314697
1327.96057129	37.0788459778
1330.5098877	39.6726531982
1333.0592041	46.4769515991
1335.60852051	49.332988739
1338.15783691	54.0759391785
1340.70727539	55.3819732666
1343.2565918	55.2450294495
1345.8059082	60.7547721863
1348.35522461	59.3424758911
1350.90466309	61.2878761292
1353.45397949	59.8190155029
1356.0032959	57.7183494568
1358.5526123	59.2903404236
1361.10192871	61.3119773865
1363.65136719	58.8247795105
1366.20068359	53.7591362
1368.75	49.9921455383
1371.29931641	43.3317375183
1373.84863281	41.2446594238
1376.39807129	37.9273262024
1378.9473877	39.3955116272
1381.4967041	40.7318344116
1384.04602051	35.1537895203
1386.59533691	30.778673172
1389.14477539	30.8675556183
1391.6940918	29.2036838531
1394.2434082	24.5711154938
1396.79272461	25.4711170197
1399.34216309	31.5892314911
1401.89147949	29.6333065033
1404.4407959	30.5762081146
1406.9901123	30.1609039307
1409.53942871	25.1656761169
1412.08886719	28.5783786774
1414.63818359	28.1798648834
1417.1875	25.6112957001
1419.73681641	22.2435512543
1422.28613281	24.1154518127
1424.83557129	25.7791061401
1427.3848877	25.1279964447
1429.9342041	27.0084342957
1432.48352051	28.6865882874
1435.03283691	25.6770343781
1437.58227539	28.6119880676
1440.1315918	22.8239326477
1442.6809082	25.0314388275
1445.23022461	26.3318099976
1447.77966309	25.342830658
1450.32897949	25.8483390808
1452.8782959	27.3330039978
1455.4276123	25.3840923309
1457.97692871	25.7638473511
1460.52636719	30.7388687134
1463.07568359	33.9218177795
1465.625	34.9438972473
1468.17431641	33.728603363
1470.72363281	27.2072963715
1473.27307129	27.49426651
1475.8223877	26.8437862396
1478.3717041	31.1842937469
1480.92102051	27.63788414
1483.47033691	29.0777606964
1486.01977539	32.9727058411
1488.5690918	32.3335952759
1491.1184082	30.838602066
1493.66772461	32.3815689087
1496.21716309	31.8518428802
1498.76647949	32.6041793823
1501.3157959	34.4796676636
1503.8651123	33.1122207642
1506.41442871	31.2761917114
1508.96386719	34.8536186218
1511.51318359	39.5739021301
1514.0625	36.0079994202
1516.61181641	41.4071273804
1519.16113281	37.2280960083
1521.71057129	38.3533058167
1524.2598877	37.321144104
1526.8092041	40.8865280151
1529.35852051	44.861164093
1531.90783691	46.6583061218
1534.45727539	44.9047698975
1537.0065918	45.3452682495
1539.5559082	51.5294075012
1542.10522461	57.7082862854
1544.65466309	64.8284606934
1547.20397949	72.9115524292
1549.7532959	117.756484985
1552.3026123	345.13293457
1554.85192871	631.407897949
1557.40136719	129.560073853
1559.95068359	136.195037842
1562.5	174.333526611
1565.04931641	219.569717407
1567.59863281	253.956283569
1570.14807129	315.16418457
1572.6973877	385.844177246
1575.2467041	444.027526855
1577.79602051	473.574829102
1580.34533691	465.566192627
1582.89477539	415.042419434
1585.4440918	353.328979492
1587.9934082	300.202209473
1590.54272461	243.860961914
1593.09216309	188.899047852
1595.64147949	152.483734131
1598.1907959	128.296020508
1600.7401123	112.63596344
1603.28942871	92.7739715576
1605.83886719	84.9970932007
1608.38818359	75.1200180054
1610.9375	71.8965682983
1613.48681641	66.4642410278
1616.03613281	60.6111984253
1618.58557129	63.072719574
1621.1348877	58.1214866638
1623.6842041	49.5137290955
1626.23352051	45.4654769897
1628.78283691	45.293838501
1631.33227539	44.1232337952
1633.8815918	39.990524292
1636.4309082	37.48204422
1638.98022461	36.7881622314
1641.52966309	36.8185920715
1644.07897949	36.6613922119
1646.6282959	30.7891712189
1649.1776123	30.582452774
1651.72692871	35.4197349548
1654.27636719	35.4438056946
1656.82568359	29.110994339
1659.375	26.5238075256
1661.92431641	33.5860824585
1664.47363281	29.4079627991
1667.02307129	37.9138145447
1669.5723877	31.5566482544
1672.1217041	32.362487793
1674.67102051	31.2530193329
1677.22033691	29.3409290314
1679.76977539	31.4062786102
1682.3190918	29.3875808716
1684.8684082	29.2783126831
1687.41772461	31.0679264069
1689.96716309	30.6746520996
1692.51647949	29.9887332916
1695.0657959	28.2225589752
1697.6151123	27.3081607819
1700.16442871	30.0693683624
1702.71386719	30.0777053833
1705.26318359	28.687210083
1707.8125	25.6000003815
1710.36181641	26.7829456329
1712.91113281	31.9420528412
1715.46057129	31.5789546967
1718.0098877	30.9124240875
1720.5592041	24.0876960754
1723.10852051	27.163444519
1725.65783691	27.9600791931
1728.20727539	33.4748039246
1730.7565918	28.7524089813
1733.3059082	25.822467804
1735.85522461	27.9608097076
1738.40466309	31.0437488556
1740.95397949	31.9454097748
1743.5032959	31.5853862762
1746.0526123	29.0419387817
1748.60192871	30.7735919952
1751.15136719	32.0154953003
1753.70068359	31.2703418732
1756.25	30.382358551
1758.79931641	29.6077728271
1761.34863281	29.7573871613
1763.89807129	29.869682312
1766.4473877	30.7652416229
1768.9967041	31.6841487885
1771.54602051	29.1372852325
1774.09533691	31.4745864868
1776.64477539	35.7076683044
1779.1940918	30.4862575531
1781.7434082	33.6941642761
1784.29272461	30.6309013367
1786.84216309	30.6764678955
1789.39147949	29.8557395935
1791.9407959	30.3374671936
1794.4901123	29.4064846039
1797.03942871	29.5909137726
1799.58886719	26.2911262512
1802.13818359	29.4117298126
1804.6875	25.3875541687
1807.23681641	28.7259922028
1809.78613281	33.3222389221
1812.33557129	33.5012207031
1814.8848877	32.7570533752
1817.4342041	25.9244823456
1819.98352051	25.4991760254
1822.53283691	30.7709999084
1825.08227539	23.687461853
1827.6315918	26.7730312347
1830.1809082	28.5237369537
1832.73022461	24.1312580109
1835.27966309	29.0170230865
1837.82897949	29.469373703
1840.3782959	28.0543079376
1842.9276123	28.5576534271
1845.47692871	30.8819065094
1848.02636719	32.3989143372
1850.57568359	29.0479679108
1853.125	26.0316543579
1855.67431641	24.6051940918
1858.22363281	25.5064659119
1860.77307129	26.5780467987
1863.3223877	27.6000003815
1865.8717041	29.1914520264
1868.42102051	29.3933620453
1870.97033691	23.5128211975
1873.51977539	29.7914905548
1876.0690918	32.1221847534
1878.6184082	23.7076263428
1881.16772461	26.9606685638
1883.71716309	27.6164836884
1886.26647949	30.479265213
1888.8157959	27.1761322021
1891.3651123	36.5060920715
1893.91442871	33.9821205139
1896.46386719	30.5561656952
1899.01318359	32.0888786316
1901.5625	30.7377567291
1904.11181641	32.9684753418
1906.66113281	26.8550357819
1909.21057129	29.602481842
1911.7598877	30.192949295
1914.3092041	27.2821159363
1916.85852051	27.9663715363
1919.40783691	30.0745410919
1921.95727539	31.1288852692
1924.5065918	31.2000007629
1927.0559082	30.2990016937
1929.60522461	28.7794818878
1932.15466309	33.8463478088
1934.70397949	26.6720409393
1937.2532959	39.661781311
1939.8026123	33.496837616
1942.35192871	31.4699401855
1944.90136719	27.6564922333
1947.45068359	31.1318225861
1950	27.13580513
1952.54931641	31.7340068817
1955.09863281	34.4788627625
1957.64807129	29.4746360779
1960.1973877	26.4478912354
1962.7467041	28.3741283417
1965.29602051	27.7341461182
1967.84533691	28.1451206207
1970.39477539	33.7825889587
1972.9440918	34.2001228333
1975.4934082	33.0715255737
1978.04272461	31.21251297
1980.59216309	30.0987167358
1983.14147949	31.8108139038
1985.6907959	31.4946212769
1988.2401123	29.5532264709
1990.78942871	31.1674213409
1993.33886719	29.8438529968
1995.88818359	30.7160606384
1998.4375	31.5960903168
2000.98681641	33.0329399109
2003.53613281	33.3457832336
2006.08557129	31.909822464
2008.6348877	34.5206642151
2011.1842041	38.0350227356
2013.73352051	34.8733406067
2016.28283691	31.6008987427
2018.83227539	32.6965522766
2021.3815918	35.0367202759
2023.9309082	35.2254562378
2026.48022461	34.7779045105
2029.02966309	34.9797058105
2031.57897949	33.783782959
2034.1282959	32.0958442688
2036.6776123	35.6197166443
2039.22692871	34.6557731628
2041.77636719	31.1220359802
2044.32568359	30.8841152191
2046.875	31.665430069
2049.42431641	34.4253387451
2051.97363281	36.1699829102
2054.52294922	33.0887718201
2057.07226563	36.7040367126
2059.62182617	35.1478462219
2062.17114258	32.3650741577
2064.72045898	35.3589134216
2067.26977539	36.0185279846
2069.8190918	32.5764122009
2072.3684082	30.8266105652
2074.91772461	33.0020065308
2077.46704102	35.2884941101
2080.01635742	33.573551178
2082.56567383	34.8331604004
2085.11523438	33.8831176758
2087.66455078	32.8181228638
2090.21386719	34.1857528687
2092.76318359	37.3267669678
2095.3125	35.2420845032
2097.86181641	36.3201141357
2100.41113281	38.2437858582
2102.96044922	38.8930053711
2105.50976563	38.1019134521
2108.05932617	37.1117515564
2110.60864258	36.395942688
2113.15795898	34.0866928101
2115.70727539	31.363576889
2118.2565918	31.2042388916
2120.8059082	34.1087341309
2123.35522461	32.1917495728
2125.90454102	32.4326324463
2128.45385742	35.9878349304
2131.00317383	36.1296882629
2133.55273438	37.5393600464
2136.10205078	37.6695861816
2138.65136719	41.30909729
2141.20068359	35.3554267883
2143.75	34.4098892212
2146.29931641	36.7027282715
2148.84863281	37.1043205261
2151.39794922	37.8288040161
2153.94726563	38.3256340027
2156.49682617	34.1535949707
2159.04614258	31.8252696991
2161.59545898	35.388710022
2164.14477539	35.4877319336
2166.6940918	38.8733558655
2169.2434082	39.7367286682
2171.79272461	35.6875762939
2174.34204102	40.2561187744
2176.89135742	37.6246795654
2179.44067383	37.2159385681
2181.99023438	37.950553894
2184.53955078	34.1240653992
2187.08886719	34.5159568787
2189.63818359	37.3178024292
2192.1875	39.2823066711
2194.73681641	37.1039276123
2197.28613281	37.2158050537
2199.83544922	38.1318206787
2202.38476563	38.8421936035
2204.93432617	38.7374191284
2207.48364258	37.4971389771
2210.03295898	37.7918319702
2212.58227539	37.9361419678
2215.1315918	38.3753509521
2217.6809082	41.5701942444
2220.23022461	39.8223419189
2222.77954102	38.5630607605
2225.32885742	38.0107498169
2227.87817383	36.4064369202
2230.42773438	36.7383460999
2232.97705078	38.1939582825
2235.52636719	38.4066085815
2238.07568359	36.4782867432
2240.625	36.7665596008
2243.17431641	39.1058158875
2245.72363281	41.1669197083
2248.27294922	39.2560539246
2250.82226563	36.8264389038
2253.37182617	36.1925163269
2255.92114258	40.2702140808
2258.47045898	39.239364624
2261.01977539	42.7129974365
2263.5690918	38.8352622986
2266.1184082	43.3611984253
2268.66772461	41.3796844482
2271.21704102	35.2272834778
2273.76635742	43.3282661438
2276.31567383	39.4748573303
2278.86523438	43.0244216919
2281.41455078	41.4867858887
2283.96386719	39.9711608887
2286.51318359	41.9672698975
2289.0625	43.3311576843
2291.61181641	42.9430656433
2294.16113281	42.319568634
2296.71044922	41.8447341919
2299.25976563	41.2351837158
2301.80932617	42.0801048279
2304.35864258	40.8223075867
2306.90795898	41.4254875183
2309.45727539	41.4501113892
2312.0065918	44.0345916748
2314.5559082	44.4556083679
2317.10522461	45.8878440857
2319.65454102	45.6224937439
2322.20385742	41.9638633728
2324.75317383	44.2560424805
2327.30273438	45.8529396057
2329.85205078	50.7471351624
2332.40136719	60.5970306396
2334.95068359	62.7624778748
2337.5	54.9699745178
2340.04931641	47.3013725281
2342.59863281	49.3662147522
2345.14794922	46.1523666382
2347.69726563	45.5878677368
2350.24682617	44.8225593567
2352.79614258	46.7606887817
2355.34545898	48.5911521912
2357.89477539	48.3237075806
2360.4440918	45.4940872192
2362.9934082	48.5789985657
2365.54272461	48.738861084
2368.09204102	48.4127807617
2370.64135742	46.0383262634
2373.19067383	51.319694519
2375.74023438	51.1976776123
2378.28955078	50.2971763611
2380.83886719	48.9960632324
2383.38818359	48.1577110291
2385.9375	50.4334907532
2388.48681641	52.6749458313
2391.03613281	50.9764137268
2393.58544922	53.7506752014
2396.13476563	52.1056594849
2398.68432617	55.3270111084
2401.23364258	55.0872764587
2403.78295898	55.8918151855
2406.33227539	53.616317749
2408.8815918	59.2438201904
2411.4309082	59.5788040161
2413.98022461	59.2892684937
2416.52954102	57.5229644775
2419.07885742	60.4595756531
2421.62817383	65.8768234253
2424.17773438	71.3859939575
2426.72705078	70.8140411377
2429.27636719	75.2728729248
2431.82568359	79.5744934082
2434.375	85.8637237549
2436.92431641	94.3151779175
2439.47363281	92.635559082
2442.02294922	95.4804611206
2444.57226563	92.649230957
2447.12182617	94.5546188354
2449.67114258	89.3087310791
2452.22045898	84.494140625
2454.76977539	83.3965301514
2457.3190918	80.681968689
2459.8684082	79.1625213623
2462.41772461	77.1917953491
2464.96704102	68.9386444092
2467.51635742	70.0697174072
2470.06567383	71.2944107056
2472.61523438	69.2237930298
2475.16455078	65.4715652466
2477.71386719	71.0825424194
2480.26318359	66.1292724609
2482.8125	65.3647537231
2485.36181641	63.1165008545
2487.91113281	65.5443725586
2490.46044922	67.9661865234
2493.00976563	61.8293113708
2495.55932617	67.1825790405
2498.10864258	65.2631454468
2500.65795898	63.8462600708
2503.20727539	65.1980285645
2505.7565918	65.347114563
2508.3059082	64.2174682617
2510.85522461	65.7208786011
2513.40454102	66.4078216553
2515.95385742	69.6164093018
2518.50317383	69.5418243408
2521.05273438	66.817199707
2523.60205078	67.3281326294
2526.15136719	70.0235443115
2528.70068359	63.5608177185
2531.25	64.8887863159
2533.79931641	64.9764862061
2536.34863281	66.9989089966
2538.89794922	65.4136581421
2541.44726563	67.674446106
2543.99682617	66.1030578613
2546.54614258	68.1116943359
2549.09545898	64.3374633789
2551.64477539	65.9867172241
2554.1940918	70.0270996094
2556.7434082	69.5988616943
2559.29272461	64.9775009155
2561.84204102	68.3459396362
2564.39135742	66.2119369507
2566.94067383	69.0747756958
2569.49023438	68.4606170654
2572.03955078	68.7453765869
2574.58886719	69.1900100708
2577.13818359	72.0365829468
2579.6875	75.1627502441
2582.23681641	73.9044647217
2584.78613281	73.5839614868
2587.33544922	76.2456665039
2589.88476563	74.8123321533
2592.43432617	73.9341583252
2594.98364258	75.2573547363
2597.53295898	83.1120376587
2600.08227539	80.1247787476
2602.6315918	81.0576934814
2605.1809082	80.5329742432
2607.73022461	82.934677124
2610.27954102	83.5527420044
2612.82885742	81.8771133423
2615.37817383	85.3471221924
2617.92773438	88.5084457397
2620.47705078	91.5995788574
2623.02636719	95.3845596313
2625.57568359	97.1030426025
2628.125	102.249183655
2630.67431641	99.3170166016
2633.22363281	105.963562012
2635.77294922	105.135856628
2638.32226563	112.032592773
2640.87182617	115.957618713
2643.42114258	121.489753723
2645.97045898	129.469161987
2648.51977539	133.287521362
2651.0690918	135.726577759
2653.6184082	140.152832031
2656.16772461	138.13458252
2658.71704102	147.4637146
2661.26635742	160.008209229
2663.81567383	160.828155518
2666.36523438	163.262420654
2668.91455078	174.713150024
2671.46386719	185.662399292
2674.01318359	190.264556885
2676.5625	194.928253174
2679.11181641	197.445617676
2681.66113281	198.314727783
2684.21044922	210.955657959
2686.75976563	214.135757446
2689.30932617	218.223556519
2691.85864258	224.285247803
2694.40795898	225.30821228
2696.95727539	221.760620117
2699.5065918	224.151168823
2702.0559082	232.454208374
2704.60522461	231.36618042
2707.15454102	227.806777954
2709.70385742	223.491577148
2712.25317383	229.914535522
2714.80273438	232.21383667
2717.35205078	223.663208008
2719.90136719	222.338882446
2722.45068359	219.293426514
2725	211.347137451
2727.54931641	201.201202393
2730.09863281	186.830856323
2732.64794922	175.270492554
2735.19726563	167.225570679
2737.74682617	167.10559082
2740.29614258	156.068740845
2742.84545898	140.604049683
2745.39477539	133.336532593
2747.9440918	132.489105225
2750.4934082	121.587753296
2753.04272461	110.992973328
2755.59204102	116.727081299
2758.14135742	107.01612854
2760.69067383	101.629737854
2763.24023438	99.6117553711
2765.78955078	99.8189468384
2768.33886719	96.1726150513
2770.88818359	95.5121459961
2773.4375	94.3108978271
2775.98681641	86.6896438599
2778.53613281	93.331413269
2781.08544922	88.6107177734
2783.63476563	95.9209442139
2786.18432617	88.6668777466
2788.73364258	89.9094619751
2791.28295898	89.6262969971
2793.83227539	87.1577072144
2796.3815918	83.2573013306
2798.9309082	88.0520401001
2801.48022461	88.536529541
2804.02954102	83.411277771
2806.57885742	84.7428665161
2809.12817383	86.1111679077
2811.67773438	89.8259353638
2814.22705078	83.4089584351
2816.77636719	87.7829437256
2819.32568359	85.4635314941
2821.875	85.8593139648
2824.42431641	83.7807693481
2826.97363281	87.2413024902
2829.52294922	90.0254135132
2832.07226563	85.5885925293
2834.62182617	87.8804397583
2837.17114258	85.2378540039
2839.72045898	83.7192230225
2842.26977539	80.7127609253
2844.8190918	86.1164550781
2847.3684082	81.3570175171
2849.91772461	85.5055084229
2852.46704102	86.206703186
2855.01635742	83.7753067017
2857.56567383	84.7013549805
2860.11523438	81.757270813
2862.66455078	83.5315246582
2865.21386719	82.992729187
2867.76318359	86.4299545288
2870.3125	88.4219207764
2872.86181641	85.2120742798
2875.41113281	85.5164871216
2877.96044922	89.3778381348
2880.50976563	85.752166748
2883.05932617	86.6671676636
2885.60864258	87.1551361084
2888.15795898	85.16355896
2890.70727539	82.1209716797
2893.2565918	86.4399642944
2895.8059082	92.8708648682
2898.35522461	94.0578918457
2900.90454102	90.4357452393
2903.45385742	87.2092285156
2906.00317383	92.2325668335
2908.55273438	88.8965301514
2911.10205078	92.419593811
2913.65136719	91.6531295776
2916.20068359	90.9734420776
2918.75	95.1482315063
2921.29931641	97.2409591675
2923.84863281	88.3046951294
2926.39794922	100.029060364
2928.94726563	96.144859314
2931.49682617	96.9579849243
2934.04614258	95.0790481567
2936.59545898	96.8479537964
2939.14477539	95.3417892456
2941.6940918	98.1959609985
2944.2434082	98.2906570435
2946.79272461	98.3305587769
2949.34204102	93.2721710205
2951.89135742	96.5473556519
2954.44067383	99.1595458984
2956.99023438	95.8528900146
2959.53955078	94.031539917
2962.08886719	93.3690414429
2964.63818359	99.0653686523
2967.1875	95.8040237427
2969.73681641	93.9202651978
2972.28613281	95.0088424683
2974.83544922	98.5750579834
2977.38476563	97.172958374
2979.93432617	93.9705276489
2982.48364258	91.4795379639
2985.03295898	89.5207214355
2987.58227539	95.4683380127
2990.1315918	97.9941329956
2992.6809082	89.5484848022
2995.23022461	91.2297210693
2997.77954102	92.1828689575
3000.32885742	92.9356536865
3002.87817383	94.4152374268
3005.42773438	94.5325546265
3007.97705078	85.1447753906
3010.52636719	95.9806365967
3013.07568359	97.4629364014
3015.625	92.9855804443
3018.17431641	91.2989196777
3020.72363281	97.2534637451
3023.27294922	95.7478713989
3025.82226563	96.5310821533
3028.37182617	94.4526062012
3030.92114258	94.629776001
3033.47045898	95.8872070313
3036.01977539	94.9830169678
3038.5690918	96.4331207275
3041.1184082	104.583999634
3043.66772461	103.380722046
3046.21704102	97.0326080322
3048.76635742	102.979957581
3051.31567383	98.9686050415
3053.86523438	97.8686294556
3056.41455078	104.083045959
3058.96386719	98.3045883179
3061.51318359	102.173629761
3064.0625	100.565711975
3066.61181641	103.81086731
3069.16113281	104.262779236
3071.71044922	102.241981506
3074.25976563	100.277244568
3076.80932617	106.712905884
3079.35864258	92.7556838989
3081.90795898	96.4461898804
3084.45727539	105.426437378
3087.0065918	103.234268188
3089.5559082	105.27040863
3092.10522461	106.511993408
3094.65454102	99.7491531372
3097.20385742	105.479003906
3099.75317383	100.324272156
3102.30273438	111.216087341
3104.85205078	106.408561707
3107.40136719	106.69203186
3109.95068359	103.458984375
3112.5	101.308242798
3115.04931641	103.481079102
3117.59863281	104.764404297
3120.14794922	105.417671204
3122.69726563	108.743911743
3125.24682617	105.916130066
3127.79614258	104.095680237
3130.34545898	103.555969238
3132.89477539	110.986183167
3135.4440918	107.237846375
3137.9934082	109.498916626
3140.54272461	110.611709595
3143.09204102	111.945236206
3145.64135742	114.067100525
3148.19067383	115.902359009
3150.74023438	120.982879639
3153.28955078	109.166549683
3155.83886719	110.797950745
3158.38818359	107.899276733
3160.9375	114.325294495
3163.48681641	114.346160889
3166.03613281	103.695777893
3168.58544922	110.578559875
3171.13476563	113.74067688
3173.68432617	112.242485046
3176.23364258	116.837554932
3178.78295898	114.00390625
3181.33227539	118.2082901
3183.8815918	112.850166321
3186.4309082	117.500991821
3188.98022461	120.126289368
3191.52954102	120.409210205
3194.07885742	121.097488403
3196.62817383	121.993385315
3199.17773438	122.163070679
3201.72705078	135.399291992
3204.27636719	122.023788452
3206.82568359	115.963516235
3209.375	119.37613678
3211.92431641	120.84728241
3214.47363281	123.043617249
3217.02294922	129.97428894
3219.57226563	130.646713257
3222.12182617	133.044174194
3224.67114258	130.880340576
3227.22045898	135.973846436
3229.76977539	145.233764648
3232.3190918	137.052856445
3234.8684082	144.987945557
3237.41772461	143.089431763
3239.96704102	135.401977539
3242.51635742	139.389938354
3245.06567383	132.176483154
3247.61523438	138.644592285
3250.16455078	131.371276855
3252.71386719	129.298400879
3255.26318359	129.863464355
3257.8125	130.433074951
3260.36181641	125.774879456
3262.91113281	129.748565674
3265.46044922	130.707275391
3268.00976563	126.160888672
3270.55932617	125.491119385
3273.10864258	129.87940979
3275.65795898	126.755874634
3278.20727539	122.156921387
3280.7565918	130.892852783
3283.3059082	130.423995972
3285.85522461	134.045211792
3288.40454102	138.508743286
3290.95385742	130.292037964
3293.50317383	131.290710449
3296.05273438	131.243347168
3298.60205078	125.380050659
3301.15136719	131.121658325
3303.70068359	129.441711426
3306.25	135.273330688
3308.79931641	132.302886963
3311.34863281	137.795028687
3313.89794922	137.182250977
3316.44726563	129.592269897
3318.99682617	132.342254639
3321.54614258	134.173629761
3324.09545898	134.307556152
3326.64477539	132.751541138
3329.1940918	134.843658447
3331.7434082	142.537704468
3334.29272461	142.129592896
3336.84204102	136.769729614
3339.39135742	141.307098389
3341.94067383	130.409500122
3344.49023438	133.26423645
3347.03955078	140.069778442
3349.58886719	137.771789551
3352.13818359	130.203186035
3354.6875	132.46913147
3357.23681641	135.854522705
3359.78613281	131.98979187
3362.33544922	135.816741943
3364.88476563	135.057388306
3367.43432617	138.316085815
3369.98364258	140.218078613
3372.53295898	142.737167358
3375.08227539	147.027404785
3377.6315918	138.703674316
3380.1809082	135.558609009
3382.73022461	141.931610107
3385.27954102	144.502883911
3387.82885742	148.654129028
3390.37817383	144.206222534
3392.92773438	134.444351196
3395.47705078	142.025146484
3398.02636719	140.938018799
3400.57568359	144.582260132
3403.125	152.186767578
3405.67431641	147.313049316
3408.22363281	145.155899048
3410.77294922	145.064102173
3413.32226563	140.647872925
3415.87182617	149.150878906
3418.42114258	139.943222046
3420.97045898	149.231689453
3423.51977539	146.144577026
3426.0690918	144.090209961
3428.6184082	133.989746094
3431.16772461	149.282455444
3433.71704102	150.602905273
3436.26635742	154.689331055
3438.81567383	150.264587402
3441.36523438	154.545059204
3443.91455078	149.374633789
3446.46386719	146.66835022
3449.01318359	152.772232056
3451.5625	151.150985718
3454.11181641	149.84336853
3456.66113281	156.124008179
3459.21044922	149.392288208
3461.75976563	154.268051147
3464.30932617	156.478485107
3466.85864258	159.073196411
3469.40795898	159.0103302
3471.95727539	159.347564697
3474.5065918	167.331695557
3477.0559082	154.321975708
3479.60522461	153.104629517
3482.15454102	146.914093018
3484.70385742	152.962463379
3487.25317383	154.140945435
3489.80273438	160.159744263
3492.35205078	164.650863647
3494.90136719	161.074371338
3497.45068359	156.270278931
3500	157.132873535
