[Point Spectroscopy Data]
Approach Rate=0.5001 µm/sec
Retreat Rate=0.5001 µm/sec
Z Start=-5.5000 µm
Z End=5.5000 µm
Cycle Hold Time=0.000 sec
½ Cycle Hold Time=0.000 sec
Z Piezo Linerizer On=yes
Trigger on:Deflection Signal   >==0.117200 µm

[Series layout]
Points Number=692
Series Number=1
Trace Z Position, µm	Deflection Signal, V	Retrace Z Position, µm  Deflection Signal, V

[Data]
 -5.500000	  0.069377	  1.930113	  1.022121
 -5.489243	  0.063293	  1.919356	  0.960674
 -5.478490	  0.062076	  1.908603	  0.901355
 -5.467737	  0.057513	  1.897850	  0.827131
 -5.456985	  0.053863	  1.887097	  0.750473
 -5.446232	  0.055384	  1.876345	  0.679596
 -5.435479	  0.053254	  1.865592	  0.600200
 -5.424726	  0.049604	  1.854839	  0.524151
 -5.413973	  0.044433	  1.844087	  0.445060
 -5.403221	  0.043520	  1.833334	  0.365969
 -5.392468	  0.038653	  1.822581	  0.286878
 -5.381716	  0.042608	  1.811828	  0.207786
 -5.370963	  0.035307	  1.801076	  0.128087
 -5.360210	  0.031657	  1.790323	  0.042608
 -5.349457	  0.033482	  1.779571	 -0.040742
 -5.338705	  0.027398	  1.768818	 -0.121963
 -5.327953	  0.029527	  1.758065	 -0.209876
 -5.317200	  0.026181	  1.747312	 -0.286838
 -5.306447	  0.032873	  1.736560	 -0.372013
 -5.295694	  0.022531	  1.725807	 -0.457796
 -5.284941	  0.020705	  1.715055	 -0.454146
 -5.274189	  0.019184	  1.704301	 -0.462663
 -5.263437	  0.018272	  1.693549	 -0.459317
 -5.252683	  0.019489	  1.682796	 -0.445932
 -5.241930	  0.014621	  1.672044	 -0.446541
 -5.231178	  0.008538	  1.661291	 -0.449887
 -5.220425	  0.008538	  1.650538	 -0.454450
 -5.209673	  0.010667	  1.639785	 -0.444716
 -5.198920	  0.007929	  1.629033	 -0.446237
 -5.188167	  0.002454	  1.618280	 -0.467226
 -5.177414	  0.004583	  1.607528	 -0.455363
 -5.166662	  0.000020	  1.596775	 -0.439849
 -5.155909	 -0.001805	  1.586022	 -0.451712
 -5.145157	 -0.001197	  1.575269	 -0.445020
 -5.134404	 -0.003022	  1.564517	 -0.436807
 -5.123651	 -0.001501	  1.553764	 -0.430418
 -5.112898	 -0.007281	  1.543011	 -0.423726
 -5.102146	 -0.004239	  1.532258	 -0.418251
 -5.091393	 -0.004847	  1.521506	 -0.434677
 -5.080640	 -0.010018	  1.510753	 -0.406995
 -5.069887	 -0.014581	  1.500001	 -0.418555
 -5.059135	 -0.015798	  1.489248	 -0.417034
 -5.048382	 -0.013669	  1.478495	 -0.392394
 -5.037630	 -0.015494	  1.467742	 -0.398174
 -5.026877	 -0.013669	  1.456990	 -0.392090
 -5.016124	 -0.016407	  1.446237	 -0.397869
 -5.005371	 -0.019449	  1.435485	 -0.392394
 -4.994618	 -0.017928	  1.424732	 -0.394523
 -4.983866	 -0.019753	  1.413979	 -0.396348
 -4.973114	 -0.023403	  1.403226	 -0.393002
 -4.962360	 -0.021578	  1.392474	 -0.392090
 -4.951608	 -0.028574	  1.381721	 -0.379009
 -4.940855	 -0.026445	  1.370968	 -0.384485
 -4.930102	 -0.029487	  1.360216	 -0.382659
 -4.919350	 -0.028270	  1.349463	 -0.371404
 -4.908597	 -0.033137	  1.338710	 -0.365016
 -4.897844	 -0.034050	  1.327957	 -0.366537
 -4.887092	 -0.036179	  1.317205	 -0.363799
 -4.876339	 -0.037700	  1.306452	 -0.364712
 -4.865586	 -0.039221	  1.295699	 -0.367754
 -4.854834	 -0.033137	  1.284947	 -0.364408
 -4.844081	 -0.042567	  1.274194	 -0.377792
 -4.833328	 -0.040438	  1.263441	 -0.384485
 -4.822576	 -0.045001	  1.252689	 -0.358324
 -4.811823	 -0.043176	  1.241936	 -0.355282
 -4.801070	 -0.043480	  1.231183	 -0.346460
 -4.790318	 -0.046218	  1.220431	 -0.354673
 -4.779565	 -0.049260	  1.209678	 -0.357411
 -4.768812	 -0.047739	  1.198925	 -0.333075
 -4.758060	 -0.051389	  1.188173	 -0.331250
 -4.747307	 -0.049868	  1.177420	 -0.330946
 -4.736554	 -0.051693	  1.166667	 -0.333988
 -4.725801	 -0.050477	  1.155915	 -0.328208
 -4.715049	 -0.052910	  1.145162	 -0.333684
 -4.704296	 -0.052910	  1.134409	 -0.328817
 -4.693543	 -0.058386	  1.123657	 -0.331250
 -4.682791	 -0.062644	  1.112904	 -0.323950
 -4.672038	 -0.062036	  1.102151	 -0.324862
 -4.661285	 -0.059603	  1.091398	 -0.330946
 -4.650533	 -0.059907	  1.080646	 -0.323950
 -4.639780	 -0.059603	  1.069893	 -0.329121
 -4.629027	 -0.060819	  1.059140	 -0.323645
 -4.618275	 -0.066599	  1.048388	 -0.326991
 -4.607522	 -0.064470	  1.037635	 -0.330033
 -4.596769	 -0.071162	  1.026882	 -0.326079
 -4.586017	 -0.068120	  1.016130	 -0.321516
 -4.575264	 -0.070554	  1.005377	 -0.327904
 -4.564511	 -0.065686	  0.994624	 -0.319691
 -4.553758	 -0.072683	  0.983872	 -0.315736
 -4.543005	 -0.069641	  0.973119	 -0.323341
 -4.532253	 -0.073596	  0.962366	 -0.323950
 -4.521500	 -0.076942	  0.951613	 -0.328208
 -4.510748	 -0.076942	  0.940861	 -0.321820
 -4.499995	 -0.079071	  0.930108	 -0.313607
 -4.489242	 -0.076333	  0.919355	 -0.313303
 -4.478489	 -0.080288	  0.908603	 -0.313911
 -4.467737	 -0.080288	  0.897850	 -0.311477
 -4.456984	 -0.086980	  0.887097	 -0.312086
 -4.446232	 -0.085763	  0.876345	 -0.314519
 -4.435479	 -0.085459	  0.865592	 -0.314824
 -4.424726	 -0.085763	  0.854839	 -0.315736
 -4.413973	 -0.083938	  0.844087	 -0.316040
 -4.403221	 -0.091239	  0.833334	 -0.312390
 -4.392468	 -0.086068	  0.822581	 -0.316953
 -4.381715	 -0.090935	  0.811829	 -0.315432
 -4.370963	 -0.094585	  0.801076	 -0.310869
 -4.360210	 -0.095194	  0.790323	 -0.311782
 -4.349457	 -0.101277	  0.779571	 -0.317561
 -4.338705	 -0.100365	  0.768818	 -0.316040
 -4.327952	 -0.097323	  0.758065	 -0.316649
 -4.317199	 -0.096410	  0.747312	 -0.314519
 -4.306447	 -0.101582	  0.736560	 -0.314519
 -4.295694	 -0.100365	  0.725807	 -0.314519
 -4.284941	 -0.097323	  0.715054	 -0.308131
 -4.274189	 -0.102494	  0.704302	 -0.312086
 -4.263436	 -0.105232	  0.693549	 -0.309044
 -4.252683	 -0.105232	  0.682796	 -0.306915
 -4.241930	 -0.100669	  0.672044	 -0.309652
 -4.231178	 -0.105840	  0.661291	 -0.306610
 -4.220425	 -0.102190	  0.650538	 -0.312390
 -4.209672	 -0.108578	  0.639786	 -0.311477
 -4.198920	 -0.107970	  0.629033	 -0.308131
 -4.188167	 -0.109491	  0.618280	 -0.302960
 -4.177414	 -0.107666	  0.607527	 -0.306002
 -4.166662	 -0.110403	  0.596775	 -0.304785
 -4.155909	 -0.112533	  0.586022	 -0.305394
 -4.145156	 -0.112533	  0.575269	 -0.304785
 -4.134403	 -0.111012	  0.564517	 -0.296876
 -4.123651	 -0.118313	  0.553764	 -0.301743
 -4.112898	 -0.114966	  0.543011	 -0.303568
 -4.102146	 -0.116792	  0.532259	 -0.304785
 -4.091393	 -0.115271	  0.521506	 -0.297180
 -4.080640	 -0.121963	  0.510753	 -0.302656
 -4.069887	 -0.115575	  0.500000	 -0.301743
 -4.059134	 -0.125613	  0.489248	 -0.299310
 -4.048382	 -0.122875	  0.478495	 -0.308131
 -4.037629	 -0.119225	  0.467742	 -0.306915
 -4.026876	 -0.126222	  0.456990	 -0.310565
 -4.016124	 -0.125309	  0.446237	 -0.302047
 -4.005371	 -0.128655	  0.435484	 -0.307523
 -3.994619	 -0.128655	  0.424732	 -0.304177
 -3.983866	 -0.130176	  0.413979	 -0.299310
 -3.973113	 -0.132914	  0.403226	 -0.304481
 -3.962361	 -0.130785	  0.392474	 -0.299918
 -3.951608	 -0.132001	  0.381721	 -0.305698
 -3.940855	 -0.135348	  0.370968	 -0.305089
 -3.930103	 -0.130785	  0.360216	 -0.301743
 -3.919349	 -0.132914	  0.349463	 -0.298397
 -3.908597	 -0.136260	  0.338710	 -0.299614
 -3.897844	 -0.139302	  0.327957	 -0.294138
 -3.887092	 -0.135348	  0.317205	 -0.293834
 -3.876339	 -0.138085	  0.306452	 -0.297789
 -3.865587	 -0.136869	  0.295699	 -0.298397
 -3.854833	 -0.140215	  0.284947	 -0.295051
 -3.844081	 -0.140519	  0.274194	 -0.297789
 -3.833328	 -0.140215	  0.263441	 -0.300526
 -3.822576	 -0.146603	  0.252689	 -0.302047
 -3.811823	 -0.143561	  0.241936	 -0.309044
 -3.801070	 -0.148732	  0.231183	 -0.295963
 -3.790318	 -0.147515	  0.220431	 -0.292617
 -3.779565	 -0.148428	  0.209678	 -0.295659
 -3.768812	 -0.149645	  0.198925	 -0.299614
 -3.758060	 -0.146603	  0.188173	 -0.298093
 -3.747306	 -0.149036	  0.177420	 -0.296572
 -3.736554	 -0.150862	  0.166667	 -0.295963
 -3.725801	 -0.155729	  0.155914	 -0.296876
 -3.715049	 -0.150557	  0.145162	 -0.295963
 -3.704296	 -0.150253	  0.134409	 -0.294747
 -3.693543	 -0.156641	  0.123656	 -0.299918
 -3.682790	 -0.156033	  0.112904	 -0.306002
 -3.672038	 -0.161813	  0.102151	 -0.297180
 -3.661285	 -0.158162	  0.091398	 -0.300526
 -3.650533	 -0.159075	  0.080646	 -0.304177
 -3.639780	 -0.157858	  0.069893	 -0.298093
 -3.629027	 -0.163029	  0.059140	 -0.301439
 -3.618274	 -0.162117	  0.048388	 -0.291096
 -3.607522	 -0.165463	  0.037635	 -0.292617
 -3.596769	 -0.158771	  0.026882	 -0.299310
 -3.586016	 -0.162117	  0.016129	 -0.299310
 -3.575264	 -0.163942	  0.005377	 -0.299005
 -3.564511	 -0.170330	 -0.005376	 -0.295963
 -3.553758	 -0.166376	 -0.016129	 -0.291400
 -3.543006	 -0.167288	 -0.026881	 -0.286838
 -3.532253	 -0.169722	 -0.037634	 -0.293530
 -3.521500	 -0.171547	 -0.048387	 -0.293226
 -3.510747	 -0.171547	 -0.059139	 -0.290792
 -3.499995	 -0.164855	 -0.069892	 -0.291400
 -3.489242	 -0.177327	 -0.080645	 -0.290792
 -3.478490	 -0.173372	 -0.091397	 -0.285925
 -3.467737	 -0.177327	 -0.102150	 -0.288359
 -3.456984	 -0.178848	 -0.112903	 -0.282883
 -3.446231	 -0.177022	 -0.123655	 -0.287446
 -3.435478	 -0.180369	 -0.134408	 -0.289271
 -3.424726	 -0.181890	 -0.145161	 -0.293530
 -3.413974	 -0.182802	 -0.155914	 -0.290184
 -3.403221	 -0.180369	 -0.166666	 -0.297180
 -3.392468	 -0.184323	 -0.177419	 -0.293834
 -3.381715	 -0.180977	 -0.188172	 -0.298093
 -3.370963	 -0.182498	 -0.198924	 -0.298701
 -3.360210	 -0.182802	 -0.209677	 -0.299918
 -3.349458	 -0.186453	 -0.220430	 -0.295963
 -3.338704	 -0.187365	 -0.231182	 -0.298093
 -3.327952	 -0.187365	 -0.241935	 -0.297180
 -3.317199	 -0.194057	 -0.252688	 -0.297789
 -3.306447	 -0.194057	 -0.263440	 -0.297180
 -3.295694	 -0.191928	 -0.274193	 -0.297484
 -3.284941	 -0.191624	 -0.284946	 -0.288967
 -3.274188	 -0.195883	 -0.295698	 -0.294747
 -3.263436	 -0.194057	 -0.306451	 -0.290184
 -3.252683	 -0.192232	 -0.317204	 -0.289271
 -3.241930	 -0.199837	 -0.327957	 -0.285621
 -3.231177	 -0.194362	 -0.338709	 -0.283491
 -3.220425	 -0.198012	 -0.349462	 -0.287446
 -3.209672	 -0.196187	 -0.360215	 -0.284100
 -3.198919	 -0.200446	 -0.370967	 -0.279841
 -3.188167	 -0.196795	 -0.381720	 -0.284404
 -3.177414	 -0.207442	 -0.392473	 -0.282883
 -3.166662	 -0.199533	 -0.403225	 -0.285012
 -3.155909	 -0.203183	 -0.413978	 -0.285925
 -3.145156	 -0.202879	 -0.424731	 -0.276799
 -3.134403	 -0.206834	 -0.435483	 -0.282275
 -3.123651	 -0.202879	 -0.446236	 -0.284100
 -3.112898	 -0.212309	 -0.456989	 -0.286533
 -3.102145	 -0.205921	 -0.467742	 -0.286838
 -3.091393	 -0.211701	 -0.478494	 -0.285317
 -3.080640	 -0.207442	 -0.489247	 -0.290488
 -3.069887	 -0.204704	 -0.500000	 -0.289575
 -3.059134	 -0.213222	 -0.510752	 -0.285925
 -3.048382	 -0.215960	 -0.521505	 -0.293226
 -3.037629	 -0.212918	 -0.532258	 -0.295659
 -3.026877	 -0.218697	 -0.543010	 -0.298397
 -3.016124	 -0.212614	 -0.553763	 -0.281058
 -3.005371	 -0.220523	 -0.564516	 -0.283491
 -2.994618	 -0.219610	 -0.575268	 -0.281666
 -2.983865	 -0.221131	 -0.586021	 -0.285317
 -2.973113	 -0.221739	 -0.596774	 -0.285012
 -2.962360	 -0.219002	 -0.607526	 -0.285925
 -2.951608	 -0.220827	 -0.618279	 -0.284404
 -2.940855	 -0.222652	 -0.629032	 -0.287142
 -2.930102	 -0.219002	 -0.639785	 -0.279233
 -2.919350	 -0.223869	 -0.650537	 -0.279841
 -2.908597	 -0.223260	 -0.661290	 -0.276191
 -2.897844	 -0.223565	 -0.672043	 -0.284404
 -2.887091	 -0.227823	 -0.682795	 -0.289575
 -2.876338	 -0.226607	 -0.693548	 -0.282883
 -2.865586	 -0.230865	 -0.704301	 -0.281666
 -2.854834	 -0.225086	 -0.715053	 -0.279841
 -2.844081	 -0.223869	 -0.725806	 -0.284708
 -2.833328	 -0.233907	 -0.736559	 -0.280145
 -2.822575	 -0.229649	 -0.747311	 -0.284100
 -2.811822	 -0.229344	 -0.758064	 -0.284100
 -2.801070	 -0.236037	 -0.768817	 -0.281058
 -2.790318	 -0.234820	 -0.779570	 -0.278928
 -2.779565	 -0.234820	 -0.790322	 -0.278624
 -2.768812	 -0.233603	 -0.801075	 -0.278320
 -2.758059	 -0.232386	 -0.811828	 -0.280145
 -2.747307	 -0.234516	 -0.822580	 -0.277103
 -2.736554	 -0.234820	 -0.833333	 -0.281362
 -2.725801	 -0.236645	 -0.844086	 -0.279537
 -2.715048	 -0.237558	 -0.854838	 -0.279233
 -2.704296	 -0.241816	 -0.865591	 -0.283491
 -2.693543	 -0.242121	 -0.876344	 -0.286229
 -2.682791	 -0.238470	 -0.887096	 -0.280449
 -2.672038	 -0.243337	 -0.897849	 -0.275886
 -2.661285	 -0.245163	 -0.908602	 -0.276495
 -2.650532	 -0.242729	 -0.919354	 -0.278320
 -2.639780	 -0.246075	 -0.930107	 -0.278016
 -2.629027	 -0.244554	 -0.940860	 -0.279233
 -2.618274	 -0.245467	 -0.951613	 -0.282579
 -2.607522	 -0.245163	 -0.962365	 -0.286229
 -2.596769	 -0.251246	 -0.973118	 -0.282275
 -2.586016	 -0.245163	 -0.983871	 -0.280754
 -2.575264	 -0.251246	 -0.994623	 -0.278928
 -2.564511	 -0.250638	 -1.005376	 -0.282579
 -2.553758	 -0.248813	 -1.016129	 -0.284100
 -2.543006	 -0.254593	 -1.026881	 -0.284100
 -2.532253	 -0.250942	 -1.037634	 -0.280754
 -2.521500	 -0.254897	 -1.048387	 -0.272540
 -2.510747	 -0.251246	 -1.059139	 -0.280449
 -2.499995	 -0.255809	 -1.069892	 -0.274670
 -2.489242	 -0.259764	 -1.080645	 -0.277407
 -2.478489	 -0.258243	 -1.091398	 -0.274061
 -2.467737	 -0.260372	 -1.102150	 -0.272540
 -2.456984	 -0.257330	 -1.112903	 -0.267673
 -2.446231	 -0.260372	 -1.123655	 -0.276495
 -2.435479	 -0.261589	 -1.134408	 -0.278320
 -2.424726	 -0.260677	 -1.145161	 -0.279537
 -2.413973	 -0.260677	 -1.155914	 -0.275582
 -2.403221	 -0.261285	 -1.166666	 -0.274670
 -2.392468	 -0.261893	 -1.177419	 -0.276799
 -2.381715	 -0.260372	 -1.188172	 -0.267977
 -2.370963	 -0.261589	 -1.198924	 -0.277407
 -2.360210	 -0.265544	 -1.209677	 -0.275582
 -2.349457	 -0.264935	 -1.220430	 -0.276495
 -2.338705	 -0.264631	 -1.231182	 -0.275278
 -2.327952	 -0.264327	 -1.241935	 -0.274365
 -2.317199	 -0.267673	 -1.252688	 -0.273757
 -2.306446	 -0.264631	 -1.263440	 -0.274974
 -2.295694	 -0.268586	 -1.274193	 -0.276799
 -2.284941	 -0.273453	 -1.284946	 -0.275886
 -2.274188	 -0.271628	 -1.295699	 -0.273757
 -2.263436	 -0.274974	 -1.306451	 -0.274974
 -2.252683	 -0.274670	 -1.317204	 -0.269803
 -2.241930	 -0.277103	 -1.327957	 -0.270107
 -2.231178	 -0.276799	 -1.338709	 -0.273453
 -2.220425	 -0.274974	 -1.349462	 -0.270107
 -2.209672	 -0.276495	 -1.360215	 -0.274974
 -2.198920	 -0.276799	 -1.370967	 -0.270107
 -2.188167	 -0.274061	 -1.381720	 -0.273149
 -2.177414	 -0.274670	 -1.392473	 -0.272844
 -2.166662	 -0.279537	 -1.403226	 -0.271323
 -2.155909	 -0.277407	 -1.413978	 -0.273149
 -2.145156	 -0.277407	 -1.424731	 -0.274670
 -2.134403	 -0.280449	 -1.435484	 -0.271932
 -2.123651	 -0.278320	 -1.446236	 -0.271323
 -2.112898	 -0.284404	 -1.456989	 -0.274974
 -2.102145	 -0.281970	 -1.467742	 -0.267977
 -2.091393	 -0.284404	 -1.478494	 -0.271932
 -2.080640	 -0.279233	 -1.489247	 -0.268586
 -2.069887	 -0.280754	 -1.500000	 -0.271323
 -2.059134	 -0.285621	 -1.510752	 -0.267673
 -2.048382	 -0.286229	 -1.521505	 -0.272844
 -2.037629	 -0.283796	 -1.532258	 -0.272236
 -2.026877	 -0.287446	 -1.543010	 -0.267065
 -2.016124	 -0.288663	 -1.553763	 -0.265848
 -2.005371	 -0.288359	 -1.564516	 -0.268890
 -1.994618	 -0.288359	 -1.575269	 -0.266152
 -1.983866	 -0.288054	 -1.586021	 -0.275278
 -1.973113	 -0.287142	 -1.596774	 -0.267977
 -1.962361	 -0.290488	 -1.607527	 -0.268282
 -1.951607	 -0.294442	 -1.618279	 -0.269803
 -1.940855	 -0.294442	 -1.629032	 -0.266456
 -1.930102	 -0.292921	 -1.639785	 -0.266152
 -1.919350	 -0.297484	 -1.650537	 -0.270411
 -1.908597	 -0.294442	 -1.661290	 -0.268586
 -1.897844	 -0.292009	 -1.672043	 -0.267065
 -1.887091	 -0.298093	 -1.682795	 -0.267673
 -1.876339	 -0.297180	 -1.693548	 -0.264935
 -1.865586	 -0.296268	 -1.704301	 -0.264631
 -1.854834	 -0.295659	 -1.715054	 -0.268890
 -1.844081	 -0.299005	 -1.725806	 -0.268890
 -1.833328	 -0.298397	 -1.736559	 -0.269194
 -1.822575	 -0.300222	 -1.747311	 -0.263414
 -1.811823	 -0.299918	 -1.758064	 -0.258243
 -1.801070	 -0.299614	 -1.768817	 -0.262502
 -1.790318	 -0.297180	 -1.779570	 -0.267065
 -1.779564	 -0.302960	 -1.790322	 -0.261893
 -1.768812	 -0.304177	 -1.801075	 -0.264631
 -1.758059	 -0.300831	 -1.811828	 -0.267065
 -1.747307	 -0.305698	 -1.822580	 -0.265544
 -1.736554	 -0.307219	 -1.833333	 -0.260068
 -1.725801	 -0.304481	 -1.844086	 -0.266761
 -1.715048	 -0.303264	 -1.854838	 -0.262806
 -1.704296	 -0.304177	 -1.865591	 -0.265240
 -1.693543	 -0.304785	 -1.876344	 -0.266761
 -1.682791	 -0.307827	 -1.887097	 -0.263414
 -1.672038	 -0.302960	 -1.897849	 -0.259156
 -1.661285	 -0.308740	 -1.908602	 -0.262198
 -1.650532	 -0.307827	 -1.919355	 -0.259156
 -1.639780	 -0.312086	 -1.930107	 -0.262198
 -1.629027	 -0.314824	 -1.940860	 -0.263414
 -1.618274	 -0.309956	 -1.951613	 -0.257939
 -1.607522	 -0.312998	 -1.962365	 -0.264023
 -1.596769	 -0.310565	 -1.973118	 -0.264631
 -1.586016	 -0.313607	 -1.983871	 -0.264631
 -1.575264	 -0.314824	 -1.994623	 -0.258243
 -1.564511	 -0.312086	 -2.005376	 -0.260677
 -1.553758	 -0.316040	 -2.016129	 -0.261589
 -1.543005	 -0.311782	 -2.026881	 -0.259156
 -1.532253	 -0.315128	 -2.037634	 -0.257939
 -1.521500	 -0.316345	 -2.048387	 -0.254288
 -1.510747	 -0.312086	 -2.059139	 -0.258547
 -1.499995	 -0.317257	 -2.069892	 -0.258243
 -1.489242	 -0.317561	 -2.080645	 -0.260981
 -1.478489	 -0.318778	 -2.091398	 -0.258243
 -1.467737	 -0.314824	 -2.102150	 -0.252463
 -1.456984	 -0.314215	 -2.112903	 -0.257330
 -1.446231	 -0.318778	 -2.123656	 -0.250334
 -1.435479	 -0.323950	 -2.134408	 -0.258547
 -1.424726	 -0.318170	 -2.145161	 -0.257635
 -1.413973	 -0.317866	 -2.155914	 -0.260372
 -1.403220	 -0.317866	 -2.166666	 -0.257026
 -1.392468	 -0.321212	 -2.177419	 -0.253680
 -1.381715	 -0.318778	 -2.188172	 -0.256114
 -1.370963	 -0.321212	 -2.198925	 -0.257330
 -1.360210	 -0.322733	 -2.209677	 -0.253376
 -1.349457	 -0.325166	 -2.220430	 -0.256114
 -1.338704	 -0.325471	 -2.231182	 -0.253376
 -1.327952	 -0.326079	 -2.241935	 -0.257939
 -1.317199	 -0.325471	 -2.252688	 -0.251855
 -1.306446	 -0.326991	 -2.263441	 -0.254288
 -1.295694	 -0.330946	 -2.274193	 -0.253072
 -1.284941	 -0.326079	 -2.284946	 -0.258547
 -1.274188	 -0.330642	 -2.295699	 -0.250942
 -1.263436	 -0.332467	 -2.306452	 -0.253680
 -1.252683	 -0.327904	 -2.317204	 -0.256722
 -1.241930	 -0.328208	 -2.327957	 -0.254593
 -1.231177	 -0.333988	 -2.338709	 -0.253680
 -1.220425	 -0.334596	 -2.349462	 -0.256722
 -1.209672	 -0.331250	 -2.360215	 -0.253680
 -1.198919	 -0.333988	 -2.370968	 -0.250030
 -1.188167	 -0.333075	 -2.381720	 -0.250638
 -1.177414	 -0.333075	 -2.392473	 -0.251551
 -1.166661	 -0.327296	 -2.403225	 -0.246684
 -1.155909	 -0.332163	 -2.413979	 -0.254288
 -1.145156	 -0.336117	 -2.424731	 -0.246075
 -1.134403	 -0.327904	 -2.435484	 -0.251246
 -1.123650	 -0.333380	 -2.446236	 -0.244554
 -1.112898	 -0.332163	 -2.456989	 -0.247900
 -1.102145	 -0.333684	 -2.467742	 -0.248205
 -1.091392	 -0.330946	 -2.478495	 -0.251551
 -1.080640	 -0.334901	 -2.489247	 -0.247596
 -1.069887	 -0.336422	 -2.500000	 -0.251246
 -1.059134	 -0.334901	 -2.510752	 -0.250030
 -1.048382	 -0.339159	 -2.521505	 -0.247292
 -1.037629	 -0.333380	 -2.532258	 -0.245771
 -1.026876	 -0.333988	 -2.543010	 -0.250334
 -1.016124	 -0.335205	 -2.553763	 -0.249117
 -1.005371	 -0.332467	 -2.564516	 -0.242425
 -0.994618	 -0.337030	 -2.575269	 -0.242729
 -0.983866	 -0.335813	 -2.586021	 -0.242121
 -0.973113	 -0.337638	 -2.596774	 -0.242425
 -0.962360	 -0.341897	 -2.607527	 -0.246684
 -0.951607	 -0.340680	 -2.618279	 -0.240600
 -0.940855	 -0.342506	 -2.629032	 -0.240600
 -0.930102	 -0.338247	 -2.639785	 -0.245163
 -0.919349	 -0.340376	 -2.650537	 -0.244554
 -0.908597	 -0.346156	 -2.661290	 -0.245467
 -0.897844	 -0.342201	 -2.672043	 -0.250030
 -0.887091	 -0.340072	 -2.682795	 -0.244250
 -0.876339	 -0.346764	 -2.693548	 -0.243642
 -0.865586	 -0.341897	 -2.704301	 -0.242121
 -0.854833	 -0.341593	 -2.715054	 -0.241816
 -0.844081	 -0.340376	 -2.725806	 -0.242425
 -0.833328	 -0.346156	 -2.736559	 -0.238470
 -0.822575	 -0.347068	 -2.747311	 -0.239991
 -0.811823	 -0.343722	 -2.758064	 -0.241816
 -0.801070	 -0.347981	 -2.768817	 -0.236341
 -0.790317	 -0.347373	 -2.779570	 -0.242729
 -0.779564	 -0.344939	 -2.790322	 -0.237558
 -0.768812	 -0.345852	 -2.801075	 -0.239383
 -0.758059	 -0.346156	 -2.811828	 -0.237558
 -0.747306	 -0.347981	 -2.822581	 -0.235428
 -0.736554	 -0.350110	 -2.833333	 -0.239079
 -0.725801	 -0.346460	 -2.844086	 -0.239991
 -0.715048	 -0.344635	 -2.854838	 -0.237862
 -0.704296	 -0.343722	 -2.865591	 -0.236645
 -0.693543	 -0.347981	 -2.876344	 -0.242121
 -0.682790	 -0.350719	 -2.887097	 -0.231778
 -0.672038	 -0.345852	 -2.897849	 -0.234820
 -0.661285	 -0.345547	 -2.908602	 -0.234820
 -0.650532	 -0.347068	 -2.919354	 -0.232082
 -0.639780	 -0.348285	 -2.930107	 -0.238166
 -0.629027	 -0.353457	 -2.940860	 -0.232690
 -0.618274	 -0.348894	 -2.951613	 -0.234820
 -0.607521	 -0.350415	 -2.962365	 -0.229953
 -0.596769	 -0.352848	 -2.973118	 -0.236645
 -0.586016	 -0.350415	 -2.983871	 -0.230561
 -0.575263	 -0.349502	 -2.994623	 -0.228736
 -0.564511	 -0.358020	 -3.005376	 -0.233603
 -0.553758	 -0.356194	 -3.016129	 -0.228432
 -0.543005	 -0.348894	 -3.026881	 -0.230257
 -0.532253	 -0.355586	 -3.037634	 -0.234516
 -0.521500	 -0.353152	 -3.048387	 -0.229040
 -0.510747	 -0.350415	 -3.059140	 -0.227215
 -0.499995	 -0.354673	 -3.069892	 -0.234211
 -0.489242	 -0.352848	 -3.080645	 -0.233907
 -0.478489	 -0.355282	 -3.091398	 -0.225694
 -0.467736	 -0.352848	 -3.102150	 -0.229040
 -0.456984	 -0.353152	 -3.112903	 -0.225086
 -0.446231	 -0.350719	 -3.123656	 -0.230561
 -0.435478	 -0.353152	 -3.134408	 -0.226302
 -0.424726	 -0.354065	 -3.145161	 -0.232386
 -0.413973	 -0.352240	 -3.155914	 -0.224781
 -0.403220	 -0.357107	 -3.166667	 -0.228736
 -0.392468	 -0.357715	 -3.177419	 -0.225694
 -0.381715	 -0.352848	 -3.188172	 -0.230257
 -0.370962	 -0.347981	 -3.198925	 -0.224477
 -0.360210	 -0.352544	 -3.209677	 -0.224173
 -0.349457	 -0.355282	 -3.220430	 -0.220523
 -0.338704	 -0.354065	 -3.231183	 -0.225390
 -0.327952	 -0.353761	 -3.241935	 -0.226302
 -0.317199	 -0.355282	 -3.252688	 -0.219306
 -0.306446	 -0.354978	 -3.263441	 -0.222956
 -0.295693	 -0.358932	 -3.274193	 -0.222348
 -0.284941	 -0.355586	 -3.284946	 -0.220218
 -0.274188	 -0.357107	 -3.295699	 -0.218393
 -0.263435	 -0.358932	 -3.306451	 -0.218089
 -0.252683	 -0.353761	 -3.317204	 -0.220523
 -0.241930	 -0.362583	 -3.327957	 -0.219610
 -0.231177	 -0.360149	 -3.338710	 -0.218089
 -0.220425	 -0.360453	 -3.349462	 -0.218089
 -0.209672	 -0.359236	 -3.360215	 -0.218089
 -0.198919	 -0.356803	 -3.370967	 -0.212309
 -0.188167	 -0.357715	 -3.381721	 -0.212614
 -0.177414	 -0.354673	 -3.392473	 -0.218089
 -0.166661	 -0.358324	 -3.403226	 -0.213526
 -0.155909	 -0.361974	 -3.413978	 -0.213526
 -0.145156	 -0.358324	 -3.424731	 -0.216872
 -0.134403	 -0.357411	 -3.435484	 -0.214134
 -0.123650	 -0.357715	 -3.446237	 -0.216872
 -0.112898	 -0.356803	 -3.456989	 -0.215047
 -0.102145	 -0.365320	 -3.467742	 -0.214134
 -0.091387	 -0.359236	 -3.478494	 -0.212309
 -0.080640	 -0.359541	 -3.489247	 -0.214134
 -0.069887	 -0.355890	 -3.500000	 -0.211701
 -0.059134	 -0.359541	 -3.510753	 -0.209876
 -0.048382	 -0.362583	 -3.521505	 -0.208051
 -0.037629	 -0.363191	 -3.532258	 -0.208659
 -0.026876	 -0.358324	 -3.543010	 -0.213222
 -0.016124	 -0.359236	 -3.553763	 -0.209267
 -0.005371	 -0.363495	 -3.564516	 -0.211701
  0.005382	 -0.361062	 -3.575269	 -0.206834
  0.016134	 -0.362887	 -3.586021	 -0.208051
  0.026887	 -0.363495	 -3.596774	 -0.204400
  0.037640	 -0.363799	 -3.607527	 -0.206225
  0.048393	 -0.364103	 -3.618279	 -0.206834
  0.059145	 -0.361670	 -3.629032	 -0.205009
  0.069898	 -0.360453	 -3.639785	 -0.209876
  0.080651	 -0.361974	 -3.650537	 -0.202271
  0.091403	 -0.356803	 -3.661290	 -0.205617
  0.102156	 -0.363191	 -3.672043	 -0.203488
  0.112909	 -0.361062	 -3.682796	 -0.200446
  0.123661	 -0.365016	 -3.693548	 -0.202879
  0.134414	 -0.363191	 -3.704301	 -0.199837
  0.145167	 -0.357107	 -3.715054	 -0.204096
  0.155919	 -0.363191	 -3.725806	 -0.202575
  0.166672	 -0.363191	 -3.736559	 -0.199533
  0.177425	 -0.361366	 -3.747312	 -0.204400
  0.188178	 -0.360149	 -3.758065	 -0.200446
  0.198930	 -0.366841	 -3.768817	 -0.200750
  0.209683	 -0.361366	 -3.779570	 -0.199533
  0.220436	 -0.363191	 -3.790323	 -0.195274
  0.231188	 -0.367450	 -3.801075	 -0.199837
  0.241941	 -0.364408	 -3.811828	 -0.198316
  0.252694	 -0.360757	 -3.822581	 -0.201054
  0.263446	 -0.362583	 -3.833333	 -0.198012
  0.274199	 -0.360453	 -3.844086	 -0.198620
  0.284952	 -0.362583	 -3.854839	 -0.197708
  0.295704	 -0.364712	 -3.865591	 -0.192537
  0.306457	 -0.360453	 -3.876344	 -0.194666
  0.317210	 -0.361366	 -3.887097	 -0.197099
  0.327963	 -0.360149	 -3.897849	 -0.197099
  0.338715	 -0.362887	 -3.908602	 -0.192841
  0.349468	 -0.369883	 -3.919355	 -0.193145
  0.360221	 -0.367450	 -3.930107	 -0.192232
  0.370973	 -0.357715	 -3.940860	 -0.195274
  0.381726	 -0.365624	 -3.951613	 -0.192232
  0.392479	 -0.360453	 -3.962366	 -0.192232
  0.403231	 -0.361670	 -3.973118	 -0.192232
  0.413984	 -0.366233	 -3.983871	 -0.192841
  0.424737	 -0.365624	 -3.994624	 -0.193145
  0.435489	 -0.364712	 -4.005376	 -0.185844
  0.446242	 -0.364712	 -4.016129	 -0.186148
  0.456995	 -0.360453	 -4.026882	 -0.191320
  0.467747	 -0.365320	 -4.037634	 -0.188278
  0.478500	 -0.371404	 -4.048387	 -0.191016
  0.489253	 -0.364712	 -4.059140	 -0.185236
  0.500006	 -0.362583	 -4.069892	 -0.185844
  0.510758	 -0.366537	 -4.080646	 -0.188886
  0.521511	 -0.368058	 -4.091398	 -0.184323
  0.532264	 -0.367450	 -4.102150	 -0.181585
  0.543016	 -0.365016	 -4.112903	 -0.181890
  0.553769	 -0.366841	 -4.123656	 -0.181281
  0.564522	 -0.365016	 -4.134408	 -0.178239
  0.575274	 -0.359541	 -4.145162	 -0.183715
  0.586027	 -0.365320	 -4.155914	 -0.177631
  0.596780	 -0.364103	 -4.166667	 -0.183106
  0.607532	 -0.366841	 -4.177419	 -0.180369
  0.618285	 -0.364408	 -4.188172	 -0.177935
  0.629038	 -0.368058	 -4.198925	 -0.180064
  0.639791	 -0.357715	 -4.209677	 -0.177327
  0.650543	 -0.365320	 -4.220430	 -0.176718
  0.661296	 -0.362278	 -4.231183	 -0.174285
  0.672048	 -0.365016	 -4.241935	 -0.180064
  0.682801	 -0.362887	 -4.252688	 -0.181890
  0.693554	 -0.361670	 -4.263441	 -0.176718
  0.704307	 -0.363191	 -4.274193	 -0.178848
  0.715059	 -0.366841	 -4.284946	 -0.175197
  0.725812	 -0.360149	 -4.295699	 -0.172460
  0.736565	 -0.361974	 -4.306451	 -0.174893
  0.747317	 -0.360149	 -4.317204	 -0.177327
  0.758070	 -0.363799	 -4.327957	 -0.174589
  0.768823	 -0.362278	 -4.338709	 -0.171547
  0.779575	 -0.362887	 -4.349462	 -0.172155
  0.790328	 -0.360149	 -4.360215	 -0.167897
  0.801081	 -0.365624	 -4.370968	 -0.168809
  0.811834	 -0.358628	 -4.381721	 -0.166071
  0.822586	 -0.360453	 -4.392473	 -0.169722
  0.833339	 -0.360757	 -4.403225	 -0.169113
  0.844092	 -0.363799	 -4.413978	 -0.169722
  0.854844	 -0.367450	 -4.424731	 -0.171547
  0.865597	 -0.366233	 -4.435484	 -0.167897
  0.876350	 -0.363191	 -4.446237	 -0.168809
  0.887102	 -0.364408	 -4.456989	 -0.166984
  0.897855	 -0.360149	 -4.467741	 -0.168201
  0.908608	 -0.362583	 -4.478494	 -0.167897
  0.919360	 -0.363799	 -4.489247	 -0.163334
  0.930113	 -0.363799	 -4.500000	 -0.168809
  0.940866	 -0.364712	 -4.510753	 -0.163334
  0.951618	 -0.361366	 -4.521505	 -0.164246
  0.962371	 -0.361670	 -4.532258	 -0.161508
  0.973124	 -0.362278	 -4.543011	 -0.166376
  0.983877	 -0.368362	 -4.553763	 -0.163029
  0.994629	 -0.365016	 -4.564516	 -0.158162
  1.005382	 -0.361974	 -4.575269	 -0.163334
  1.016135	 -0.362887	 -4.586021	 -0.161204
  1.026887	 -0.362278	 -4.596774	 -0.159987
  1.037640	 -0.364408	 -4.607527	 -0.162117
  1.048393	 -0.360453	 -4.618279	 -0.163638
  1.059145	 -0.362278	 -4.629032	 -0.158466
  1.069898	 -0.362887	 -4.639785	 -0.152991
  1.080651	 -0.365320	 -4.650537	 -0.161204
  1.091403	 -0.364408	 -4.661290	 -0.156945
  1.102156	 -0.359845	 -4.672043	 -0.152383
  1.112909	 -0.359236	 -4.682796	 -0.150862
  1.123662	 -0.356499	 -4.693548	 -0.152383
  1.134414	 -0.360453	 -4.704301	 -0.152991
  1.145167	 -0.361366	 -4.715054	 -0.155425
  1.155920	 -0.360149	 -4.725806	 -0.155120
  1.166672	 -0.361670	 -4.736559	 -0.155729
  1.177425	 -0.365016	 -4.747312	 -0.149645
  1.188178	 -0.362887	 -4.758064	 -0.155120
  1.198930	 -0.368666	 -4.768817	 -0.151470
  1.209683	 -0.362887	 -4.779570	 -0.146299
  1.220436	 -0.365624	 -4.790322	 -0.144778
  1.231188	 -0.360453	 -4.801075	 -0.149036
  1.241941	 -0.361366	 -4.811828	 -0.149949
  1.252694	 -0.365016	 -4.822580	 -0.147515
  1.263446	 -0.359845	 -4.833333	 -0.143561
  1.274199	 -0.368058	 -4.844086	 -0.143561
  1.284952	 -0.366233	 -4.854839	 -0.147211
  1.295704	 -0.363495	 -4.865591	 -0.145690
  1.306457	 -0.366233	 -4.876344	 -0.147820
  1.317210	 -0.366841	 -4.887096	 -0.142040
  1.327963	 -0.365016	 -4.897850	 -0.147515
  1.338715	 -0.364103	 -4.908602	 -0.139910
  1.349468	 -0.359541	 -4.919355	 -0.145994
  1.360221	 -0.362583	 -4.930108	 -0.145690
  1.370973	 -0.365016	 -4.940860	 -0.147211
  1.381726	 -0.363191	 -4.951613	 -0.142344
  1.392479	 -0.360453	 -4.962366	 -0.145082
  1.403231	 -0.362583	 -4.973118	 -0.145082
  1.413984	 -0.367450	 -4.983871	 -0.141127
  1.424737	 -0.363799	 -4.994624	 -0.140215
  1.435489	 -0.361974	 -5.005376	 -0.136260
  1.446242	 -0.364103	 -5.016129	 -0.139606
  1.456995	 -0.367754	 -5.026882	 -0.138694
  1.467748	 -0.361974	 -5.037634	 -0.138389
  1.478500	 -0.356803	 -5.048387	 -0.136564
  1.489253	 -0.365016	 -5.059140	 -0.137477
  1.500005	 -0.366233	 -5.069892	 -0.143865
  1.510758	 -0.361974	 -5.080646	 -0.134131
  1.521511	 -0.363495	 -5.091398	 -0.133827
  1.532264	 -0.361366	 -5.102150	 -0.134739
  1.543016	 -0.366537	 -5.112903	 -0.133522
  1.553769	 -0.366233	 -5.123656	 -0.136564
  1.564522	 -0.367450	 -5.134408	 -0.130176
  1.575274	 -0.372317	 -5.145162	 -0.132610
  1.586027	 -0.369579	 -5.155914	 -0.129568
  1.596780	 -0.371708	 -5.166667	 -0.130176
  1.607532	 -0.374750	 -5.177419	 -0.132914
  1.618285	 -0.372621	 -5.188172	 -0.132914
  1.629038	 -0.371100	 -5.198925	 -0.131393
  1.639791	 -0.372317	 -5.209678	 -0.134435
  1.650543	 -0.372925	 -5.220430	 -0.132914
  1.661296	 -0.372013	 -5.231183	 -0.125917
  1.672049	 -0.373534	 -5.241936	 -0.129872
  1.682801	 -0.372317	 -5.252688	 -0.127134
  1.693554	 -0.379922	 -5.263442	 -0.125309
  1.704307	 -0.373534	 -5.274194	 -0.121963
  1.715059	 -0.377488	 -5.284946	 -0.127743
  1.725812	 -0.378097	 -5.295699	 -0.125005
  1.736565	 -0.377792	 -5.306452	 -0.127438
  1.747317	 -0.378705	 -5.317204	 -0.123180
  1.758070	 -0.387527	 -5.327958	 -0.121963
  1.768823	 -0.398782	 -5.338710	 -0.125917
  1.779575	 -0.394827	 -5.349463	 -0.122267
  1.790328	 -0.409429	 -5.360216	 -0.118921
  1.801081	 -0.315736	 -5.370968	 -0.122571
  1.811834	 -0.203183	 -5.381721	 -0.119225
  1.822586	 -0.082417	 -5.392474	 -0.114054
  1.833339	  0.031657	 -5.403226	 -0.124396
  1.844092	  0.148164	 -5.413979	 -0.121963
  1.854844	  0.259196	 -5.424732	 -0.121963
  1.865597	  0.361102	 -5.435484	 -0.117400
  1.876350	  0.482780	 -5.446237	 -0.116792
  1.887102	  0.583165	 -5.456989	 -0.118313
  1.897855	  0.696631	 -5.467742	 -0.114966
  1.908608	  0.806142	 -5.478495	 -0.115879
  1.919360	  0.909264	 -5.489248	 -0.111620
  1.930113	  1.020904	 -5.500000	 -0.111924
				
				
				
				
				
				
				
				
				
				
