200	-76.2002944946
200.769882202	-77.2790145874
201.539779663	-65.9615325928
202.309661865	-69.4561843872
203.079559326	-69.0510482788
203.849441528	-62.4900894165
204.619338989	-67.4348297119
205.389221191	-82.6521606445
206.159103394	-71.361038208
206.929000854	-71.7064743042
207.698883057	-77.051109314
208.468780518	-73.2641525269
209.23866272	-68.2060317993
210.008560181	-69.3471603394
210.778442383	-72.3325805664
211.548324585	-77.0511703491
212.318222046	-79.2292251587
213.088104248	-79.1194229126
213.858001709	-72.364730835
214.627883911	-78.0408935547
215.397781372	-85.2652740479
216.167663574	-80.4045562744
216.937561035	-75.6408462524
217.707443237	-65.1802444458
218.477325439	-72.692527771
219.2472229	-81.98853302
220.017105103	-77.2424697876
220.787002563	-73.169418335
221.556884766	-76.7089004517
222.326782227	-78.2509078979
223.096664429	-67.713684082
223.866546631	-64.6606674194
224.636444092	-62.4338760376
225.406326294	-72.8069076538
226.176223755	-76.3619842529
226.946105957	-75.5
227.716003418	-76.5972061157
228.48588562	-75.0319442749
229.255767822	-58.6183509827
230.025665283	-75.6393508911
230.795547485	-73.3857269287
231.565444946	-72.1627120972
232.335327148	-75.0078125
233.105224609	-74.9798278809
233.875106812	-72.0865020752
234.644989014	-73.2501678467
235.414886475	-71.8406600952
236.184768677	-68.3552017212
236.954666138	-68.392250061
237.72454834	-67.1837997437
238.494445801	-72.6152801514
239.264328003	-83.2714614868
240.034210205	-86.1121902466
240.804107666	-73.1936416626
241.573989868	-71.5949554443
242.343887329	-74.6540374756
243.113769531	-77.3257827759
243.883666992	-71.1809616089
244.653549194	-67.7618408203
245.423431396	-76.1589050293
246.193328857	-83.1886444092
246.96321106	-70.1746139526
247.733108521	-76.5515670776
248.502990723	-58.1846427917
249.272888184	-66.4285964966
250.042770386	-66.2610549927
250.812667847	-67.8970108032
251.582550049	-72.5900421143
252.352432251	-73.5013961792
253.122329712	-69.3524856567
253.892211914	-68.5793457031
254.662109375	-71.6498794556
255.431991577	-70.4490737915
256.201873779	-73.253944397
256.97177124	-71.8428726196
257.741668701	-67.9934234619
258.511535645	-66.9194107056
259.281433105	-68.7760848999
260.051330566	-72.9534988403
260.821228027	-71.6367416382
261.591094971	-74.6396484375
262.360992432	-77.4825286865
263.130889893	-71.2355880737
263.900756836	-69.1525268555
264.670654297	-73.6887512207
265.440551758	-70.6679992676
266.210449219	-71.4074859619
266.980316162	-69.6547851563
267.750213623	-81.9148330688
268.520111084	-76.864944458
269.289978027	-70.498840332
270.059875488	-69.3670349121
270.829772949	-73.9206390381
271.59967041	-79.0379104614
272.369537354	-68.2343215942
273.139434814	-64.7183227539
273.909332275	-71.5086517334
274.679199219	-68.4366073608
275.44909668	-71.1446762085
276.218994141	-69.9120330811
276.988891602	-67.3636779785
277.758758545	-75.3802337646
278.528656006	-83.2344665527
279.298553467	-76.2143707275
280.06842041	-74.7207794189
280.838317871	-68.2729263306
281.608215332	-84.3726348877
282.378112793	-81.5108108521
283.147979736	-73.528755188
283.917877197	-82.6252441406
284.687774658	-74.7806243896
285.457641602	-79.9020843506
286.227539063	-71.5395965576
286.997436523	-68.5772705078
287.767333984	-75.138381958
288.537200928	-77.1469726563
289.307098389	-75.9100036621
290.07699585	-75.6280822754
290.846862793	-76.0702667236
291.616760254	-88.213218689
292.386657715	-83.3685150146
293.156555176	-82.1860809326
293.926422119	-73.6607589722
294.69631958	-74.0320739746
295.466217041	-72.6568908691
296.236083984	-73.5913925171
297.005981445	-82.5339736938
297.775878906	-72.9095153809
298.545776367	-80.8424072266
299.315643311	-83.1600341797
300.085540771	-97.6667633057
300.855438232	-92.7771377563
301.625335693	-89.5450744629
302.395202637	-93.3678970337
303.165100098	-92.3637008667
303.934997559	-84.6202392578
304.704864502	-88.2736434937
305.474761963	-94.4483795166
306.244659424	-84.9575042725
307.014556885	-89.0136947632
307.784423828	-82.3443756104
308.554321289	-79.2888565063
309.32421875	-86.8466720581
310.094085693	-91.3911132813
310.863983154	-90.6477966309
311.633880615	-87.5509719849
312.403778076	-96.6167221069
313.17364502	-88.6112136841
313.94354248	-90.2665176392
314.713439941	-92.4806137085
315.483306885	-89.5853042603
316.253204346	-87.288269043
317.023101807	-90.157623291
317.792999268	-88.5272903442
318.562866211	-88.9700317383
319.332763672	-86.9408798218
320.102661133	-87.9177017212
320.872528076	-91.7621612549
321.642425537	-94.9558105469
322.412322998	-92.3712463379
323.182220459	-89.0908966064
323.952087402	-96.8381347656
324.721984863	-86.0423202515
325.491882324	-88.2576980591
326.261749268	-94.799079895
327.031646729	-98.1828765869
327.801544189	-91.7264022827
328.57144165	-88.2244110107
329.341308594	-92.9803771973
330.111206055	-95.2669448853
330.881103516	-88.021156311
331.650970459	-79.6172866821
332.42086792	-97.8628234863
333.190765381	-92.5063858032
333.960662842	-92.2688903809
334.730529785	-86.8250274658
335.500427246	-84.569770813
336.270324707	-95.0286026001
337.04019165	-103.417778015
337.810089111	-87.5620727539
338.579986572	-99.0984420776
339.349884033	-90.0777511597
340.119750977	-90.7270431519
340.889648438	-88.6679153442
341.659545898	-92.1704483032
342.429412842	-100.440849304
343.199310303	-102.427368164
343.969207764	-96.3540496826
344.739105225	-101.986045837
345.508972168	-95.3256759644
346.278869629	-91.1986846924
347.04876709	-98.9287261963
347.818634033	-97.6514434814
348.588531494	-102.388961792
349.358428955	-108.504959106
350.128326416	-104.564590454
350.898193359	-99.200340271
351.66809082	-102.308799744
352.437988281	-99.642616272
353.207855225	-104.126914978
353.977752686	-106.097862244
354.747650146	-108.364486694
355.517547607	-100.565864563
356.287414551	-99.3931121826
357.057312012	-105.012802124
357.827209473	-92.3923797607
358.597076416	-97.1975097656
359.366973877	-106.091514587
360.136871338	-107.77293396
360.906768799	-109.107246399
361.676635742	-99.431388855
362.446533203	-100.778251648
363.216430664	-105.861434937
363.986328125	-100.498077393
364.756195068	-95.0342941284
365.526092529	-101.009315491
366.29598999	-95.6689910889
367.065856934	-95.9320297241
367.835754395	-108.828201294
368.605651855	-99.4248123169
369.375549316	-100.602333069
370.14541626	-104.567054749
370.915313721	-102.889030457
371.685211182	-108.681869507
372.455078125	-107.76159668
373.224975586	-109.988365173
373.994873047	-101.561264038
374.764770508	-100.5
375.534637451	-107.220306396
376.304534912	-105.425323486
377.074432373	-105.1483078
377.844299316	-109.150634766
378.614196777	-104.382888794
379.384094238	-92.6374969482
380.153991699	-100.355522156
380.923858643	-111.97303009
381.693756104	-104.059844971
382.463653564	-101.646972656
383.233520508	-95.2011871338
384.003417969	-100.382354736
384.77331543	-110.386878967
385.543212891	-109.043632507
386.313079834	-105.996650696
387.082977295	-115.092933655
387.852874756	-109.727249146
388.622741699	-111.212989807
389.39263916	-105.132263184
390.162536621	-104.286117554
390.932434082	-107.957069397
391.702301025	-108.986862183
392.472198486	-107.163536072
393.242095947	-108.387512207
394.011962891	-111.558372498
394.781860352	-112
395.551757813	-112
396.321655273	-109.193359375
397.091522217	-106.757286072
397.861419678	-103.630607605
398.631317139	-102.487693787
399.401184082	-104.340911865
400.171081543	-106.639297485
400.940979004	-108.219161987
401.710876465	-114.244255066
402.480743408	-117.379264832
403.250640869	-111.901550293
404.02053833	-113.276977539
404.790405273	-111.377937317
405.560302734	-110.827308655
406.330200195	-107.918945313
407.100097656	-105.562744141
407.8699646	-108.898475647
408.639862061	-108.248687744
409.409759521	-115.63117981
410.179626465	-106.218185425
410.949523926	-115.023536682
411.719421387	-113.004219055
412.489318848	-111.811935425
413.259185791	-114.603164673
414.029083252	-112.187614441
414.798980713	-107.875831604
415.568847656	-112.144889832
416.338745117	-108.833343506
417.108642578	-107.525917053
417.878540039	-109.769004822
418.648406982	-113.630722046
419.418304443	-111.32900238
420.188201904	-110.301773071
420.958068848	-107.236930847
421.727966309	-104.200286865
422.49786377	-104.949508667
423.26776123	-105.208427429
424.037628174	-103.416038513
424.807525635	-116.435386658
425.577423096	-104.408752441
426.347320557	-111.75440979
427.1171875	-106.013389587
427.887084961	-108.738204956
428.656982422	-108.806533813
429.426849365	-103.91104126
430.196746826	-105.492462158
430.966644287	-112.760231018
431.736541748	-117.528167725
432.506408691	-113.034919739
433.276306152	-99.1446990967
434.046203613	-97.8974380493
434.816070557	-110.526382446
435.585968018	-110.044181824
436.355865479	-106.991569519
437.125762939	-107.801475525
437.895629883	-107.94758606
438.665527344	-108.900093079
439.435424805	-109.209091187
440.205291748	-115.487113953
440.975189209	-111.439460754
441.74508667	-112.205741882
442.514984131	-107.207901001
443.284851074	-109.252319336
444.054748535	-113.018844604
444.824645996	-108.034103394
445.594512939	-103.889411926
446.3644104	-114.254951477
447.134307861	-116.999992371
447.904205322	-116.847938538
448.674072266	-110.079925537
449.443969727	-113.213188171
450.213867188	-108.529090881
450.983734131	-105.867256165
451.753631592	-113.531730652
452.523529053	-118.52797699
453.293426514	-116.000007629
454.063293457	-112.217964172
454.833190918	-102.925559998
455.603088379	-116.473045349
456.372955322	-106.96672821
457.142852783	-106.5
457.912750244	-110.692070007
458.682647705	-112.998382568
459.452514648	-111.503562927
460.222412109	-110.474967957
460.99230957	-114.217964172
461.762176514	-115.114219666
462.532073975	-105.319023132
463.301971436	-111.184539795
464.071868896	-112.992401123
464.84173584	-115.255912781
465.611633301	-114.290023804
466.381530762	-116.850105286
467.151397705	-116.456375122
467.921295166	-119.945472717
468.691192627	-117.572372437
469.461090088	-109.50063324
470.230957031	-110.619949341
471.000854492	-112.158683777
471.770751953	-118.871070862
472.540618896	-116.609237671
473.310516357	-115.205169678
474.080413818	-116.921104431
474.850311279	-112.099472046
475.620178223	-111.829200745
476.390075684	-114.232627869
477.159973145	-112.435249329
477.929840088	-108.651023865
478.699737549	-108.372695923
479.46963501	-106.975898743
480.239532471	-114.331367493
481.009399414	-107.523147583
481.779296875	-103.65561676
482.549194336	-101.512748718
483.319061279	-106.213020325
484.08895874	-112.358314514
484.858856201	-111.724830627
485.628753662	-111.001579285
486.398620605	-116.14099884
487.168518066	-114.596115112
487.938415527	-107.784751892
488.708282471	-119.429870605
489.478179932	-110.797935486
490.248077393	-114.94808197
491.017974854	-113.066223145
491.787841797	-114.248046875
492.557739258	-113.570724487
493.327636719	-120.283927917
494.09753418	-125.568504333
494.867401123	-118.835289001
495.637298584	-120.249382019
496.407196045	-117.630119324
497.177062988	-123.518936157
497.946960449	-126.247367859
498.71685791	-112.882247925
499.486755371	-110.734916687
500.256622314	-115.512237549
501.026519775	-121.334220886
501.796417236	-121.200317383
502.56628418	-121.200576782
503.336181641	-125.640434265
504.106079102	-122.910270691
504.875976563	-120.179084778
505.645843506	-117.248298645
506.415740967	-105.414550781
507.185638428	-118.360626221
507.955505371	-124.761512756
508.725402832	-124.341423035
509.495300293	-117.185691833
510.265197754	-120.031097412
511.035064697	-122.230880737
511.804962158	-113.345649719
512.574829102	-113.330223083
513.344726563	-113.702125549
514.114624023	-108.698768616
514.884521484	-112.808784485
515.654418945	-115.172019958
516.424316406	-118.628013611
517.194152832	-118.806083679
517.964050293	-121.230682373
518.733947754	-125.07723999
519.503845215	-122.032226563
520.273742676	-116.017524719
521.043640137	-117.643386841
521.813537598	-120.269508362
522.583435059	-123.293785095
523.353271484	-115.523147583
524.123168945	-109.57509613
524.893066406	-120.534965515
525.662963867	-125.951774597
526.432861328	-119.496917725
527.202758789	-120.873657227
527.97265625	-122.603858948
528.742492676	-119.606063843
529.512390137	-117.301925659
530.282287598	-114.503837585
531.052185059	-118.204223633
531.82208252	-119.474395752
532.59197998	-119.016845703
533.361877441	-123.848236084
534.131713867	-123.703201294
534.901611328	-111.749298096
535.671508789	-116.100067139
536.44140625	-126.376029968
537.211303711	-125.025245667
537.981201172	-116.268814087
538.751098633	-115.807395935
539.520935059	-124.610229492
540.29083252	-126.284011841
541.06072998	-120.805786133
541.830627441	-115.76789093
542.600524902	-119.403572083
543.370422363	-121.959098816
544.140319824	-117.237968445
544.91015625	-113.143966675
545.680053711	-115.745948792
546.449951172	-119.451637268
547.219848633	-120.736427307
547.989746094	-119.436080933
548.759643555	-113.20160675
549.529541016	-115.602310181
550.299377441	-127.33026123
551.069274902	-123.203788757
551.839172363	-124.307609558
552.609069824	-126.472259521
553.378967285	-124.876655579
554.148864746	-120.558357239
554.918762207	-121.758857727
555.688598633	-123.348526001
556.458496094	-118.399475098
557.228393555	-115.182861328
557.998291016	-121.283729553
558.768188477	-119.820533752
559.538085938	-115.956825256
560.307983398	-123.759048462
561.077819824	-122.216438293
561.847717285	-120.379844666
562.617614746	-120.729988098
563.387512207	-119.053405762
564.157409668	-117.715736389
564.927307129	-114.328598022
565.69720459	-112.425643921
566.467041016	-115.809165955
567.236938477	-117.883781433
568.006835938	-116.502120972
568.776733398	-118.691413879
569.546630859	-115.492965698
570.31652832	-114.571838379
571.086425781	-112.376594543
571.856262207	-118.919380188
572.626159668	-118.586410522
573.396057129	-123.305130005
574.16595459	-114.513961792
574.935852051	-112.083450317
575.705749512	-119.325942993
576.475646973	-114.737945557
577.245483398	-115.634017944
578.015380859	-114.138542175
578.78527832	-124.383010864
579.555175781	-122.538848877
580.325073242	-119.791862488
581.094970703	-125.274841309
581.864868164	-122.016471863
582.63470459	-120.5
583.404602051	-119.019790649
584.174499512	-117.742675781
584.944396973	-112.689804077
585.714294434	-110.27973175
586.484191895	-116.575920105
587.254089355	-117.042037964
588.023925781	-122.421707153
588.793823242	-118.706138611
589.563720703	-122.398506165
590.333618164	-120.704444885
591.103515625	-118.447525024
591.873413086	-123.582435608
592.643310547	-125.5
593.413146973	-122.543983459
594.183044434	-115.867385864
594.952941895	-114.136535645
595.722839355	-119.687011719
596.492736816	-122.923423767
597.262634277	-120.651390076
598.032531738	-118.864593506
598.802368164	-127.437416077
599.572265625	-126.513381958
600.342163086	-114.658889771
601.112060547	-111.829811096
601.881958008	-115.306427002
602.651855469	-110.323410034
603.42175293	-116.356231689
604.191589355	-114.218971252
604.961486816	-112.586280823
605.731384277	-119.664207458
606.501281738	-119.928222656
607.271179199	-113.382347107
608.04107666	-106.416282654
608.810974121	-121.229660034
609.580810547	-123.375289917
610.350708008	-117.361656189
611.120605469	-118.307701111
611.89050293	-115.708976746
612.660400391	-118.260795593
613.430297852	-123.730171204
614.200195313	-122.822067261
614.970031738	-116.454231262
615.739929199	-115.7448349
616.50982666	-116.945602417
617.279724121	-116.674995422
618.049621582	-125.948692322
618.819519043	-112.362808228
619.589416504	-108.989952087
620.35925293	-115.489051819
621.129150391	-115.5
621.899047852	-116.353569031
622.668945313	-119.236724854
623.438842773	-114.314353943
624.208740234	-112.959327698
624.978637695	-112.931495667
625.748474121	-116.222564697
626.518371582	-124.666442871
627.288269043	-127.466087341
628.058166504	-117.891151428
628.828063965	-111.377571106
629.597961426	-116.075920105
630.367858887	-113.393722534
631.137695313	-111.999389648
631.907592773	-110.604980469
632.677490234	-100.612579346
633.447387695	-108.869911194
634.217285156	-110.780525208
634.987182617	-112.772964478
635.757080078	-114.579467773
636.526916504	-117.548042297
637.296813965	-113.607162476
638.066711426	-106.058769226
638.836608887	-108.060028076
639.606506348	-107.816917419
640.376403809	-100.47403717
641.14630127	-107.71686554
641.916137695	-104.911941528
642.686035156	-101.646461487
643.455932617	-117.059341431
644.225830078	-109.979743958
644.995727539	-110.258514404
645.765625	-108.946540833
646.535522461	-114.464241028
647.305358887	-114.114242554
648.075256348	-112.42250824
648.845153809	-112.852020264
649.61505127	-112.73790741
650.38494873	-116.028968811
651.154846191	-111.823806763
651.924743652	-107.647354126
652.694641113	-119.936302185
653.464477539	-112.972290039
654.234375	-110.17640686
655.004272461	-113.063743591
655.774169922	-110.672889709
656.544067383	-112.225120544
657.313964844	-107.603187561
658.083862305	-109.867103577
658.85369873	-108.124458313
659.623596191	-106.139289856
660.393493652	-104.602539063
661.163391113	-103.304100037
661.933288574	-113.027587891
662.703186035	-116.680755615
663.473083496	-114.390174866
664.242919922	-108.124488831
665.012817383	-109.403434753
665.782714844	-103.790908813
666.552612305	-109.265449524
667.322509766	-107.943656921
668.092407227	-111.281486511
668.862304688	-109.734291077
669.632141113	-100.032318115
670.402038574	-106.543746948
671.171936035	-103.522850037
671.941833496	-93.2403335571
672.711730957	-97.1704940796
673.481628418	-101.07598114
674.251525879	-105.083984375
675.021362305	-109.099891663
675.791259766	-105.698562622
676.561157227	-110.788162231
677.331054688	-107.041755676
678.100952148	-112.557327271
678.870849609	-100.917778015
679.64074707	-102.599197388
680.410583496	-107.552055359
681.180480957	-109.000007629
681.950378418	-107.778419495
682.720275879	-103.712509155
683.49017334	-95.6503219604
684.260070801	-97.861000061
685.029968262	-108.5
685.799804688	-109.549171448
686.569702148	-109.745643616
687.339599609	-103.727607727
688.10949707	-109.845161438
688.879394531	-112.18296051
689.649291992	-106.555931091
690.419189453	-110.689338684
691.189025879	-107.958061218
691.95892334	-106.289146423
692.728820801	-111.978042603
693.498718262	-105.080368042
694.268615723	-98.5020523071
695.038513184	-102.360687256
695.808410645	-104.484649658
696.57824707	-106.491584778
697.348144531	-107.089477539
698.118041992	-102.422904968
698.887939453	-108.290634155
699.657836914	-107.355003357
700.427734375	-97.0187301636
701.197631836	-108.487937927
701.967468262	-103.245147705
702.737365723	-112.660697937
703.507263184	-114.358215332
704.277160645	-98.8327865601
705.047058105	-108.618026733
705.816955566	-106.899002075
706.586853027	-103.995056152
707.356689453	-103.805984497
708.126586914	-99.578414917
708.896484375	-93.7780914307
709.666381836	-96.0778579712
710.436279297	-97.0819778442
711.206176758	-94.1318435669
711.976074219	-104.474822998
712.745910645	-102.796669006
713.515808105	-102.875785828
714.285705566	-107.290672302
715.055603027	-100.110237122
715.825500488	-103.410125732
716.595397949	-98.9135360718
717.36529541	-102.801643372
718.135131836	-100.687789917
718.905029297	-98.879989624
719.674926758	-91.6004180908
720.444824219	-88.8166656494
721.21472168	-90.1535263062
721.984619141	-92.8210906982
722.754516602	-94.0360870361
723.524353027	-92.0734634399
724.294250488	-90.5270309448
725.064147949	-94.0091705322
725.83404541	-98.92137146
726.603942871	-96.7061462402
727.373840332	-101.02746582
728.143737793	-94.2784576416
728.913574219	-91.3552627563
729.68347168	-83.8009033203
730.453369141	-94.4083862305
731.223266602	-88.2429656982
731.993164063	-95.3820877075
732.763061523	-106.415161133
733.532958984	-93.9895629883
734.30279541	-85.412612915
735.072692871	-86.8193206787
735.842590332	-94.8130950928
736.612487793	-94.1236801147
737.382385254	-89.7201004028
738.152282715	-93.8651123047
738.922180176	-98.7002792358
739.692016602	-104.643684387
740.461914063	-93.9792633057
741.231811523	-88.8626861572
742.001708984	-82.7924346924
742.771606445	-85.6815109253
743.541503906	-89.4647369385
744.311401367	-109.695037842
745.081237793	-88.4226150513
745.851135254	-84.2498168945
746.621032715	-96.9009552002
747.390930176	-88.8422317505
748.160827637	-85.8530197144
748.930725098	-88.0629501343
749.700622559	-87.5686950684
750.470458984	-82.8579864502
751.240356445	-76.215713501
752.010253906	-80.2363204956
752.780151367	-89.9008789063
753.550048828	-87.2150802612
754.319946289	-88.1320648193
755.08984375	-93.7999038696
755.859680176	-88.0665969849
756.629577637	-90.6659851074
757.399475098	-88.6380233765
758.169372559	-98.4071044922
758.93927002	-87.4854125977
759.70916748	-81.1007080078
760.479064941	-85.6446304321
761.248901367	-81.2517623901
762.018798828	-83.4086761475
762.788696289	-83.438659668
763.55859375	-83.3288955688
764.328491211	-84.7161560059
765.098388672	-86.0584106445
765.868286133	-88.7955322266
766.638122559	-91.6927642822
767.40802002	-89.6131134033
768.17791748	-87.6786956787
768.947814941	-90.5582733154
769.717712402	-85.1907272339
770.487609863	-80.098197937
771.257507324	-91.4069442749
772.02734375	-73.9207611084
772.797241211	-76.9286193848
773.567138672	-76.1700668335
774.337036133	-83.3046417236
775.106933594	-89.9940109253
775.876831055	-83.9049911499
776.646728516	-93.8024902344
777.416564941	-83.84009552
778.186462402	-84.5523757935
778.956359863	-84.9645309448
779.726257324	-89.0008544922
780.496154785	-83.4679641724
781.266052246	-81.2903213501
782.035949707	-81.4918212891
782.805847168	-79.6824417114
783.575683594	-79.0698623657
784.345581055	-77.7238235474
785.115478516	-80.8958282471
785.885375977	-81.366065979
786.655273438	-75.4229202271
787.425170898	-87.6591873169
788.195068359	-80.9066467285
788.964904785	-77.8711624146
789.734802246	-86.7040481567
790.504699707	-80.0324630737
791.274597168	-81.9016723633
792.044494629	-72.9361877441
792.81439209	-77.5894165039
793.584289551	-80.5381317139
794.354125977	-84.4697875977
795.124023438	-82.2289428711
795.893920898	-77.9346389771
796.663818359	-75.5453262329
797.43371582	-75.296295166
798.203613281	-75.5
798.973510742	-75.7525405884
799.743347168	-78.7687301636
800.513244629	-81.7910461426
801.28314209	-79.4406661987
802.053039551	-73.1861724854
802.822937012	-72.6669006348
803.592834473	-83.8055496216
804.362731934	-76.1069869995
805.132568359	-69.1119613647
805.90246582	-82.0198745728
806.672363281	-74.4638061523
807.442260742	-74.0592193604
808.212158203	-75.9738006592
808.982055664	-74.111618042
809.751953125	-70.8443374634
810.521789551	-70.9295883179
811.291687012	-74.2670593262
812.061584473	-66.8483276367
812.831481934	-63.0306510925
813.601379395	-65.2701034546
814.371276855	-73.6549224854
815.141174316	-72.3282699585
815.911010742	-70.7037658691
816.680908203	-65.6743621826
817.450805664	-62.6695556641
818.220703125	-67.0567932129
818.990600586	-72.2367248535
819.760498047	-73.5503845215
820.530395508	-71.3697433472
821.300231934	-78.2274017334
822.070129395	-73.4262390137
822.840026855	-68.6014251709
823.609924316	-68.6756973267
824.379821777	-67.4926605225
825.149719238	-70.4230957031
825.919616699	-64.4602737427
826.689453125	-74.4922485352
827.459350586	-72.0880279541
828.229248047	-57.2119102478
828.999145508	-64.8594970703
829.769042969	-68.5435256958
830.53894043	-71.0197067261
831.308837891	-63.0353889465
832.078674316	-72.5726699829
832.848571777	-67.6549835205
833.618469238	-65.7884063721
834.388366699	-61.762008667
835.15826416	-61.3936386108
835.928161621	-67.8200149536
836.698059082	-71.7507705688
837.467895508	-69.6786270142
838.237792969	-64.8644332886
839.00769043	-62.5850486755
839.777587891	-62.7957115173
840.547485352	-64.1660385132
841.317382813	-69.1695632935
842.087280273	-66.1597824097
842.857116699	-60.3469390869
843.62701416	-52.6706695557
844.396911621	-74.0452346802
845.166809082	-62.1260795593
845.936706543	-72.5974731445
846.706604004	-65.7549743652
847.476501465	-54.6710968018
848.246337891	-63.0408554077
849.016235352	-56.1959991455
849.786132813	-68.2178115845
850.556030273	-56.928604126
851.325927734	-70.2546768188
852.095825195	-69.3665847778
852.865722656	-68.3683395386
853.635559082	-68.5
854.405456543	-69.1674118042
855.175354004	-69.8164215088
855.945251465	-71.1951828003
856.715148926	-70.5939407349
857.485046387	-68.4428100586
858.254943848	-67.7473678589
859.024780273	-70.988861084
859.794677734	-74.2869796753
860.564575195	-70.2695999146
861.334472656	-62.8890914917
862.104370117	-60.8104400635
862.874267578	-63.0826683044
863.644165039	-63.4699935913
864.414001465	-61.1749610901
865.183898926	-62.2572517395
865.953796387	-58.1923713684
866.723693848	-64.6877670288
867.493591309	-66.0933380127
868.26348877	-66.7619400024
869.03338623	-63.1683425903
869.803222656	-68.9799957275
870.573120117	-55.5180778503
871.343017578	-74.0991287231
872.112915039	-75.4999923706
872.8828125	-67.6968078613
873.652709961	-69.84425354
874.422607422	-56.0066413879
875.192443848	-64.0872344971
875.962341309	-75.6530990601
876.73223877	-66.4209823608
877.50213623	-69.3199462891
878.272033691	-68.1406784058
879.041931152	-69.5082092285
879.811828613	-69.3614196777
880.581665039	-64.997428894
881.3515625	-72.2045440674
882.121459961	-80.2520294189
882.891357422	-73.0105514526
883.661254883	-68.70652771
884.431152344	-75.5313644409
885.201049805	-78.8765563965
885.97088623	-80.0203704834
886.740783691	-82.2693634033
887.510681152	-80.8259353638
888.280578613	-73.472694397
889.050476074	-80.0521469116
889.820373535	-73.8999023438
890.590270996	-74.3896789551
891.360107422	-70.7010803223
892.130004883	-81.3947143555
892.899902344	-83.1538314819
893.669799805	-69.2194213867
894.439697266	-80.8845672607
895.209594727	-76.9994125366
895.979492188	-74.5707855225
896.749328613	-73.5544586182
897.519226074	-83.1313476563
898.289123535	-74.6654052734
899.059020996	-79.9716644287
899.828918457	-72.64894104
900.598815918	-77.4565505981
901.368713379	-75.0948486328
902.138549805	-74.7536773682
902.908447266	-82.258605957
903.678344727	-79.7511901855
904.448242188	-73.1257476807
905.218139648	-80.7054977417
905.988037109	-78.5545654297
906.75793457	-76.6754379272
907.527832031	-82.7617721558
908.297668457	-78.1360397339
909.067565918	-71.2411880493
909.837463379	-73.2129745483
910.60736084	-79.4605331421
911.377258301	-82.4586029053
912.147155762	-78.4268493652
912.917053223	-71.2064666748
913.686889648	-69.8082504272
914.456787109	-82.2405090332
915.22668457	-85.9765014648
915.996582031	-80.6457214355
916.766479492	-79.6621017456
917.536376953	-75.2704391479
918.306274414	-75.611114502
919.07611084	-83.642364502
919.846008301	-76.7221679688
920.615905762	-70.5
921.385803223	-70.8088607788
922.155700684	-73.5013198853
922.925598145	-77.615020752
923.695495605	-73.7003631592
924.465332031	-85.8455200195
925.235229492	-80.9208145142
926.005126953	-71.1498794556
926.775024414	-72.9245223999
927.544921875	-79.1068191528
928.314819336	-76.7492904663
929.084716797	-72.4753265381
929.854553223	-76.3595809937
930.624450684	-78.6990661621
931.394348145	-74.4499053955
932.164245605	-81.5506896973
932.934143066	-72.1195755005
933.704040527	-70.1450500488
934.473937988	-76.431427002
935.243774414	-77.0608673096
936.013671875	-76.8488922119
936.783569336	-71.5780029297
937.553466797	-72.2848129272
938.323364258	-71.7760162354
939.093261719	-68.3457107544
939.86315918	-70.8683242798
940.632995605	-75.2215805054
941.402893066	-68.4663238525
942.172790527	-66.8063430786
942.942687988	-71.7714080811
943.712585449	-73.4890289307
944.48248291	-69.514213562
945.252380371	-66.9600982666
946.022216797	-75.947265625
946.792114258	-71.5449752808
947.562011719	-53.5149269104
948.33190918	-59.0072250366
949.101806641	-67.9786300659
949.871704102	-61.0448989868
950.641601563	-66.2890396118
951.411437988	-63.0925788879
952.181335449	-53.0671424866
952.95123291	-61.7328262329
953.721130371	-61.7438354492
954.491027832	-65.1530990601
955.260925293	-67.0795211792
956.030822754	-60.9789199829
956.80065918	-65.0883483887
957.570556641	-63.5033607483
958.340454102	-53.2855873108
959.110351563	-54.5590133667
959.880249023	-52.0463676453
960.650146484	-55.7589836121
961.420043945	-49.4104728699
962.189880371	-60.2428588867
962.959777832	-54.5292625427
963.729675293	-50.2621612549
964.499572754	-51.3289985657
965.269470215	-46.2586402893
966.039367676	-41.8467750549
966.809265137	-30.7849731445
967.579101563	-49.7543525696
968.348999023	-48.3181495667
969.118896484	-39.0248947144
969.888793945	-42.6985359192
970.658691406	-43.1987228394
971.428588867	-36.1190071106
972.198486328	-44.043888092
972.968322754	-39.3806877136
973.738220215	-38.1090126038
974.508117676	-40.7409133911
975.278015137	-31.8827133179
976.047912598	-36.838470459
976.817810059	-35.2881278992
977.58770752	-29.7107105255
978.357543945	-32.1155700684
979.127441406	-35.6404190063
979.897338867	-29.9101638794
980.667236328	-30.3592338562
981.437133789	-23.6984138489
982.20703125	-26.7931289673
982.976928711	-25.3241157532
983.746765137	-25.5016956329
984.516662598	-23.391752243
985.286560059	-13.1438016891
986.05645752	-14.9945325851
986.82635498	-15.1591892242
987.596252441	-16.072303772
988.366149902	-15.9949359894
989.135986328	-17.4123420715
989.905883789	-11.7093801498
990.67578125	-14.5539808273
991.445678711	-19.5414829254
992.215576172	-13.7731742859
992.985473633	-10.6879854202
993.755371094	-11.303153038
994.52520752	-9.13035869598
995.29510498	-9.35643196106
996.065002441	-7.4592590332
996.834899902	-6.80054807663
997.604797363	-3.83743047714
998.374694824	0.110262259841
999.144592285	1.47478854656
999.914428711	-0.611891627312
1000.68432617	1.01095211506
1001.45422363	2.52596259117
1002.22412109	0.692770123482
1002.99401855	2.47441601753
1003.76391602	8.18065261841
1004.53381348	3.08000922203
1005.3036499	3.13441419601
1006.07354736	7.95960044861
1006.84344482	4.76770734787
1007.61334229	2.24063324928
1008.38323975	7.5135884285
1009.15313721	8.1651134491
1009.92303467	3.7528553009
1010.69287109	7.14219808578
1011.46276855	15.2525920868
1012.23266602	16.2874202728
1013.00256348	12.5945177078
1013.77246094	12.8340187073
1014.5423584	19.8770427704
1015.31225586	16.959777832
1016.08209229	10.4790830612
1016.85198975	18.2594947815
1017.62188721	18.2939090729
1018.39178467	17.2008571625
1019.16168213	20.3652153015
1019.93157959	26.6455516815
1020.70147705	22.5696754456
1021.47131348	22.2867717743
1022.24121094	25.2334327698
1023.0111084	20.7600021362
1023.78100586	21.857170105
1024.55090332	27.0537586212
1025.32080078	19.8703136444
1026.09069824	19.5115451813
1026.8605957	20.3431758881
1027.63049316	20.7048969269
1028.40039063	24.2794685364
1029.17028809	25.9936504364
1029.94006348	25.1652927399
1030.70996094	21.9691429138
1031.4798584	28.8458595276
1032.24975586	38.8231620789
1033.01965332	30.8052387238
1033.78955078	25.5173301697
1034.55944824	23.5462360382
1035.3293457	22.5702171326
1036.09924316	27.3786964417
1036.86914063	27.8920879364
1037.63903809	27.5869846344
1038.40893555	19.0101623535
1039.17883301	13.7727899551
1039.94873047	16.3299560547
1040.71850586	22.5857620239
1041.48840332	11.3216695786
1042.25830078	24.0528678894
1043.02819824	15.3954772949
1043.7980957	23.1407165527
1044.56799316	19.4845943451
1045.33789063	20.901184082
1046.10778809	18.5065155029
1046.87768555	15.1631164551
1047.64758301	14.2049474716
1048.41748047	18.476234436
1049.18737793	15.385643959
1049.95727539	18.2129898071
1050.72717285	22.4934158325
1051.49694824	11.7888259888
1052.2668457	13.6720581055
1053.03674316	12.9072647095
1053.80664063	14.6649780273
1054.57653809	15.6144714355
1055.34643555	13.7491073608
1056.11633301	16.9915313721
1056.88623047	25.6758422852
1057.65612793	20.5009307861
1058.42602539	20.0313415527
1059.19592285	26.8926925659
1059.96582031	18.95677948
1060.73571777	14.2370376587
1061.50561523	11.3835449219
1062.27539063	10.8003005981
1063.04528809	20.4848327637
1063.81518555	20.8102340698
1064.58508301	19.1781616211
1065.35498047	23.1650772095
1066.12487793	23.7344818115
1066.89477539	16.1389770508
1067.66467285	21.4236373901
1068.43457031	21.2060012817
1069.20446777	33.2619400024
1069.97436523	11.7840423584
1070.7442627	21.0491790771
1071.51416016	21.5411529541
1072.28405762	29.0265655518
1073.05383301	27.7798995972
1073.82373047	23.3791122437
1074.59362793	28.5602664948
1075.36352539	26.5609893799
1076.13342285	18.237537384
1076.90332031	21.9828948975
1077.67321777	17.381477356
1078.44311523	24.5220184326
1079.2130127	33.7163467407
1079.98291016	26.6283187866
1080.75280762	26.9153289795
1081.52270508	33.0441436768
1082.29260254	31.2128772736
1083.0625	24.5439987183
1083.83227539	28.6537265778
1084.60217285	30.8863372803
1085.37207031	27.7294311523
1086.14196777	23.3099136353
1086.91186523	29.2682342529
1087.6817627	25.8363208771
1088.45166016	21.077796936
1089.22155762	27.7170200348
1089.99145508	28.0710659027
1090.76135254	24.2364807129
1091.53125	26.1562805176
1092.30114746	27.5241260529
1093.07104492	31.4093799591
1093.84094238	30.7206115723
1094.61071777	25.7291259766
1095.38061523	24.8962097168
1096.1505127	23.3417510986
1096.92041016	31.6014575958
1097.69030762	30.1473999023
1098.46020508	21.3409347534
1099.23010254	32.0010299683
1100	36.1375732422
1100.76989746	31.8876552582
1101.53979492	29.0036220551
1102.30969238	31.6700820923
1103.07958984	30.6356716156
1103.8494873	27.5882415771
1104.61938477	34.1714935303
1105.38928223	25.6328811646
1106.15905762	17.0156555176
1106.92895508	9.89453125
1107.69885254	10.4817657471
1108.46875	13.2446365356
1109.23864746	23.7926177979
1110.00854492	25.8464431763
1110.77844238	20.4399795532
1111.54833984	22.5582504272
1112.3182373	19.3572235107
1113.08813477	23.8085632324
1113.85803223	16.5914535522
1114.62792969	13.6830596924
1115.39782715	15.4711608887
1116.16772461	25.2785644531
1116.9375	26.0409393311
1117.70739746	20.6552276611
1118.47729492	21.4551391602
1119.24719238	25.3745803833
1120.01708984	13.7861175537
1120.7869873	28.419927597
1121.55688477	22.1639919281
1122.32678223	25.1115112305
1123.09667969	24.6181488037
1123.86657715	22.1660003662
1124.63647461	20.6611557007
1125.40637207	27.3059234619
1126.17626953	17.2400131226
1126.94616699	20.8113327026
1127.71594238	26.1752929688
1128.48583984	20.7007045746
1129.2557373	21.4606494904
1130.02563477	14.9767456055
1130.79553223	34.2359924316
1131.56542969	31.5051345825
1132.33532715	30.187921524
1133.10522461	20.0196304321
1133.87512207	21.4395141602
1134.64501953	28.6882705688
1135.41491699	22.4155197144
1136.18481445	15.4106903076
1136.95471191	16.8774185181
1137.72460938	25.8025970459
1138.49438477	16.5531234741
1139.26428223	9.69438934326
1140.03417969	11.2411575317
1140.80407715	29.1734771729
1141.57397461	20.8199691772
1142.34387207	29.344078064
1143.11376953	21.7728652954
1143.88366699	14.499168396
1144.65356445	12.5693893433
1145.42346191	16.9212265015
1146.19335938	16.0644607544
1146.96325684	12.9400787354
1147.7331543	14.4304428101
1148.50305176	19.5368347168
1149.27282715	14.8318252563
1150.04272461	20.0489120483
1150.81262207	22.2769165039
1151.58251953	24.3525390625
1152.35241699	21.690322876
1153.12231445	18.0062942505
1153.89221191	16.4127502441
1154.66210938	18.2856063843
1155.43200684	19.2347793579
1156.2019043	18.6143798828
1156.97180176	19.4729614258
1157.74169922	24.0729904175
1158.51159668	25.1586608887
1159.28149414	21.1302032471
1160.05126953	16.3805541992
1160.82116699	12.7610626221
1161.59106445	9.47506713867
1162.36096191	15.8059310913
1163.13085938	18.1533050537
1163.90075684	17.753074646
1164.6706543	17.7710647583
1165.44055176	20.6977081299
1166.21044922	24.1111755371
1166.98034668	16.6511993408
1167.75024414	15.3083496094
1168.5201416	16.6668167114
1169.29003906	17.2683486938
1170.05993652	23.4537582397
1170.82971191	26.8779602051
1171.59960938	24.0357513428
1172.36950684	19.0232925415
1173.1394043	22.6054992676
1173.90930176	24.1304321289
1174.67919922	18.7477645874
1175.44909668	23.2611999512
1176.21899414	25.9991836548
1176.9888916	21.7387161255
1177.75878906	16.7968139648
1178.52868652	15.767996788
1179.29858398	18.3451690674
1180.06848145	17.3939056396
1180.83837891	19.0998535156
1181.6081543	17.7703323364
1182.37805176	13.5488739014
1183.14794922	22.1731338501
1183.91784668	22.929397583
1184.68774414	26.9087295532
1185.4576416	22.9076538086
1186.22753906	23.2328109741
1186.99743652	24.5255966187
1187.76733398	26.137298584
1188.53723145	23.9535751343
1189.30712891	20.4406661987
1190.07702637	21.4941558838
1190.84692383	18.9121856689
1191.61682129	19.421913147
1192.38659668	24.8486557007
1193.15649414	30.1073913574
1193.9263916	26.803062439
1194.69628906	25.1199645996
1195.46618652	30.0315322876
1196.23608398	35.918296814
1197.00598145	28.8734416962
1197.77587891	20.0322113037
1198.54577637	20.6891555786
1199.31567383	15.7245864868
1200.08557129	22.143447876
1200.85546875	28.1143817902
1201.62536621	25.8932723999
1202.39526367	30.2982711792
1203.16503906	34.9134216309
1203.93493652	27.9733829498
1204.70483398	28.839553833
1205.47473145	25.1399993896
1206.24462891	24.5526199341
1207.01452637	23.0668563843
1207.78442383	25.5305862427
1208.55432129	32.1683502197
1209.32421875	37.0447463989
1210.09411621	29.5769958496
1210.86401367	21.6578445435
1211.63391113	22.0215301514
1212.40380859	28.6780529022
1213.17370605	26.9807434082
1213.94348145	28.332649231
1214.71337891	28.834230423
1215.48327637	35.0967178345
1216.25317383	35.2480163574
1217.02307129	21.8382720947
1217.79296875	18.6556015015
1218.56286621	22.7153396606
1219.33276367	30.608505249
1220.10266113	33.1965103149
1220.87255859	29.989938736
1221.64245605	30.9317398071
1222.41235352	29.375831604
1223.18225098	29.8382034302
1223.95214844	35.727104187
1224.72192383	41.6056137085
1225.49182129	43.6051864624
1226.26171875	39.8350143433
1227.03161621	35.8829879761
1227.80151367	35.3216552734
1228.57141113	35.169303894
1229.34130859	35.5653915405
1230.11120605	34.3489990234
1230.88110352	38.4002685547
1231.65100098	41.5734100342
1232.42089844	37.8294830322
1233.1907959	34.5602264404
1233.96069336	31.0299224854
1234.73059082	35.9928512573
1235.50048828	38.7419815063
1236.27026367	36.0329971313
1237.04016113	36.4970932007
1237.81005859	40.3902282715
1238.57995605	41.7102203369
1239.34985352	45.6901016235
1240.11975098	46.4531898499
1240.88964844	35.7398071289
1241.6595459	35.1753463745
1242.42944336	41.9557495117
1243.19934082	41.1984481812
1243.96923828	44.2164077759
1244.73913574	35.6215667725
1245.5090332	35.1713562012
1246.27893066	40.6847076416
1247.04870605	47.6387634277
1247.81860352	55.7190475464
1248.58850098	51.7274703979
1249.35839844	42.6512451172
1250.1282959	56.1004943848
1250.89819336	49.5846328735
1251.66809082	53.3255653381
1252.43798828	43.6517562866
1253.20788574	47.6585426331
1253.9777832	61.7494544983
1254.74768066	57.6408538818
1255.51757813	57.2070999146
1256.28747559	53.9802246094
1257.05737305	44.123249054
1257.82714844	45.0082893372
1258.5970459	55.2567176819
1259.36694336	52.8616714478
1260.13684082	51.2538299561
1260.90673828	62.4577865601
1261.67663574	57.0527458191
1262.4465332	61.9306221008
1263.21643066	58.5410995483
1263.98632813	55.3614044189
1264.75622559	61.6270828247
1265.52612305	63.055229187
1266.29602051	72.6502380371
1267.06591797	65.38256073
1267.83581543	56.2972335815
1268.60559082	75.4262466431
1269.37548828	65.1161499023
1270.14538574	65.6820755005
1270.9152832	69.7504348755
1271.68518066	74.1143798828
1272.45507813	74.1418762207
1273.22497559	75.1983795166
1273.99487305	82.5776443481
1274.76477051	76.9037017822
1275.53466797	79.8902053833
1276.30456543	84.4154052734
1277.07446289	96.3185806274
1277.84436035	71.4478988647
1278.61425781	82.7008590698
1279.3840332	88.1143875122
1280.15393066	87.2321166992
1280.92382813	80.8764038086
1281.69372559	72.1917190552
1282.46362305	82.2979049683
1283.23352051	95.8392333984
1284.00341797	93.3290252686
1284.77331543	93.6148910522
1285.54321289	90.6528701782
1286.31311035	101.749961853
1287.08300781	103.114379883
1287.85290527	104.857002258
1288.62280273	108.296836853
1289.3927002	113.389427185
1290.16247559	121.313209534
1290.93237305	114.586578369
1291.70227051	109.13293457
1292.47216797	111.756568909
1293.24206543	120.864006042
1294.01196289	126.467399597
1294.78186035	129.075515747
1295.55175781	133.600509644
1296.32165527	134.685043335
1297.09155273	139.305526733
1297.8614502	148.28125
1298.63134766	145.663803101
1299.40124512	142.152023315
1300.17114258	167.242935181
1300.94091797	170.03515625
1301.71081543	158.505706787
1302.48071289	161.713668823
1303.25061035	165.659255981
1304.02050781	177.576095581
1304.79040527	181.747146606
1305.56030273	197.066421509
1306.3302002	188.95942688
1307.10009766	211.250427246
1307.86999512	212.838119507
1308.63989258	215.358978271
1309.40979004	220.803497314
1310.1796875	221.614379883
1310.94958496	231.862564087
1311.71936035	253.175994873
1312.48925781	269.104187012
1313.25915527	264.870574951
1314.02905273	276.308319092
1314.7989502	290.020111084
1315.56884766	271.037200928
1316.33874512	300.914886475
1317.10864258	309.142700195
1317.87854004	311.487762451
1318.6484375	333.215789795
1319.41833496	330.705535889
1320.18823242	342.257110596
1320.95812988	366.089996338
1321.72802734	375.18157959
1322.49780273	373.303405762
1323.2677002	384.964416504
1324.03759766	398.027770996
1324.80749512	407.21862793
1325.57739258	419.759674072
1326.34729004	439.027252197
1327.1171875	464.632293701
1327.88708496	467.092468262
1328.65698242	471.18347168
1329.42687988	476.934539795
1330.19677734	495.001159668
1330.9666748	505.628631592
1331.73657227	509.057250977
1332.50646973	538.743347168
1333.27624512	546.751281738
1334.04614258	525.492614746
1334.81604004	548.648925781
1335.5859375	561.675109863
1336.35583496	554.930786133
1337.12573242	583.055603027
1337.89562988	573.373168945
1338.66552734	563.175598145
1339.4354248	562.881164551
1340.20532227	575.11920166
1340.97521973	573.626464844
1341.74511719	556.747924805
1342.51501465	570.65020752
1343.28491211	582.712646484
1344.0546875	567.270019531
1344.82458496	546.385009766
1345.59448242	542.737548828
1346.36437988	533.440551758
1347.13427734	525.667480469
1347.9041748	532.641479492
1348.67407227	533.454833984
1349.44396973	516.355285645
1350.21386719	477.386657715
1350.98376465	496.072998047
1351.75366211	482.683868408
1352.52355957	462.606262207
1353.29345703	449.346313477
1354.06335449	462.93951416
1354.83312988	444.011169434
1355.60302734	420.793640137
1356.3729248	404.541351318
1357.14282227	408.029541016
1357.91271973	400.925109863
1358.68261719	387.355987549
1359.45251465	374.983795166
1360.22241211	362.033569336
1360.99230957	347.143463135
1361.76220703	348.894439697
1362.53210449	342.46685791
1363.30200195	334.574157715
1364.07189941	328.255157471
1364.84179688	296.550292969
1365.61169434	302.534820557
1366.38146973	295.003082275
1367.15136719	275.867645264
1367.92126465	267.030761719
1368.69116211	254.471588135
1369.46105957	252.440765381
1370.23095703	250.901473999
1371.00085449	249.725494385
1371.77075195	235.822952271
1372.54064941	224.165969849
1373.31054688	222.140304565
1374.08044434	214.127731323
1374.8503418	214.585449219
1375.62023926	204.156555176
1376.39013672	213.474868774
1377.15991211	187.119506836
1377.92980957	184.546356201
1378.69970703	185.790512085
1379.46960449	181.781951904
1380.23950195	172.610702515
1381.00939941	156.478164673
1381.77929688	163.996765137
1382.54919434	162.429611206
1383.3190918	144.711349487
1384.08898926	149.362686157
1384.85888672	148.350646973
1385.62878418	148.679855347
1386.39868164	142.5440979
1387.1685791	127.899925232
1387.93835449	132.666366577
1388.70825195	133.414199829
1389.47814941	124.189544678
1390.24804688	115.288566589
1391.01794434	116.831047058
1391.7878418	119.281333923
1392.55773926	131.814086914
1393.32763672	115.943847656
1394.09753418	110.403991699
1394.86743164	111.034049988
1395.6373291	114.935768127
1396.40722656	120.565971375
1397.17712402	95.209602356
1397.94702148	115.67036438
1398.71679688	102.754219055
1399.48669434	113.384719849
1400.2565918	111.686500549
1401.02648926	98.3347015381
1401.79638672	104.632171631
1402.56628418	87.9435119629
1403.33618164	95.9719619751
1404.1060791	104.183815002
1404.87597656	100.805450439
1405.64587402	91.1089096069
1406.41577148	86.3048934937
1407.18566895	88.4337844849
1407.95556641	94.4300003052
1408.72546387	95.695350647
1409.49523926	98.2837677002
1410.26513672	88.0966491699
1411.03503418	79.6795654297
1411.80493164	84.1280899048
1412.5748291	78.765663147
1413.34472656	73.3612136841
1414.11462402	69.6336898804
1414.88452148	88.2897949219
1415.65441895	88.2888183594
1416.42431641	73.0685958862
1417.19421387	84.1008300781
1417.96411133	83.0135726929
1418.73400879	89.330406189
1419.50390625	74.4969940186
1420.27368164	66.393371582
1421.0435791	79.5899887085
1421.81347656	75.6106185913
1422.58337402	69.3243408203
1423.35327148	72.2626876831
1424.12316895	81.2900466919
1424.89306641	84.1143798828
1425.66296387	82.7511062622
1426.43286133	77.8874816895
1427.20275879	82.6714096069
1427.97265625	90.7705841064
1428.74255371	77.6576309204
1429.51245117	69.7769851685
1430.28234863	71.5243148804
1431.05212402	80.33644104
1431.82202148	72.474029541
1432.59191895	81.6526031494
1433.36181641	83.2413330078
1434.13171387	77.1608123779
1434.90161133	75.6555633545
1435.67150879	80.6050415039
1436.44140625	75.8398666382
1437.21130371	79.642791748
1437.98120117	69.4828033447
1438.75109863	71.3337402344
1439.52099609	80.6878814697
1440.29089355	67.0262832642
1441.06079102	67.8576889038
1441.83056641	79.790473938
1442.60046387	76.5498886108
1443.37036133	78.8348693848
1444.14025879	80.8294296265
1444.91015625	71.2875289917
1445.68005371	74.1394271851
1446.44995117	78.9771270752
1447.21984863	72.7851028442
1447.98974609	79.4217758179
1448.75964355	81.3423309326
1449.52954102	74.5941467285
1450.29943848	73.9618606567
1451.06933594	81.2714920044
1451.8392334	90.103187561
1452.60900879	67.9033432007
1453.37890625	69.5229492188
1454.14880371	81.3731460571
1454.91870117	79.119102478
1455.68859863	82.4406585693
1456.45849609	79.085357666
1457.22839355	72.3881912231
1457.99829102	77.6724014282
1458.76818848	74.3458862305
1459.53808594	77.8530502319
1460.3079834	86.5714950562
1461.07788086	81.2965393066
1461.84777832	78.0247802734
1462.61767578	71.8826828003
1463.38745117	75.7908401489
1464.15734863	80.3204956055
1464.92724609	76.4132156372
1465.69714355	80.7980041504
1466.46704102	73.2981338501
1467.23693848	86.2284088135
1468.00683594	88.9645462036
1468.7767334	103.519462585
1469.54663086	81.7153396606
1470.31652832	79.4755706787
1471.08642578	96.7085723877
1471.85632324	88.6223297119
1472.6262207	95.3740386963
1473.39611816	82.8659286499
1474.16589355	83.1793365479
1474.93579102	84.4080810547
1475.70568848	88.231803894
1476.47558594	85.1746902466
1477.2454834	92.1879043579
1478.01538086	95.3374404907
1478.78527832	88.0829467773
1479.55517578	94.8602523804
1480.32507324	100.093841553
1481.0949707	101.549316406
1481.86486816	92.7116470337
1482.63476563	101.168258667
1483.40466309	98.0355834961
1484.17456055	97.3984146118
1484.94433594	97.78881073
1485.7142334	98.5699081421
1486.48413086	90.243927002
1487.25402832	98.4340286255
1488.02392578	103.311988831
1488.79382324	98.0029754639
1489.5637207	92.1229705811
1490.33361816	96.6527786255
1491.10351563	100.338279724
1491.87341309	95.4670791626
1492.64331055	96.0391769409
1493.41320801	103.592575073
1494.18310547	117.96836853
1494.95300293	107.082122803
1495.72290039	113.226829529
1496.49267578	114.476020813
1497.26257324	105.490097046
1498.0324707	106.589614868
1498.80236816	105.821517944
1499.57226563	106.642570496
1500.34216309	123.528778076
1501.11206055	126.884552002
1501.88195801	113.700637817
1502.65185547	106.098892212
1503.42175293	108.506111145
1504.19165039	120.300315857
1504.96154785	125.644981384
1505.73144531	122.746185303
1506.50134277	114.600906372
1507.27111816	120.897712708
1508.04101563	131.384429932
1508.81091309	129.57572937
1509.58081055	132.59173584
1510.35070801	142.870941162
1511.12060547	143.497009277
1511.89050293	147.368225098
1512.66040039	145.413375854
1513.43029785	130.557815552
1514.20019531	136.099456787
1514.97009277	142.180099487
1515.73999023	147.467971802
1516.5098877	151.694717407
1517.27978516	154.187850952
1518.04956055	151.940475464
1518.81945801	158.402313232
1519.58935547	162.323944092
1520.35925293	160.662261963
1521.12915039	157.525863647
1521.89904785	161.572174072
1522.66894531	182.258911133
1523.43884277	177.120986938
1524.20874023	176.526794434
1524.9786377	196.594268799
1525.74853516	215.522033691
1526.51843262	202.463134766
1527.28833008	209.194259644
1528.05822754	211.031082153
1528.82800293	214.649902344
1529.59790039	228.298995972
1530.36779785	235.344207764
1531.13769531	230.300079346
1531.90759277	244.254318237
1532.67749023	248.735137939
1533.4473877	260.016815186
1534.21728516	264.072021484
1534.98718262	275.963989258
1535.75708008	278.737731934
1536.52697754	288.066925049
1537.296875	302.857543945
1538.06677246	324.012329102
1538.83666992	330.356170654
1539.60644531	355.361755371
1540.37634277	356.757476807
1541.14624023	374.510070801
1541.9161377	379.63571167
1542.68603516	386.087860107
1543.45593262	402.701934814
1544.22583008	428.622375488
1544.99572754	452.088623047
1545.765625	471.942749023
1546.53552246	469.072052002
1547.30541992	499.489257813
1548.07531738	528.206481934
1548.84521484	557.770080566
1549.6151123	571.380065918
1550.3848877	585.700805664
1551.15478516	614.24432373
1551.92468262	633.676879883
1552.69458008	667.731201172
1553.46447754	695.688354492
1554.234375	724.483276367
1555.00427246	754.899414063
1555.77416992	799.060974121
1556.54406738	803.540649414
1557.31396484	843.34185791
1558.0838623	848.664916992
1558.85375977	908.109558105
1559.62365723	941.395874023
1560.39355469	939.053039551
1561.16333008	988.487365723
1561.93322754	1011.84490967
1562.703125	1037.8717041
1563.47302246	1058.60778809
1564.24291992	1080.52624512
1565.01281738	1103.07763672
1565.78271484	1125.56091309
1566.5526123	1155.59570313
1567.32250977	1158.68286133
1568.09240723	1163.60534668
1568.86230469	1167.35412598
1569.63220215	1163.6640625
1570.40209961	1157.80639648
1571.17199707	1141.68554688
1571.94177246	1166.28137207
1572.71166992	1130.20996094
1573.48156738	1102.32067871
1574.25146484	1132.47814941
1575.0213623	1091.36108398
1575.79125977	1058.19055176
1576.56115723	1061.0723877
1577.33105469	1049.07177734
1578.10095215	1009.51629639
1578.87084961	988.23815918
1579.64074707	967.826538086
1580.41064453	920.420288086
1581.18054199	893.774108887
1581.95043945	890.654174805
1582.72021484	875.04888916
1583.4901123	842.256713867
1584.26000977	804.995117188
1585.02990723	768.320739746
1585.79980469	779.291015625
1586.56970215	1233.33276367
1587.33959961	1468.34533691
1588.10949707	914.555053711
1588.87939453	682.926452637
1589.64929199	633.708374023
1590.41918945	624.112182617
1591.18908691	615.500061035
1591.95898438	593.155456543
1592.72888184	576.076416016
1593.49865723	567.565612793
1594.26855469	540.067749023
1595.03845215	536.811950684
1595.80834961	500.318328857
1596.57824707	502.685668945
1597.34814453	499.919952393
1598.11804199	484.42590332
1598.88793945	484.060852051
1599.65783691	475.616760254
1600.42773438	478.167144775
1601.19763184	459.086395264
1601.9675293	452.117767334
1602.73742676	455.883026123
1603.50732422	443.437316895
1604.27709961	425.442565918
1605.04699707	422.080780029
1605.81689453	416.901062012
1606.58679199	404.960571289
1607.35668945	396.271820068
1608.12658691	394.088226318
1608.89648438	385.10333252
1609.66638184	372.991210938
1610.4362793	358.766082764
1611.20617676	354.321136475
1611.97607422	347.106140137
1612.74597168	335.416534424
1613.51586914	335.488555908
1614.2857666	316.813873291
1615.05566406	309.955810547
1615.82543945	293.552062988
1616.59533691	300.245025635
1617.36523438	272.971435547
1618.13513184	263.165435791
1618.9050293	259.714996338
1619.67492676	239.591003418
1620.44482422	260.228973389
1621.21472168	242.440979004
1621.98461914	221.495986938
1622.7545166	225.159927368
1623.52441406	209.821777344
1624.29431152	207.248596191
1625.06420898	202.326721191
1625.83410645	183.882385254
1626.60388184	180.596755981
1627.3737793	185.182006836
1628.14367676	174.56161499
1628.91357422	167.74836731
1629.68347168	162.244781494
1630.45336914	168.119689941
1631.2232666	164.994949341
1631.99316406	148.510894775
1632.76306152	138.093460083
1633.53295898	153.766540527
1634.30285645	143.545516968
1635.07275391	138.149414063
1635.84265137	130.818771362
1636.61254883	128.96697998
1637.38232422	121.824882507
1638.15222168	123.874977112
1638.92211914	125.473114014
1639.6920166	112.094696045
1640.46191406	111.154762268
1641.23181152	107.163948059
1642.00170898	106.466781616
1642.77160645	107.283241272
1643.54150391	101.641418457
1644.31140137	104.951309204
1645.08129883	110.277053833
1645.85119629	95.4163131714
1646.62109375	104.306938171
1647.39099121	101.073036194
1648.1607666	97.4538497925
1648.93066406	100.765220642
1649.70056152	97.388168335
1650.47045898	94.7998580933
1651.24035645	87.8020553589
1652.01025391	82.2299804688
1652.78015137	80.0641479492
1653.55004883	87.8325958252
1654.31994629	86.0104827881
1655.08984375	77.6265258789
1655.85974121	77.2056655884
1656.62963867	80.5185775757
1657.39953613	80.9495849609
1658.16943359	80.0807266235
1658.93920898	81.8033370972
1659.70910645	77.2916183472
1660.47900391	78.516746521
1661.24890137	76.888458252
1662.01879883	73.6349411011
1662.78869629	72.2610549927
1663.55859375	68.3764266968
1664.32849121	69.3015213013
1665.09838867	70.416885376
1665.86828613	74.4632873535
1666.63818359	76.5761184692
1667.40808105	70.1207199097
1668.17797852	86.686378479
1668.94787598	75.3375244141
1669.71765137	69.4836578369
1670.48754883	69.6077423096
1671.25744629	70.8106994629
1672.02734375	72.8128967285
1672.79724121	72.8008575439
1673.56713867	66.5903701782
1674.33703613	70.7687149048
1675.10693359	69.7753982544
1675.87683105	61.4555931091
1676.64672852	64.4980316162
1677.41662598	59.0088348389
1678.18652344	63.6254768372
1678.9564209	60.6263961792
1679.72631836	66.4370651245
1680.49609375	62.1507377625
1681.26599121	60.7846221924
1682.03588867	60.5670585632
1682.80578613	56.0465545654
1683.57568359	61.6779403687
1684.34558105	67.1761322021
1685.11547852	62.2063941956
1685.88537598	58.0744857788
1686.65527344	60.9053535461
1687.4251709	68.3572235107
1688.19506836	53.3964500427
1688.96496582	56.393787384
1689.73486328	64.6892089844
1690.50476074	61.5871429443
1691.27453613	62.7354507446
1692.04443359	64.4095153809
1692.81433105	59.6745109558
1693.58422852	63.6172943115
1694.35412598	60.6387214661
1695.12402344	55.0317306519
1695.8939209	49.6589241028
1696.66381836	57.9659461975
1697.43371582	63.0830459595
1698.20361328	54.0209541321
1698.97351074	57.6032752991
1699.7434082	62.5586585999
1700.51330566	57.966709137
1701.28320313	61.5921020508
1702.05297852	58.253200531
1702.82287598	60.1092605591
1703.59277344	62.8836898804
1704.3626709	58.4814605713
1705.13256836	53.4115753174
1705.90246582	59.2468109131
1706.67236328	52.0288848877
1707.44226074	51.5261230469
1708.2121582	57.5929298401
1708.98205566	52.8706321716
1709.75195313	56.6958808899
1710.52185059	52.7247619629
1711.29174805	55.850402832
1712.06164551	56.5311012268
1712.8314209	56.4255828857
1713.60131836	59.6651802063
1714.37121582	55.4044532776
1715.14111328	52.9356193542
1715.91101074	49.1510505676
1716.6809082	51.1360282898
1717.45080566	46.8569030762
1718.22070313	58.4499664307
1718.99060059	55.7066841125
1719.76049805	45.6726379395
1720.53039551	43.7728385925
1721.30029297	51.921081543
1722.07019043	52.0893478394
1722.84008789	51.9635887146
1723.60986328	50.3366622925
1724.37976074	48.4355659485
1725.1496582	47.1854629517
1725.91955566	46.5597991943
1726.68945313	48.4224700928
1727.45935059	46.6959838867
1728.22924805	48.2485351563
1728.99914551	40.1639404297
1729.76904297	49.2082977295
1730.53894043	38.352355957
1731.30883789	46.9365692139
1732.07873535	42.9260406494
1732.84863281	42.2167816162
1733.61853027	41.9994506836
1734.38830566	42.7337493896
1735.15820313	37.2216949463
1735.92810059	44.6192169189
1736.69799805	47.3564300537
1737.46789551	39.3858184814
1738.23779297	34.4158782959
1739.00769043	57.4309768677
1739.77758789	51.0106658936
1740.54748535	38.3090820313
1741.31738281	36.4974365234
1742.08728027	39.6182556152
1742.85717773	44.3564300537
1743.6270752	41.2944335938
1744.39697266	43.8822288513
1745.16687012	48.5942687988
1745.93664551	51.9566802979
1746.70654297	40.4399414063
1747.47644043	44.0726165771
1748.24633789	37.4789276123
1749.01623535	41.856426239
1749.78613281	38.7487487793
1750.55603027	36.8893737793
1751.32592773	45.1546592712
1752.0958252	41.5861358643
1752.86572266	32.2980804443
1753.63562012	34.541015625
1754.40551758	38.8933410645
1755.17541504	42.5156707764
1755.9453125	40.8798370361
1756.71508789	42.0929718018
1757.48498535	33.1848297119
1758.25488281	35.8583221436
1759.02478027	39.8731689453
1759.79467773	38.2233428955
1760.5645752	40.8391304016
1761.33447266	37.3001556396
1762.10437012	39.3394470215
1762.87426758	42.9664611816
1763.64416504	32.4290008545
1764.4140625	48.1025848389
1765.18395996	44.4069099426
1765.95385742	35.8348693848
1766.72375488	38.4042816162
1767.49353027	38.5917205811
1768.26342773	40.1281280518
1769.0333252	36.3615264893
1769.80322266	40.8259849548
1770.57312012	39.6347503662
1771.34301758	45.3847503662
1772.11291504	47.8564300537
1772.8828125	38.8568725586
1773.65270996	39.1585998535
1774.42260742	45.703414917
1775.19250488	40.1519622803
1775.96240234	43.8623657227
1776.7322998	33.8564300537
1777.50219727	35.3359527588
1778.27197266	33.936050415
1779.04187012	32.8716125488
1779.81176758	41.8115692139
1780.58166504	41.7705535889
1781.3515625	39.4493103027
1782.12145996	39.4917907715
1782.89135742	41.6611633301
1783.66125488	37.2408599854
1784.43115234	40.5914764404
1785.2010498	46.4772949219
1785.97094727	42.323638916
1786.74084473	38.1364784241
1787.51074219	36.7051696777
1788.28063965	41.2107696533
1789.05041504	36.6075134277
1789.8203125	36.3460388184
1790.59020996	42.707901001
1791.36010742	40.2709197998
1792.13000488	39.4582214355
1792.89990234	44.2845611572
1793.6697998	38.7458839417
1794.43969727	38.1857147217
1795.20959473	42.6422119141
1795.97949219	48.5152587891
1796.74938965	47.4433898926
1797.51928711	43.6073760986
1798.28918457	39.4304199219
1799.05908203	41.9937934875
1799.82885742	42.1740722656
1800.59875488	51.4226074219
1801.36865234	44.2573547363
1802.1385498	45.1824684143
1802.90844727	45.838973999
1803.67834473	47.4908294678
1804.44824219	41.607925415
1805.21813965	38.9102172852
1805.98803711	41.3303985596
1806.75793457	39.4435882568
1807.52783203	39.2351531982
1808.29772949	35.4935150146
1809.06762695	42.9388885498
1809.83752441	45.8002624512
1810.6072998	43.7435302734
1811.37719727	48.5643768311
1812.14709473	41.3223419189
1812.91699219	41.0412597656
1813.68688965	37.954284668
1814.45678711	50.5281677246
1815.22668457	48.2404632568
1815.99658203	54.3812408447
1816.76647949	44.3162994385
1817.53637695	43.9089202881
1818.30627441	41.0887908936
1819.07617188	38.7008171082
1819.84606934	40.2418212891
1820.6159668	43.8379974365
1821.38574219	41.9264373779
1822.15563965	42.5346374512
1822.92553711	39.8291015625
1823.69543457	46.5828704834
1824.46533203	41.7316894531
1825.23522949	39.8529663086
1826.00512695	44.2024841309
1826.77502441	40.9818115234
1827.54492188	44.5439758301
1828.31481934	41.4471588135
1829.0847168	45.7795562744
1829.85461426	48.6558837891
1830.62451172	41.8323364258
1831.39440918	45.022567749
1832.16418457	46.4742736816
1832.93408203	42.3628692627
1833.70397949	46.375213623
1834.47387695	46.4857177734
1835.24377441	40.8221130371
1836.01367188	45.7762298584
1836.78356934	35.4806671143
1837.5534668	44.4498558044
1838.32336426	46.7398986816
1839.09326172	40.6648864746
1839.86315918	44.2194213867
1840.63305664	48.0361480713
1841.4029541	44.5921173096
1842.17285156	41.7290344238
1842.94262695	42.7063140869
1843.71252441	40.4696655273
1844.48242188	35.1348876953
1845.25231934	45.8511352539
1846.0222168	40.4000701904
1846.79211426	41.7008361816
1847.56201172	39.4468688965
1848.33190918	43.4713134766
1849.10180664	37.6317138672
1849.8717041	41.3743438721
1850.64160156	36.0461273193
1851.41149902	41.8728942871
1852.18139648	43.5300445557
1852.95129395	46.8673858643
1853.72106934	40.8448944092
1854.4909668	39.3009796143
1855.26086426	44.274887085
1856.03076172	35.9685211182
1856.80065918	44.4458007813
1857.57055664	49.2948150635
1858.3404541	50.3402709961
1859.11035156	37.9160919189
1859.88024902	42.7540893555
1860.65014648	40.5113677979
1861.42004395	40.6474304199
1862.18994141	41.1485900879
1862.95983887	46.6311950684
1863.72973633	48.2372894287
1864.49951172	45.2871246338
1865.26940918	41.9628753662
1866.03930664	52.0941772461
1866.8092041	48.856426239
1867.57910156	46.3436889648
1868.34899902	43.9992332458
1869.11889648	55.2872772217
1869.88879395	46.4400291443
1870.65869141	47.4504699707
1871.42858887	54.2535247803
1872.19848633	43.3278808594
1872.96838379	44.6764373779
1873.73828125	43.5342712402
1874.50817871	46.5130615234
1875.27807617	43.6893768311
1876.04785156	47.0796813965
1876.81774902	47.9341087341
1877.58764648	37.7095184326
1878.35754395	51.3907318115
1879.12744141	50.0023193359
1879.89733887	43.0766296387
1880.66723633	49.81640625
1881.43713379	45.1873016357
1882.20703125	51.8698043823
1882.97692871	52.9571609497
1883.74682617	50.2103118896
1884.51672363	48.7176971436
1885.28662109	38.3013305664
1886.05651855	43.277633667
1886.82629395	44.0673065186
1887.59619141	48.1843910217
1888.36608887	43.1673126221
1889.13598633	46.1839141846
1889.90588379	45.9392547607
1890.67578125	49.3704338074
1891.44567871	44.3210258484
1892.21557617	56.0084228516
1892.98547363	56.5014152527
1893.75537109	40.7708930969
1894.52526855	45.2545585632
1895.29516602	50.117477417
1896.06506348	45.9453735352
1896.83496094	42.8564300537
1897.60473633	50.3988189697
1898.37463379	57.1152572632
1899.14453125	35.9358825684
1899.91442871	45.4375572205
1900.68432617	52.2383995056
1901.45422363	48.72605896
1902.22412109	50.1704864502
1902.99401855	44.8957214355
1903.76391602	43.9981231689
1904.53381348	42.9188232422
1905.30371094	41.4628601074
1906.0736084	51.6532440186
1906.84350586	36.7293395996
1907.61340332	47.7119445801
1908.38317871	49.3264274597
1909.15307617	43.812664032
1909.92297363	40.5189971924
1910.69287109	42.0618400574
1911.46276855	44.2781219482
1912.23266602	53.5026283264
1913.00256348	46.6667938232
1913.77246094	37.6409454346
1914.5423584	48.1394500732
1915.31225586	44.4663238525
1916.08215332	47.7528076172
1916.85205078	49.8159484863
1917.62194824	52.2600097656
1918.3918457	51.8927536011
1919.16162109	41.8363800049
1919.93151855	49.0490570068
1920.70141602	38.7308349609
1921.47131348	42.2987670898
1922.24121094	42.4864654541
1923.0111084	48.4048614502
1923.78100586	41.8343200684
1924.55090332	42.4608917236
1925.32080078	43.004989624
1926.09069824	47.4681243896
1926.8605957	40.5640258789
1927.63049316	45.4233360291
1928.40039063	41.9379425049
1929.17028809	39.552444458
1929.94006348	41.7373504639
1930.70996094	46.7301025391
1931.4798584	53.2304496765
1932.24975586	38.2897491455
1933.01965332	38.1143188477
1933.78955078	37.5222930908
1934.55944824	41.6867523193
1935.3293457	44.3810272217
1936.09924316	46.8889770508
1936.86914063	43.9540252686
1937.63903809	43.4094390869
1938.40893555	51.5264396667
1939.17883301	48.3278160095
1939.94873047	43.8311462402
1940.71850586	45.1625061035
1941.48840332	39.6670684814
1942.25830078	40.437286377
1943.02819824	45.015838623
1943.7980957	47.7198486328
1944.56799316	38.1241912842
1945.33789063	41.6578369141
1946.10778809	42.2882995605
1946.87768555	48.3564300537
1947.64758301	45.1202850342
1948.41748047	45.2972717285
1949.18737793	41.3361206055
1949.95727539	38.9035491943
1950.72717285	40.9128723145
1951.49694824	43.7127990723
1952.2668457	46.2733306885
1953.03674316	51.1731262207
1953.80664063	44.1242980957
1954.57653809	43.5657958984
1955.34643555	42.9599761963
1956.11633301	36.0046691895
1956.88623047	40.729675293
1957.65612793	46.0820617676
1958.42602539	39.664352417
1959.19592285	48.6910705566
1959.96582031	43.7094573975
1960.73571777	42.0323181152
1961.50561523	49.6263580322
1962.27539063	45.3071136475
1963.04528809	44.5104217529
1963.81518555	44.4417724609
1964.58508301	44.6334228516
1965.35498047	41.6103057861
1966.12487793	45.0064086914
1966.89477539	37.4867248535
1967.66467285	46.8820343018
1968.43457031	46.7843017578
1969.20446777	38.8453979492
1969.97436523	44.8790893555
1970.7442627	45.2154541016
1971.51416016	45.4306488037
1972.28405762	46.5442047119
1973.05383301	47.774887085
1973.82373047	48.5930786133
1974.59362793	52.8267822266
1975.36352539	57.1534729004
1976.13342285	51.2756347656
1976.90332031	51.6354827881
1977.67321777	49.1394500732
1978.44311523	52.6324768066
1979.2130127	53.8028259277
1979.98291016	49.2656707764
1980.75280762	45.9974822998
1981.52270508	48.4442901611
1982.29260254	51.079574585
1983.0625	55.6751022339
1983.83227539	52.9181137085
1984.60217285	54.2516021729
1985.37207031	52.2383880615
1986.14196777	54.8186798096
1986.91186523	51.7222595215
1987.6817627	51.3517150879
1988.45166016	50.9955291748
1989.22155762	48.2580718994
1989.99145508	50.0940551758
1990.76135254	50.0018005371
1991.53125	52.3023834229
1992.30114746	49.5336456299
1993.07104492	51.1560516357
1993.84094238	53.2590408325
1994.61071777	55.0628662109
1995.38061523	64.58253479
1996.1505127	51.8678970337
1996.92041016	53.6733627319
1997.69030762	58.6444015503
1998.46020508	55.5173492432
1999.23010254	48.6616973877
2000	51.2323455811
