300	-204.656707764
300.764373779	-206.228530884
301.528778076	-204.843795776
302.293151855	-205.442367554
303.057556152	-204.316131592
303.821929932	-204.082809448
304.586334229	-205.725540161
305.350708008	-205.20741272
306.115112305	-206.378067017
306.879486084	-205.504257202
307.643890381	-205.399993896
308.40826416	-206.046035767
309.172668457	-207.128112793
309.937042236	-206.140426636
310.701446533	-203.654159546
311.465820313	-203.858016968
312.230224609	-204.281539917
312.994598389	-207.962814331
313.759002686	-205.62562561
314.523376465	-205.058700562
315.287780762	-204.573318481
316.052154541	-205.349594116
316.816558838	-206.147186279
317.580932617	-203.365859985
318.345336914	-206.62387085
319.109710693	-207.500991821
319.87411499	-205.271209717
320.63848877	-206.036529541
321.402862549	-205.315246582
322.167266846	-206.1146698
322.931640625	-208.125762939
323.696044922	-205.304107666
324.460418701	-204.835388184
325.224822998	-205.713058472
325.989196777	-204.064407349
326.753601074	-205.198898315
327.517974854	-205.347106934
328.28237915	-204.126358032
329.04675293	-203.735809326
329.811157227	-205.03515625
330.575531006	-205.199996948
331.339935303	-205.199996948
332.104309082	-202.289154053
332.868713379	-202.835693359
333.633087158	-204.303955078
334.397491455	-205.443511963
335.161865234	-204.586181641
335.926269531	-202.472961426
336.690643311	-206
337.455047607	-206
338.219421387	-207.001846313
338.983825684	-206.48614502
339.748199463	-202.642730713
340.51260376	-200.671981812
341.276977539	-202.815460205
342.041381836	-205.339141846
342.805755615	-203.558547974
343.570129395	-201.623825073
344.334533691	-204.900878906
345.098907471	-205.100708008
345.863311768	-204.874435425
346.627685547	-205.713546753
347.392089844	-205.67048645
348.156463623	-203.986282349
348.92086792	-203.135269165
349.685241699	-201.719039917
350.449645996	-205.591339111
351.214019775	-207.102142334
351.978424072	-205.664627075
352.742797852	-204.800003052
353.507202148	-204.628753662
354.271575928	-204.09072876
355.035980225	-203.055450439
355.800354004	-201.614395142
356.564758301	-201.790527344
357.32913208	-206.300125122
358.093536377	-205.200363159
358.857910156	-204.042144775
359.622314453	-202.938980103
360.386688232	-203.221847534
361.151092529	-205.833831787
361.915466309	-207.026428223
362.679870605	-205.786514282
363.444244385	-203.49508667
364.208618164	-204.431564331
364.973022461	-204.408966064
365.73739624	-203.02684021
366.501800537	-203.996063232
367.266174316	-205.723892212
368.030578613	-203.453521729
368.794952393	-204.690811157
369.559356689	-205.925460815
370.323730469	-206.000015259
371.088134766	-205.144210815
371.852508545	-204.919326782
372.616912842	-204.040359497
373.381286621	-203.145202637
374.145690918	-203.794876099
374.910064697	-205.129486084
375.674468994	-205.988769531
376.438842773	-205.282714844
377.20324707	-205.199996948
377.96762085	-205.466369629
378.732025146	-205.9296875
379.496398926	-205.246643066
380.260803223	-203.554290771
381.025177002	-203.127746582
381.789581299	-205.21723938
382.553955078	-205.394287109
383.318359375	-205.742752075
384.082733154	-205.503112793
384.847137451	-206.652374268
385.61151123	-206.991317749
386.37588501	-206.362121582
387.140289307	-206.282180786
387.904663086	-206.630584717
388.669067383	-204.821502686
389.433441162	-205.175872803
390.197845459	-204.376312256
390.962219238	-204.767456055
391.726623535	-206.548141479
392.490997314	-207.407333374
393.255401611	-206.832046509
394.019775391	-205.538833618
394.784179688	-203.571868896
395.548553467	-203.443511963
396.312957764	-204.862060547
397.077331543	-204.199569702
397.84173584	-203.725143433
398.606109619	-205.55140686
399.370513916	-206.53918457
400.134887695	-205.374053955
400.899291992	-204.387802124
401.663665771	-204.853775024
402.428070068	-203.79460144
403.192443848	-203.262252808
403.956848145	-202.414535522
404.721221924	-203.142715454
405.485626221	-204.833831787
406.25	-205.620651245
407.014373779	-205.6015625
407.778778076	-205.731002808
408.543151855	-204.617935181
409.307556152	-203.201919556
410.071929932	-204.267410278
410.836334229	-206.110488892
411.600708008	-203.797988892
412.365112305	-205.625198364
413.129486084	-206.334121704
413.893890381	-204.199996948
414.65826416	-204.957214355
415.422668457	-205.797958374
416.187042236	-202.600265503
416.951446533	-204.203552246
417.715820313	-206.583374023
418.480224609	-204.251556396
419.244598389	-202.911941528
420.009002686	-203.358840942
420.773376465	-203.123428345
421.537780762	-201.525375366
422.302154541	-201.096557617
423.066558838	-204.773361206
423.830932617	-202.27746582
424.595336914	-205.47795105
425.359710693	-206.127410889
426.12411499	-206.457351685
426.88848877	-205.135681152
427.652862549	-203.05871582
428.417266846	-203.432952881
429.181640625	-205.264648438
429.946044922	-204.372756958
430.710418701	-203.482849121
431.474822998	-203.399993896
432.239196777	-202.278045654
433.003601074	-202.512191772
433.767974854	-202.709197998
434.53237915	-204.053649902
435.29675293	-205.834121704
436.061157227	-203.328704834
436.825531006	-203.818572998
437.589935303	-200.790649414
438.354309082	-203.778930664
439.118713379	-203.087051392
439.883087158	-202.102142334
440.647491455	-204.170623779
441.411865234	-205.664810181
442.176269531	-204.479385376
442.940643311	-204.35585022
443.705047607	-204.859420776
444.469421387	-203.433395386
445.233825684	-203.749008179
445.998199463	-203.49357605
446.76260376	-205.378921509
447.526977539	-205.736022949
448.291381836	-204.037704468
449.055755615	-203.077209473
449.820129395	-203.29397583
450.584533691	-201.367172241
451.348907471	-203.840240479
452.113311768	-205.270843506
452.877685547	-204.098419189
453.642089844	-204.366226196
454.406463623	-203.395812988
455.17086792	-201.805618286
455.935241699	-201.860168457
456.699645996	-203.314498901
457.464019775	-203.307876587
458.228424072	-202.092803955
458.992797852	-203.166534424
459.757202148	-202.33303833
460.521575928	-202.505493164
461.285980225	-202.468139648
462.050354004	-202.178237915
462.814758301	-202.090133667
463.57913208	-202.130554199
464.343536377	-202.242523193
465.107910156	-202.861755371
465.872314453	-202.064376831
466.636688232	-203.676315308
467.401092529	-203.965362549
468.165466309	-203.130813599
468.929870605	-203.544921875
469.694244385	-201.514358521
470.458618164	-200.859603882
471.223022461	-202.452087402
471.98739624	-200.800003052
472.751800537	-201.286239624
473.516174316	-205.383666992
474.280578613	-201.798660278
475.044952393	-205.872390747
475.809356689	-207.139450073
476.573730469	-204.108810425
477.338134766	-202.787536621
478.102508545	-203.521987915
478.866912842	-203.284988403
479.631286621	-202.96270752
480.395690918	-202.663513184
481.160064697	-201.228378296
481.924468994	-201.728851318
482.688842773	-200.082458496
483.45324707	-200.824066162
484.21762085	-202.787353516
484.982025146	-203.800003052
485.746398926	-203.950439453
486.510803223	-204.255142212
487.275177002	-204.294723511
488.039581299	-203.965133667
488.803955078	-205.940109253
489.568359375	-206.872634888
490.332733154	-204.372970581
491.097137451	-204.003646851
491.86151123	-204.314575195
492.62588501	-203.169830322
493.390289307	-200.903686523
494.154663086	-200.440612793
494.919067383	-203.65322876
495.683441162	-205.425613403
496.447845459	-200.922546387
497.212219238	-204.479904175
497.976623535	-202.669189453
498.740997314	-200.237747192
499.505401611	-202.293518066
500.269775391	-204.975631714
501.034179688	-204.305358887
501.798553467	-202.763870239
502.562957764	-203.613937378
503.327331543	-201.135391235
504.09173584	-202.581054688
504.856109619	-204.201370239
505.620513916	-202.501205444
506.384887695	-202.969863892
507.149291992	-205.064453125
507.913665771	-204.608306885
508.678070068	-202.519485474
509.442443848	-201.739547729
510.206848145	-202.212844849
510.971221924	-204.578689575
511.735626221	-204.363082886
512.5	-201.295516968
513.264404297	-203.935317993
514.028747559	-204.743896484
514.793151855	-203.18145752
515.557556152	-202.199996948
516.321960449	-202.372009277
517.086303711	-202.600006104
517.850708008	-202.930343628
518.615112305	-204.028121948
519.379516602	-204.165161133
520.143859863	-203.441055298
520.90826416	-201.866653442
521.672668457	-204.475921631
522.437072754	-203.154006958
523.201416016	-202.113037109
523.965820313	-202.482421875
524.730224609	-203.625808716
525.494628906	-204.385070801
526.258972168	-203.169631958
527.023376465	-204.622650146
527.787780762	-202.810897827
528.552185059	-202.079574585
529.31652832	-200.551620483
530.080932617	-203.04119873
530.845336914	-203.460235596
531.609741211	-201.431793213
532.374084473	-201.284194946
533.13848877	-203.599594116
533.902893066	-204.272888184
534.667236328	-202.483047485
535.431640625	-201.990249634
536.196044922	-205.254440308
536.960449219	-202.807174683
537.72479248	-201.166748047
538.489196777	-199.851165771
539.253601074	-200.569580078
540.018005371	-202.383804321
540.782348633	-203.160552979
541.54675293	-202.738739014
542.311157227	-202.72819519
543.075561523	-203.103164673
543.839904785	-202.308624268
544.604309082	-199.404418945
545.368713379	-199.875
546.133117676	-201.653182983
546.897460938	-202.331848145
547.661865234	-201.492614746
548.426269531	-201.560073853
549.190673828	-202.399993896
549.95501709	-202.632949829
550.719421387	-203.199996948
551.483825684	-203.156860352
552.24822998	-202.748779297
553.012573242	-200.205215454
553.776977539	-202.004486084
554.541381836	-201.805007935
555.305725098	-201.339050293
556.070129395	-202.212341309
556.834533691	-202.527755737
557.598937988	-201.695114136
558.36328125	-202.595474243
559.127685547	-204.912124634
559.892089844	-200.732666016
560.656494141	-201.756546021
561.420837402	-199.751419067
562.185241699	-201.953842163
562.949645996	-202.099975586
563.714050293	-201.338882446
564.478393555	-200.771408081
565.242797852	-200.600006104
566.007202148	-200.678634644
566.771606445	-200.496307373
567.535949707	-200.144393921
568.300354004	-201.048751831
569.064758301	-198.682617188
569.829162598	-200.684799194
570.593505859	-203.895401001
571.357910156	-203.629562378
572.122314453	-203.536483765
572.88671875	-202.41293335
573.651062012	-200.589614868
574.415466309	-201.271697998
575.179870605	-202.742141724
575.944274902	-200.855270386
576.708618164	-200.64666748
577.473022461	-201.745117188
578.237426758	-198.283798218
579.00177002	-199.447525024
579.766174316	-201.047912598
580.530578613	-199.246795654
581.29498291	-201.42225647
582.059326172	-202.007049561
582.823730469	-200.544189453
583.588134766	-200.886703491
584.352539063	-201.550338745
585.116882324	-199.872879028
585.881286621	-201.689102173
586.645690918	-200.735580444
587.410095215	-198.364746094
588.174438477	-199.050613403
588.938842773	-199.35295105
589.70324707	-199.671615601
590.467651367	-200.156051636
591.231994629	-200.298431396
591.996398926	-199.608734131
592.760803223	-200.012802124
593.52520752	-202.09815979
594.289550781	-201.333007813
595.053955078	-201.8699646
595.818359375	-200.402618408
596.582763672	-197.111923218
597.347106934	-197.297012329
598.11151123	-198.143447876
598.875915527	-199.585632324
599.640258789	-200.199996948
600.404663086	-199.710693359
601.169067383	-200.741668701
601.93347168	-202.419250488
602.697814941	-200.294815063
603.462219238	-197.861618042
604.226623535	-200.497589111
604.991027832	-201.782836914
605.755371094	-200.173324585
606.519775391	-199.344284058
607.284179688	-202.002365112
608.048583984	-201.168182373
608.812927246	-201.340805054
609.577331543	-198.980163574
610.34173584	-196.329833984
611.106140137	-198.10987854
611.870483398	-199.262893677
612.634887695	-198.515472412
613.399291992	-200.307037354
614.163696289	-201.590377808
614.928039551	-202.329711914
615.692443848	-200.741424561
616.456848145	-201.148025513
617.221252441	-201.399978638
617.985595703	-201.984207153
618.75	-200.691818237
619.514404297	-199.420700073
620.278747559	-200.748641968
621.043151855	-201.940658569
621.807556152	-201.341781616
622.571960449	-202.194046021
623.336303711	-203.936050415
624.100708008	-200.448547363
624.865112305	-198.149307251
625.629516602	-200.898254395
626.393859863	-200.966278076
627.15826416	-201.949874878
627.922668457	-201.094436646
628.687072754	-200.77885437
629.451416016	-201.227905273
630.215820313	-199.128890991
630.980224609	-198.600860596
631.744628906	-200.960098267
632.508972168	-201.934951782
633.273376465	-200.829864502
634.037780762	-198.290863037
634.802185059	-199.143951416
635.56652832	-200.728881836
636.330932617	-202.518920898
637.095336914	-202.038513184
637.859741211	-200.296203613
638.624084473	-198.637634277
639.38848877	-199.187133789
640.152893066	-201.933395386
640.917236328	-200.409194946
641.681640625	-197.440124512
642.446044922	-201.10824585
643.210449219	-204.242660522
643.97479248	-202.117599487
644.739196777	-202.920211792
645.503601074	-200.888748169
646.268005371	-200.2578125
647.032348633	-198.812988281
647.79675293	-197.207733154
648.561157227	-197.048416138
649.325561523	-199.486465454
650.089904785	-203.444534302
650.854309082	-201.942947388
651.618713379	-197.606384277
652.383117676	-200.946411133
653.147460938	-199.285079956
653.911865234	-199.902267456
654.676269531	-199.679534912
655.440673828	-199.020507813
656.20501709	-199.059661865
656.969421387	-198.626724243
657.733825684	-198.896942139
658.49822998	-199.262023926
659.262573242	-200.187423706
660.026977539	-201.60295105
660.791381836	-198.478500366
661.555725098	-198.824386597
662.320129395	-198.880691528
663.084533691	-196.472702026
663.848937988	-194.787002563
664.61328125	-196.408752441
665.377685547	-198.297149658
666.142089844	-198.261260986
666.906494141	-197.880172729
667.670837402	-197.484512329
668.435241699	-197.741699219
669.199645996	-198.098480225
669.964050293	-197.600006104
670.728393555	-197.139709473
671.492797852	-196.283187866
672.257202148	-199.752975464
673.021606445	-196.994277954
673.785949707	-196.437911987
674.550354004	-197.782623291
675.314758301	-194.525482178
676.079162598	-196.896469116
676.843505859	-197.298126221
677.607910156	-196.11378479
678.372314453	-194.700790405
679.13671875	-196.107833862
679.901062012	-198.489425659
680.665466309	-196.860107422
681.429870605	-196.211242676
682.194274902	-196.804824829
682.958618164	-195.62701416
683.723022461	-195.998352051
684.487426758	-195.075820923
685.25177002	-195
686.016174316	-195.781173706
686.780578613	-196.851669312
687.54498291	-195.66784668
688.309326172	-194.800018311
689.073730469	-195.990325928
689.838134766	-196.26524353
690.602539063	-194.432418823
691.366882324	-193.742431641
692.131286621	-195.629562378
692.895690918	-198.853942871
693.660095215	-195.731689453
694.424438477	-197.385528564
695.188842773	-194.597335815
695.95324707	-197.855010986
696.717651367	-196.495803833
697.481994629	-194.260314941
698.246398926	-196.745285034
699.010803223	-193.953216553
699.77520752	-193.174942017
700.539550781	-195.66847229
701.303955078	-196.605560303
702.068359375	-196.607498169
702.832763672	-194.68913269
703.597106934	-195.738494873
704.36151123	-196.628250122
705.125915527	-198.447158813
705.890258789	-194.53868103
706.654663086	-198.539169312
707.419067383	-195.6769104
708.18347168	-194.694641113
708.947814941	-194.461029053
709.712219238	-194.399993896
710.476623535	-194.063644409
711.241027832	-196.066619873
712.005371094	-196.530227661
712.769775391	-194.35848999
713.534179688	-195.174865723
714.298583984	-195.734039307
715.062927246	-195.728683472
715.827331543	-193.290725708
716.59173584	-194.204498291
717.356140137	-194.391281128
718.120483398	-194.934341431
718.884887695	-193.515563965
719.649291992	-193.655349731
720.413696289	-193.523361206
721.178039551	-193.149917603
721.942443848	-194.67906189
722.706848145	-196.593109131
723.471252441	-197.371566772
724.235595703	-195.927429199
725	-193.716140747
725.764404297	-195.493301392
726.528747559	-195.766372681
727.293151855	-195.55871582
728.057556152	-195.276641846
728.821960449	-197.147094727
729.586303711	-194.291870117
730.350708008	-193.155853271
731.115112305	-191.908584595
731.879516602	-193.173171997
732.643859863	-194.450698853
733.40826416	-193.389297485
734.172668457	-192.924530029
734.937072754	-194.596969604
735.701416016	-194.731948853
736.465820313	-193.663787842
737.230224609	-194.163009644
737.994628906	-191.379104614
738.758972168	-193.542785645
739.523376465	-193.279342651
740.287780762	-194.199996948
741.052185059	-194.199996948
741.81652832	-194.734695435
742.580932617	-195.627761841
743.345336914	-194.57383728
744.109741211	-193.355575562
744.874084473	-192.743164063
745.63848877	-193.063919067
746.402893066	-194.744018555
747.167236328	-194.998687744
747.931640625	-193.721282959
748.696044922	-193.268325806
749.460449219	-192.491744995
750.22479248	-193.242782593
750.989196777	-196.667419434
751.753601074	-193.548583984
752.518005371	-192.964096069
753.282348633	-191.648071289
754.04675293	-192.503570557
754.811157227	-194.62449646
755.575561523	-192.65435791
756.339904785	-190.845291138
757.104309082	-190.267578125
757.868713379	-192.007751465
758.633117676	-192.874908447
759.397460938	-192.888824463
760.161865234	-192.355773926
760.926269531	-192.071029663
761.690673828	-192.690765381
762.45501709	-190.600006104
763.219421387	-190.636688232
763.983825684	-190.600738525
764.74822998	-189.397232056
765.512573242	-192.207015991
766.276977539	-193.148376465
767.041381836	-193.555953979
767.805725098	-193.434127808
768.570129395	-189.393066406
769.334533691	-189.197158813
770.098937988	-190.123199463
770.86328125	-190.51914978
771.627685547	-190.922653198
772.392089844	-192.543411255
773.156494141	-192.984970093
773.920837402	-190.573730469
774.685241699	-190.282012939
775.449645996	-192.796600342
776.214050293	-190.94178772
776.978393555	-192.982406616
777.742797852	-191.458618164
778.507202148	-189.833908081
779.271606445	-191.34223938
780.035949707	-192.127120972
780.800354004	-191.518356323
781.564758301	-190.76399231
782.329162598	-189.566741943
783.093505859	-190.429138184
783.857910156	-189.997009277
784.622314453	-189.628067017
785.38671875	-189.90296936
786.151062012	-189.632476807
786.915466309	-188.877639771
787.679870605	-188.538970947
788.444274902	-188.800003052
789.208618164	-189.084442139
789.973022461	-190
790.737426758	-190.076217651
791.50177002	-190.702346802
792.266174316	-191.996536255
793.030578613	-191.807250977
793.79498291	-190.891906738
794.559326172	-191.312698364
795.323730469	-190.281005859
796.088134766	-189.403503418
796.852539063	-189.06149292
797.616882324	-188.362121582
798.381286621	-188.467224121
799.145690918	-189.117919922
799.910095215	-190.827804565
800.674438477	-192.230682373
801.438842773	-191.110565186
802.20324707	-190.044174194
802.967651367	-190.894760132
803.731994629	-190.262893677
804.496398926	-189.031677246
805.260803223	-189.242370605
806.02520752	-189.538085938
806.789550781	-188.40057373
807.553955078	-191.242462158
808.318359375	-190.146148682
809.082763672	-191.518844604
809.847106934	-190.057479858
810.61151123	-190.192306519
811.375915527	-188.609161377
812.140258789	-189.456954956
812.904663086	-189.579772949
813.669067383	-190.9243927
814.43347168	-191.633407593
815.197814941	-190.945663452
815.962219238	-191.704772949
816.726623535	-191.540115356
817.491027832	-189.86517334
818.255371094	-189.273803711
819.019775391	-189.632339478
819.784179688	-187.456054688
820.548583984	-190.737213135
821.312927246	-192.355255127
822.077331543	-190.835952759
822.84173584	-192.468902588
823.606140137	-192.424621582
824.370483398	-190.576965332
825.134887695	-192.536895752
825.899291992	-189.26399231
826.663696289	-188.614700317
827.428039551	-189.126113892
828.192443848	-189.432678223
828.956848145	-189.387191772
829.721252441	-190.263717651
830.485595703	-190.529602051
831.25	-189.399978638
832.014404297	-190.00982666
832.778747559	-190.677688599
833.543151855	-190.127868652
834.307556152	-191.624313354
835.071960449	-188.605545044
835.836303711	-189.643081665
836.600708008	-188.179443359
837.365112305	-187.805023193
838.129516602	-189.712249756
838.893859863	-186.714385986
839.65826416	-188.810943604
840.422668457	-186.592391968
841.187072754	-188.454071045
841.951416016	-188.623764038
842.715820313	-189.478988647
843.480224609	-188.119094849
844.244628906	-188.392669678
845.008972168	-188.544662476
845.773376465	-188.386795044
846.537780762	-188.911514282
847.302185059	-188.72088623
848.06652832	-188.45993042
848.830932617	-187.773132324
849.595336914	-187.527191162
850.359741211	-189.685821533
851.124084473	-189.864379883
851.88848877	-189.175079346
852.652893066	-188.968215942
853.417236328	-188.632446289
854.181640625	-189.587768555
854.946044922	-186.959289551
855.710449219	-186.800018311
856.47479248	-188.849853516
857.239196777	-188.550643921
858.003601074	-186.864334106
858.768005371	-188.281387329
859.532348633	-188.728225708
860.29675293	-187.456222534
861.061157227	-186.208557129
861.825561523	-185.033416748
862.589904785	-185.205947876
863.354309082	-186.829956055
864.118713379	-188.21875
864.883117676	-188.950073242
865.647460938	-188.138519287
866.411865234	-186.057800293
867.176269531	-185.952560425
867.940673828	-185.077484131
868.70501709	-184.922073364
869.469421387	-187.001968384
870.233825684	-189.721511841
870.99822998	-186.420684814
871.762573242	-186.996414185
872.526977539	-186.429214478
873.291381836	-184.764465332
874.055725098	-186.33631897
874.820129395	-186.434799194
875.584533691	-186.399993896
876.348937988	-185.805099487
877.11328125	-185.740615845
877.877685547	-188.975860596
878.642089844	-187.494735718
879.406494141	-187.344116211
880.170837402	-187.086685181
880.935241699	-186.099899292
881.699645996	-187.22668457
882.464050293	-187.1953125
883.228393555	-186.255233765
883.992797852	-186.796386719
884.757202148	-185.743011475
885.521606445	-184.61541748
886.285949707	-185.446914673
887.050354004	-183.982299805
887.814758301	-183.393783569
888.579162598	-186.105865479
889.343505859	-188.407318115
890.107910156	-182.674377441
890.872314453	-185.559188843
891.63671875	-186.358444214
892.401062012	-185.31098938
893.165466309	-184.504730225
893.929870605	-182.571716309
894.694274902	-183.786010742
895.458618164	-184.199996948
896.223022461	-183.19593811
896.987426758	-183.20765686
897.75177002	-182.116500854
898.516174316	-184.058197021
899.280578613	-182.853729248
900.04498291	-181.975708008
900.809326172	-183.298583984
901.573730469	-183.765533447
902.338134766	-183.5284729
903.102539063	-181.834823608
903.866882324	-180.807327271
904.631286621	-182.187515259
905.395690918	-183.691696167
906.160095215	-182.227340698
906.924438477	-183.439437866
907.688842773	-183.160888672
908.45324707	-184.514312744
909.217651367	-181.218688965
909.981994629	-181.331481934
910.746398926	-180.241790771
911.510803223	-182.174041748
912.27520752	-179.727539063
913.039550781	-182.527740479
913.803955078	-181.390197754
914.568359375	-181.538223267
915.332763672	-181.924682617
916.097106934	-182.310562134
916.86151123	-182.548522949
917.625915527	-180.760009766
918.390258789	-182.560699463
919.154663086	-180.859283447
919.919067383	-181.379669189
920.68347168	-180.623931885
921.447814941	-180.292556763
922.212219238	-183.418991089
922.976623535	-182.668304443
923.741027832	-180.037139893
924.505371094	-180.92376709
925.269775391	-182.070251465
926.034179688	-182.860748291
926.798583984	-182.444335938
927.562927246	-182.671981812
928.327331543	-180.593460083
929.09173584	-176.883560181
929.856140137	-177.585174561
930.620483398	-179.543304443
931.384887695	-180.466964722
932.149291992	-180.936004639
932.913696289	-180.054458618
933.678039551	-177.278366089
934.442443848	-181.734176636
935.206848145	-181.418212891
935.971252441	-178.260894775
936.735595703	-178.892150879
937.5	-178.31111145
938.264404297	-175.875579834
939.028747559	-179.556427002
939.793151855	-179.831497192
940.557556152	-179.895126343
941.321960449	-178.161239624
942.086303711	-176.858657837
942.850708008	-177.633972168
943.615112305	-178.692718506
944.379516602	-177.711639404
945.143859863	-178.359054565
945.90826416	-178.333251953
946.672668457	-176.602645874
947.437072754	-176.654983521
948.201416016	-177.839065552
948.965820313	-177.660797119
949.730224609	-176.066680908
950.494628906	-175.552185059
951.258972168	-175.291976929
952.023376465	-173.694839478
952.787780762	-174.772521973
953.552185059	-175.704544067
954.31652832	-175.315994263
955.080932617	-175.292541504
955.845336914	-176.754165649
956.609741211	-177.294555664
957.374084473	-175.160522461
958.13848877	-174.944290161
958.902893066	-176.599655151
959.667236328	-172.26574707
960.431640625	-175.957229614
961.196044922	-175.614944458
961.960449219	-174.478759766
962.72479248	-175.853393555
963.489196777	-174.234954834
964.253601074	-172.290588379
965.018005371	-171.171264648
965.782348633	-171.642547607
966.54675293	-174.755386353
967.311157227	-173.948822021
968.075561523	-173.689849854
968.839904785	-173.520233154
969.604309082	-175.422836304
970.368713379	-176.010452271
971.133117676	-172.188110352
971.897460938	-169.641845703
972.661865234	-170.20098877
973.426269531	-171.128448486
974.190673828	-172.027359009
974.95501709	-171.703125
975.719421387	-171.558074951
976.483825684	-171.051651001
977.24822998	-168.5496521
978.012573242	-168.362335205
978.776977539	-170.026107788
979.541381836	-169.48274231
980.305725098	-168.91796875
981.070129395	-170.590133667
981.834533691	-169.762359619
982.598937988	-170.528884888
983.36328125	-168.83631897
984.127685547	-169.387237549
984.892089844	-168.486419678
985.656494141	-167.767669678
986.420837402	-166.657226563
987.185241699	-166.731674194
987.949645996	-165.254547119
988.714050293	-169.080841064
989.478393555	-165.387985229
990.242797852	-168.49621582
991.007202148	-165.419342041
991.771606445	-167.378829956
992.535949707	-166.433197021
993.300354004	-165.455673218
994.064758301	-166.139312744
994.829162598	-164.937210083
995.593505859	-166.387374878
996.357910156	-166.772003174
997.122314453	-165.960037231
997.88671875	-164.654342651
998.651062012	-163.92098999
999.415466309	-164.732376099
1000.17987061	-163.334457397
1000.9442749	-162.357299805
1001.70861816	-164.637496948
1002.47302246	-164.902923584
1003.23742676	-162.976669312
1004.00177002	-160.62399292
1004.76617432	-160.692977905
1005.53057861	-161.323806763
1006.29498291	-159.723068237
1007.05932617	-160.106170654
1007.82373047	-161.536483765
1008.58813477	-159.630432129
1009.35253906	-158.428878784
1010.11688232	-159.706390381
1010.88128662	-160.982208252
1011.64569092	-161.319747925
1012.41009521	-160.011978149
1013.17443848	-158.800003052
1013.93884277	-159.709335327
1014.70324707	-160.050582886
1015.46765137	-158.448822021
1016.23199463	-158.127929688
1016.99639893	-157.725708008
1017.76080322	-156.874572754
1018.52520752	-156.261611938
1019.28955078	-155.352890015
1020.05395508	-152.800003052
1020.81835938	-153.364715576
1021.58276367	-155.192230225
1022.34710693	-155.845046997
1023.11151123	-156.125045776
1023.87591553	-156.254943848
1024.64025879	-154.27482605
1025.40466309	-151.704696655
1026.16906738	-150.911026001
1026.93347168	-149.097473145
1027.69787598	-148.7578125
1028.46228027	-151.600006104
1029.2265625	-151.747573853
1029.9909668	-153.215240479
1030.75537109	-150.547698975
1031.51977539	-149.461502075
1032.28417969	-145.899734497
1033.04858398	-150.576416016
1033.81298828	-147.426208496
1034.57739258	-147.987228394
1035.3416748	-147.229309082
1036.1060791	-148.720550537
1036.8704834	-147.490921021
1037.6348877	-144.449234009
1038.39929199	-144.925765991
1039.16369629	-146.610092163
1039.92810059	-143.801528931
1040.69250488	-143.920425415
1041.45678711	-140.922927856
1042.22119141	-141.576461792
1042.9855957	-142.958831787
1043.75	-138.795043945
1044.5144043	-138.282241821
1045.27880859	-139.189880371
1046.04321289	-139.711013794
1046.80749512	-137.196228027
1047.57189941	-135.947525024
1048.33630371	-136.988113403
1049.10070801	-135.941558838
1049.8651123	-135.830276489
1050.6295166	-137.129394531
1051.3939209	-132.320556641
1052.1583252	-132.323745728
1052.92260742	-132.324066162
1053.68701172	-132.301773071
1054.45141602	-131.150009155
1055.21582031	-132.374526978
1055.98022461	-134.409164429
1056.74462891	-134.071670532
1057.5090332	-133.993789673
1058.2734375	-133.943908691
1059.03771973	-133.452926636
1059.80212402	-132.127548218
1060.56652832	-131.139648438
1061.33093262	-133.344497681
1062.09533691	-133.765838623
1062.85974121	-131.840820313
1063.62414551	-131.932571411
1064.3885498	-133.508209229
1065.15283203	-133.554214478
1065.91723633	-131.907958984
1066.68164063	-132.136642456
1067.44604492	-132.004150391
1068.21044922	-131.66973877
1068.97485352	-133.590133667
1069.73925781	-134.264175415
1070.50354004	-134.415313721
1071.26794434	-134.252624512
1072.03234863	-135.348892212
1072.79675293	-134.546234131
1073.56115723	-135.088943481
1074.32556152	-134.262268066
1075.08996582	-133.956054688
1075.85437012	-133.80569458
1076.61865234	-134.772872925
1077.38305664	-135.692947388
1078.14746094	-134.410476685
1078.91186523	-133.389907837
1079.67626953	-135.113800049
1080.44067383	-134.326660156
1081.20507813	-135.638336182
1081.96948242	-136.285491943
1082.73376465	-135.337661743
1083.49816895	-136.309173584
1084.26257324	-136.807357788
1085.02697754	-136.093597412
1085.79138184	-136.691177368
1086.55578613	-137.43522644
1087.32019043	-136.422805786
1088.08447266	-137.661651611
1088.84887695	-137.88999939
1089.61328125	-138.837036133
1090.37768555	-139.322036743
1091.14208984	-140.704498291
1091.90649414	-140.569473267
1092.67089844	-140.09274292
1093.43530273	-141.010543823
1094.19958496	-141.067749023
1094.96398926	-141.512802124
1095.72839355	-142.94708252
1096.49279785	-144.130142212
1097.25720215	-145.694549561
1098.02160645	-143.701812744
1098.78601074	-144.139328003
1099.55041504	-146.346939087
1100.31469727	-145.666931152
1101.07910156	-147.214630127
1101.84350586	-147.852050781
1102.60791016	-146.948379517
1103.37231445	-146.688949585
1104.13671875	-150.918441772
1104.90112305	-151.495620728
1105.66552734	-151.072601318
1106.42980957	-153.621582031
1107.19421387	-153.096313477
1107.95861816	-154.693954468
1108.72302246	-154.951095581
1109.48742676	-155.411453247
1110.25183105	-156.844223022
1111.01623535	-157.56149292
1111.78051758	-157.470733643
1112.54492188	-159.727706909
1113.30932617	-159.975494385
1114.07373047	-161.967636108
1114.83813477	-162.99609375
1115.60253906	-163.863769531
1116.36694336	-164.971633911
1117.13134766	-165.527175903
1117.89562988	-167.165496826
1118.66003418	-169.742172241
1119.42443848	-172.168441772
1120.18884277	-173.660186768
1120.95324707	-173.087356567
1121.71765137	-175.484603882
1122.48205566	-178.945037842
1123.24645996	-178.844406128
1124.01074219	-179.953781128
1124.77514648	-182.277282715
1125.53955078	-183.243469238
1126.30395508	-185.932891846
1127.06835938	-188.128967285
1127.83276367	-187.735702515
1128.59716797	-188.55947876
1129.3614502	-191.092132568
1130.12585449	-194.033355713
1130.89025879	-196.117446899
1131.65466309	-199.01361084
1132.41906738	-200.366363525
1133.18347168	-198.246826172
1133.94787598	-198.641448975
1134.71228027	-196.015029907
1135.4765625	-196.429458618
1136.2409668	-198.195678711
1137.00537109	-201.332519531
1137.76977539	-197.760131836
1138.53417969	-201.544876099
1139.29858398	-198.860488892
1140.06298828	-197.879959106
1140.82739258	-198.505371094
1141.5916748	-197.394119263
1142.3560791	-197.705764771
1143.1204834	-197.305053711
1143.8848877	-198.813995361
1144.64929199	-198.097991943
1145.41369629	-198.722625732
1146.17810059	-198.699508667
1146.94250488	-198.306533813
1147.70678711	-199.632202148
1148.47119141	-197.691192627
1149.2355957	-197.278823853
1150	-197.996932983
1150.7644043	-198.071121216
1151.52880859	-198.878204346
1152.29321289	-198.423553467
1153.05749512	-198.868164063
1153.82189941	-199.369354248
1154.58630371	-199.535888672
1155.35070801	-200.451721191
1156.1151123	-199.104446411
1156.8795166	-197.604019165
1157.6439209	-198.984741211
1158.4083252	-199.722686768
1159.17260742	-198.185699463
1159.93701172	-198.512756348
1160.70141602	-199.11328125
1161.46582031	-198.225753784
1162.23022461	-198.842910767
1162.99462891	-198.383560181
1163.7590332	-198.779312134
1164.5234375	-197.765960693
1165.28771973	-197.610031128
1166.05212402	-198.891769409
1166.81652832	-197.954696655
1167.58093262	-199.024246216
1168.34533691	-198.822692871
1169.10974121	-199.399993896
1169.87414551	-198.550292969
1170.6385498	-196.42401123
1171.40283203	-197.97807312
1172.16723633	-198.225982666
1172.93164063	-197.148345947
1173.69604492	-198.527633667
1174.46044922	-198.300033569
1175.22485352	-198.923492432
1175.98925781	-199.543899536
1176.75354004	-199.404983521
1177.51794434	-200.708602905
1178.28234863	-199.693023682
1179.04675293	-197.38949585
1179.81115723	-201.047286987
1180.57556152	-196.774810791
1181.33996582	-196.5756073
1182.10437012	-199.68586731
1182.86865234	-196.816101074
1183.63305664	-197.390548706
1184.39746094	-196.798675537
1185.16186523	-196.205215454
1185.92626953	-198.553390503
1186.69067383	-196.858718872
1187.45507813	-199.287078857
1188.21948242	-196.56161499
1188.98376465	-196.774230957
1189.74816895	-196.246231079
1190.51257324	-196.199996948
1191.27697754	-196.921768188
1192.04138184	-199.676223755
1192.80578613	-198.236068726
1193.57019043	-196.081634521
1194.33447266	-197.524307251
1195.09887695	-196.439666748
1195.86328125	-196.031967163
1196.62768555	-194.837295532
1197.39208984	-197.884048462
1198.15649414	-198.113067627
1198.92089844	-195.753936768
1199.68530273	-199.481307983
1200.44958496	-197.152038574
1201.21398926	-196.664672852
1201.97839355	-197.106155396
1202.74279785	-197.9584198
1203.50720215	-199.400299072
1204.27160645	-198.465621948
1205.03601074	-198.146530151
1205.80041504	-198.924041748
1206.56469727	-196.767089844
1207.32910156	-197.921524048
1208.09350586	-199.500564575
1208.85791016	-198.829742432
1209.62231445	-198.536956787
1210.38671875	-198.464660645
1211.15112305	-198.131866455
1211.91552734	-196.673431396
1212.67980957	-197.704116821
1213.44421387	-197.171630859
1214.20861816	-196.528503418
1214.97302246	-197.361999512
1215.73742676	-196.290298462
1216.50183105	-198.637405396
1217.26623535	-197.392852783
1218.03051758	-197.475646973
1218.79492188	-197.593307495
1219.55932617	-196.321807861
1220.32373047	-197.538482666
1221.08813477	-197.896392822
1221.85253906	-197.399993896
1222.61694336	-194.51852417
1223.38134766	-195.483505249
1224.14562988	-197.347579956
1224.91003418	-196.551620483
1225.67443848	-197.088424683
1226.43884277	-195.048065186
1227.20324707	-193.893157959
1227.96765137	-194.150131226
1228.73205566	-195.640197754
1229.49645996	-196.439865112
1230.26074219	-195.81199646
1231.02514648	-195.159347534
1231.78955078	-195.129425049
1232.55395508	-195.489242554
1233.31835938	-196.538757324
1234.08276367	-196.98097229
1234.84716797	-195.286056519
1235.6114502	-195.609085083
1236.37585449	-194.99609375
1237.14025879	-193.299682617
1237.90466309	-194.193481445
1238.66906738	-194.605209351
1239.43347168	-194.298248291
1240.19787598	-194.986724854
1240.96228027	-195.113296509
1241.7265625	-193.921600342
1242.4909668	-193.103485107
1243.25537109	-194.44203186
1244.01977539	-196.383102417
1244.78417969	-196.132049561
1245.54858398	-197.301727295
1246.31298828	-198.262756348
1247.07739258	-196.527664185
1247.8416748	-195.529022217
1248.6060791	-195.188339233
1249.3704834	-195.965103149
1250.1348877	-196.036224365
1250.89929199	-195.587478638
1251.66369629	-194.583862305
1252.42810059	-193.012771606
1253.19250488	-194.580535889
1253.95678711	-195.570739746
1254.72119141	-195.805236816
1255.4855957	-196.83694458
1256.25	-194.887512207
1257.0144043	-194.151153564
1257.77880859	-195
1258.54321289	-195
1259.30749512	-194.905715942
1260.07189941	-193.76008606
1260.83630371	-194.590423584
1261.60070801	-197.180343628
1262.3651123	-197.981506348
1263.1295166	-195.911956787
1263.8939209	-192.719894409
1264.6583252	-193.838531494
1265.42260742	-194.535980225
1266.18701172	-193.691360474
1266.95141602	-194.877655029
1267.71582031	-197.567169189
1268.48022461	-198.216430664
1269.24462891	-196.702713013
1270.0090332	-195.401977539
1270.7734375	-195.302536011
1271.53771973	-197.207992554
1272.30212402	-197.285858154
1273.06652832	-195.171691895
1273.83093262	-193.073760986
1274.59533691	-193.338516235
1275.35974121	-194.504333496
1276.12414551	-195.967483521
1276.8885498	-198.048614502
1277.65283203	-196.879348755
1278.41723633	-195.307373047
1279.18164063	-196.158187866
1279.94604492	-195.707366943
1280.71044922	-194.579544067
1281.47485352	-194.956054688
1282.23925781	-196.073257446
1283.00354004	-195.014862061
1283.76794434	-194.714035034
1284.53234863	-195.054092407
1285.29675293	-195.265533447
1286.06115723	-194.777664185
1286.82556152	-195.148574829
1287.58996582	-194.124420166
1288.35437012	-195.295776367
1289.11865234	-195.214141846
1289.88305664	-193.582672119
1290.64746094	-195.19744873
1291.41186523	-195.517623901
1292.17626953	-196.527313232
1292.94067383	-196.11479187
1293.70507813	-195.139770508
1294.46948242	-196.841949463
1295.23376465	-196.7371521
1295.99816895	-195.529174805
1296.76257324	-195.199996948
1297.52697754	-195.612030029
1298.29138184	-195.938720703
1299.05578613	-193.191146851
1299.82019043	-192.709976196
1300.58447266	-195.012954712
1301.34887695	-196.672073364
1302.11328125	-194.792526245
1302.87768555	-195.785293579
1303.64208984	-197.001022339
1304.40649414	-195.222290039
1305.17089844	-193.366714478
1305.93530273	-193.623275757
1306.69958496	-194.904403687
1307.46398926	-193.764907837
1308.22839355	-192.269851685
1308.99279785	-192
1309.75720215	-194.643096924
1310.52160645	-193.359115601
1311.28601074	-194.859909058
1312.05041504	-194.857589722
1312.81469727	-193.066055298
1313.57910156	-194.026367188
1314.34350586	-197.39263916
1315.10791016	-196.542785645
1315.87231445	-193.489761353
1316.63671875	-193.384170532
1317.40112305	-196.562530518
1318.16552734	-191.903564453
1318.92980957	-194.07850647
1319.69421387	-194.200012207
1320.45861816	-193.809249878
1321.22302246	-193.008911133
1321.98742676	-193.798614502
1322.75183105	-192.418365479
1323.51623535	-193.794937134
1324.28051758	-193.564865112
1325.04492188	-192.542724609
1325.80932617	-191.500259399
1326.57373047	-193.150299072
1327.33813477	-194.753753662
1328.10253906	-192.240280151
1328.86694336	-192.600006104
1329.63134766	-192.878311157
1330.39562988	-194.437347412
1331.16003418	-192.44418335
1331.92443848	-193.866531372
1332.68884277	-193.836746216
1333.45324707	-192.277984619
1334.21765137	-192.099487305
1334.98205566	-190.732879639
1335.74645996	-192.127487183
1336.51074219	-190.196975708
1337.27514648	-189.318847656
1338.03955078	-190.312149048
1338.80395508	-191.192474365
1339.56835938	-191.482788086
1340.33276367	-190.691467285
1341.09716797	-193.17640686
1341.8614502	-191.770324707
1342.62585449	-192.427459717
1343.39025879	-191.800003052
1344.15466309	-192.527435303
1344.91906738	-192.340240479
1345.68347168	-191.210647583
1346.44787598	-192.180877686
1347.21228027	-192.77482605
1347.9765625	-192.327346802
1348.7409668	-190.798522949
1349.50537109	-189.578704834
1350.26977539	-188.892883301
1351.03417969	-190.014862061
1351.79858398	-191.796844482
1352.56298828	-193.222137451
1353.32739258	-191.263504028
1354.0916748	-190.96685791
1354.8560791	-191.288253784
1355.6204834	-191.262649536
1356.3848877	-191.265136719
1357.14929199	-190.922805786
1357.91369629	-191.938735962
1358.67810059	-191.085021973
1359.44250488	-190.300216675
1360.20678711	-192.039825439
1360.97119141	-190.872817993
1361.7355957	-190.721710205
1362.5	-191.129470825
1363.2644043	-192.211624146
1364.02880859	-191.365097046
1364.79321289	-193.140274048
1365.55749512	-193.760665894
1366.32189941	-191.220169067
1367.08630371	-192.694229126
1367.85070801	-194.337814331
1368.6151123	-190.083480835
1369.3795166	-193.20098877
1370.1439209	-193.985671997
1370.9083252	-193.408813477
1371.67260742	-193.535491943
1372.43701172	-192.769851685
1373.20141602	-194.072631836
1373.96582031	-189.979064941
1374.73022461	-192.749237061
1375.49462891	-193.463897705
1376.2590332	-192.800003052
1377.0234375	-193.309890747
1377.78771973	-194.917434692
1378.55212402	-194.410705566
1379.31652832	-194.485443115
1380.08093262	-192.565734863
1380.84533691	-194.540786743
1381.60974121	-193.44442749
1382.37414551	-192.178726196
1383.1385498	-192.582855225
1383.90283203	-192.555618286
1384.66723633	-192.551040649
1385.43164063	-193.970016479
1386.19604492	-192.128189087
1386.96044922	-191.707733154
1387.72485352	-192.625076294
1388.48925781	-192.888763428
1389.25354004	-192.568115234
1390.01794434	-193.60736084
1390.78234863	-193.896911621
1391.54675293	-193.991470337
1392.31115723	-196.095535278
1393.07556152	-194.471420288
1393.83996582	-194.271224976
1394.60437012	-193.3984375
1395.36865234	-192.534042358
1396.13305664	-193.523391724
1396.89746094	-193.965209961
1397.66186523	-195.873840332
1398.42626953	-195.497848511
1399.19067383	-193.230682373
1399.95507813	-194.116149902
1400.71948242	-192.287261963
1401.48376465	-192.789672852
1402.24816895	-194.57434082
1403.01257324	-191.973220825
1403.77697754	-196.879882813
1404.54138184	-195.069442749
1405.30578613	-195.595565796
1406.07019043	-194.028106689
1406.83447266	-193.897567749
1407.59887695	-192.75491333
1408.36328125	-193.885787964
1409.12768555	-192.548278809
1409.89208984	-192.079147339
1410.65649414	-191.696166992
1411.42089844	-190.536849976
1412.18530273	-193.27255249
1412.94958496	-193.948913574
1413.71398926	-193.792205811
1414.47839355	-192.668701172
1415.24279785	-191.855148315
1416.00720215	-192.22052002
1416.77160645	-192.410049438
1417.53601074	-192.776275635
1418.30041504	-193.762863159
1419.06469727	-193.102172852
1419.82910156	-192.669509888
1420.59350586	-193.691223145
1421.35791016	-192.067642212
1422.12231445	-193.275878906
1422.88671875	-192.303970337
1423.65112305	-192.92276001
1424.41552734	-192.534729004
1425.17980957	-191.709640503
1425.94421387	-192.671096802
1426.70861816	-195.018295288
1427.47302246	-193.864501953
1428.23742676	-190.053939819
1429.00183105	-194.374664307
1429.76623535	-193.038269043
1430.53051758	-193.591094971
1431.29492188	-191.132446289
1432.05932617	-190.657165527
1432.82373047	-190.754180908
1433.58813477	-189.974945068
1434.35253906	-191.977325439
1435.11694336	-192.876678467
1435.88134766	-190.643707275
1436.64562988	-190.929733276
1437.41003418	-190.548400879
1438.17443848	-191.606536865
1438.93884277	-192.190689087
1439.70324707	-191.399993896
1440.46765137	-192.203643799
1441.23205566	-193.321548462
1441.99645996	-191.549102783
1442.76074219	-190.12071228
1443.52514648	-188.797637939
1444.28955078	-190.820419312
1445.05395508	-190.506500244
1445.81835938	-191.131622314
1446.58276367	-192.838607788
1447.34716797	-192.068084717
1448.1114502	-190.956970215
1448.87585449	-189.392364502
1449.64025879	-188.651138306
1450.40466309	-192.587921143
1451.16906738	-193.784393311
1451.93347168	-189.64630127
1452.69787598	-191.869216919
1453.46228027	-189.636779785
1454.2265625	-190.330627441
1454.9909668	-192.176635742
1455.75537109	-190.280487061
1456.51977539	-191.399993896
1457.28417969	-190.964675903
1458.04858398	-190.295410156
1458.81298828	-190.294754028
1459.57739258	-189.957901001
1460.3416748	-191.625091553
1461.1060791	-190
1461.8704834	-190.59312439
1462.6348877	-191.09362793
1463.39929199	-191.113861084
1464.16369629	-190.592834473
1464.92810059	-191.747253418
1465.69250488	-191.643814087
1466.45678711	-192.352630615
1467.22119141	-192.344512939
1467.9855957	-189.804367065
1468.75	-189.868774414
1469.5144043	-192.625732422
1470.27880859	-189.889175415
1471.04321289	-190.933425903
1471.80749512	-189.412460327
1472.57189941	-192.697280884
1473.33630371	-189.571212769
1474.10070801	-189.485733032
1474.8651123	-191.709915161
1475.6295166	-191.314331055
1476.3939209	-191.707595825
1477.1583252	-190.74822998
1477.92260742	-189.12487793
1478.68701172	-189.399993896
1479.45141602	-191.049682617
1480.21582031	-193.772872925
1480.98022461	-192.391174316
1481.74462891	-191.11428833
1482.5090332	-190.489059448
1483.2734375	-189.838699341
1484.03771973	-190
1484.80212402	-192.318939209
1485.56652832	-192.531677246
1486.33093262	-190.21043396
1487.09533691	-189.277206421
1487.85974121	-190.897781372
1488.62414551	-192.44720459
1489.3885498	-190.920944214
1490.15283203	-189.236190796
1490.91723633	-192.737380981
1491.68164063	-189.550506592
1492.44604492	-188.967147827
1493.21044922	-190.370147705
1493.97485352	-190.890701294
1494.73925781	-192.718521118
1495.50354004	-189.255935669
1496.26794434	-189.594009399
1497.03234863	-189.55847168
1497.79675293	-189.457611084
1498.56115723	-190.855316162
1499.32556152	-189.800445557
1500.08996582	-187.328826904
1500.85437012	-188.485031128
1501.61865234	-190.180511475
1502.38305664	-187.821258545
1503.14746094	-187.034439087
1503.91186523	-189.580444336
1504.67626953	-190.281860352
1505.44067383	-188.070251465
1506.20507813	-187.153167725
1506.96948242	-187.270690918
1507.73376465	-185.300643921
1508.49816895	-189.987442017
1509.26257324	-189.483947754
1510.02697754	-184.505249023
1510.79138184	-188.252044678
1511.55578613	-185.909164429
1512.32019043	-187.754821777
1513.08447266	-189.869491577
1513.84887695	-187.026275635
1514.61328125	-186.947433472
1515.37768555	-189.472183228
1516.14208984	-188.049499512
1516.90649414	-187.406326294
1517.67089844	-188.634490967
1518.43530273	-187.161972046
1519.19958496	-186.799682617
1519.96398926	-187.334655762
1520.72839355	-185.186676025
1521.49279785	-187.146957397
1522.25720215	-186.719726563
1523.02160645	-185.783172607
1523.78601074	-184.684432983
1524.55041504	-186.986862183
1525.31469727	-186.937179565
1526.07910156	-186.595108032
1526.84350586	-185.986312866
1527.60791016	-185.010192871
1528.37231445	-187.706558228
1529.13671875	-186.275192261
1529.90112305	-187.562683105
1530.66552734	-185.577713013
1531.42980957	-184.931564331
1532.19421387	-187.568283081
1532.95861816	-188.460250854
1533.72302246	-185.810195923
1534.48742676	-186.643737793
1535.25183105	-184.350479126
1536.01623535	-186.31111145
1536.78051758	-184.955841064
1537.54492188	-186.654830933
1538.30932617	-185.151245117
1539.07373047	-185.768661499
1539.83813477	-185.873306274
1540.60253906	-186.217559814
1541.36694336	-187.643005371
1542.13134766	-184.399795532
1542.89562988	-183.869247437
1543.66003418	-183.077560425
1544.42443848	-182.668746948
1545.18884277	-183.633712769
1545.95324707	-184.855895996
1546.71765137	-183.355560303
1547.48205566	-182.253677368
1548.24645996	-182.443878174
1549.01074219	-184.102645874
1549.77514648	-184.993927002
1550.53955078	-184.484786987
1551.30395508	-184.610794067
1552.06835938	-184.928161621
1552.83276367	-181.790542603
1553.59716797	-183.998413086
1554.3614502	-184.189971924
1555.12585449	-183.071929932
1555.89025879	-184.406890869
1556.65466309	-183.974243164
1557.41906738	-182.396759033
1558.18347168	-182.26713562
1558.94787598	-183.972442627
1559.71228027	-183.532485962
1560.4765625	-182.672668457
1561.2409668	-183.133911133
1562.00537109	-184.056564331
1562.76977539	-183.877975464
1563.53417969	-182.630264282
1564.29858398	-183.172531128
1565.06298828	-183.608642578
1565.82739258	-182.157424927
1566.5916748	-182.660018921
1567.3560791	-181.178039551
1568.1204834	-182.738342285
1568.8848877	-181.778594971
1569.64929199	-182.295593262
1570.41369629	-182.910827637
1571.17810059	-181.016082764
1571.94250488	-180.747055054
1572.70678711	-181.767868042
1573.47119141	-182.48677063
1574.2355957	-180.747344971
1575	-180.571166992
1575.7644043	-181.991363525
1576.52880859	-182.021682739
1577.29321289	-180.611465454
1578.05749512	-181.744140625
1578.82189941	-180.291748047
1579.58630371	-179.742279053
1580.35070801	-182.66065979
1581.1151123	-180.800018311
1581.8795166	-181.822265625
1582.6439209	-179.831924438
1583.4083252	-178.136383057
1584.17260742	-178.062423706
1584.93701172	-178.720123291
1585.70141602	-177.980926514
1586.46582031	-179.334976196
1587.23022461	-180.57522583
1587.99462891	-180.668060303
1588.7590332	-180.275421143
1589.5234375	-179.899078369
1590.28771973	-179.290710449
1591.05212402	-178.877807617
1591.81652832	-177.496765137
1592.58093262	-177.001022339
1593.34533691	-179.850234985
1594.10974121	-178.408950806
1594.87414551	-180.781311035
1595.6385498	-179.797805786
1596.40283203	-179.619644165
1597.16723633	-179.134567261
1597.93164063	-178.392837524
1598.69604492	-178.193984985
1599.46044922	-178.362472534
1600.22485352	-178.693603516
1600.98925781	-177.674758911
1601.75354004	-177.445587158
1602.51794434	-178.585174561
1603.28234863	-179.371734619
1604.04675293	-178.288635254
1604.81115723	-180.362792969
1605.57556152	-179.4609375
1606.33996582	-177.033340454
1607.10437012	-176.781204224
1607.86865234	-176.936935425
1608.63305664	-177.261642456
1609.39746094	-176.047790527
1610.16186523	-177.063873291
1610.92626953	-178.633728027
1611.69067383	-176.407394409
1612.45507813	-177.54788208
1613.21948242	-175.769927979
1613.98376465	-175.001724243
1614.74816895	-177.855560303
1615.51257324	-176.631652832
1616.27697754	-177.439147949
1617.04138184	-176.823669434
1617.80578613	-176.677993774
1618.57019043	-176.737701416
1619.33447266	-177.399612427
1620.09887695	-177.320907593
1620.86328125	-175.850357056
1621.62768555	-175.745025635
1622.39208984	-175.838684082
1623.15649414	-174.375946045
1623.92089844	-175.309677124
1624.68530273	-176.026107788
1625.44958496	-178.269897461
1626.21398926	-175.159866333
1626.97839355	-175.654174805
1627.74279785	-176.002609253
1628.50720215	-175.692779541
1629.27160645	-176.551956177
1630.03601074	-178.069046021
1630.80041504	-177.516937256
1631.56469727	-176.974319458
1632.32910156	-174.68737793
1633.09350586	-175.529754639
1633.85791016	-176.363174438
1634.62231445	-174.807693481
1635.38671875	-174.515823364
1636.15112305	-176.069534302
1636.91552734	-175.765365601
1637.67980957	-175.799545288
1638.44421387	-174.53263855
1639.20861816	-175.877120972
1639.97302246	-174.606140137
1640.73742676	-174.903182983
1641.50183105	-173.983932495
1642.26623535	-176.359695435
1643.03051758	-176.415115356
1643.79492188	-175.980148315
1644.55932617	-176.279098511
1645.32373047	-176.276290894
1646.08813477	-175.746154785
1646.85253906	-175.78263855
1647.61694336	-174.503860474
1648.38134766	-174.738037109
1649.14562988	-176.232559204
1649.91003418	-175.425506592
1650.67443848	-173.920883179
1651.43884277	-174.812545776
1652.20324707	-175.14604187
1652.96765137	-174.216796875
1653.73205566	-174.059204102
1654.49645996	-174.569290161
1655.26074219	-174.211608887
1656.02514648	-174.955886841
1656.78955078	-175.472442627
1657.55395508	-175.076400757
1658.31835938	-176.097259521
1659.08276367	-174.793716431
1659.84716797	-173.2865448
1660.6114502	-174.852813721
1661.37585449	-173.540740967
1662.14025879	-173.440872192
1662.90466309	-173.989685059
1663.66906738	-174.667648315
1664.43347168	-173.453857422
1665.19787598	-173.351516724
1665.96228027	-172.874664307
1666.7265625	-173.725830078
1667.4909668	-172.621536255
1668.25537109	-174.07182312
1669.01977539	-174.690093994
1669.78417969	-172.550964355
1670.54858398	-172.95791626
1671.31298828	-173.582931519
1672.07739258	-172.065429688
1672.8416748	-171.612472534
1673.6060791	-172.466506958
1674.3704834	-173.072036743
1675.1348877	-173.334976196
1675.89929199	-172.29888916
1676.66369629	-173.018173218
1677.42810059	-172.605911255
1678.19250488	-174.37953186
1678.95678711	-173.421234131
1679.72119141	-172.465423584
1680.4855957	-172.730651855
1681.25	-171.752426147
1682.0144043	-171.475967407
1682.77880859	-171.173706055
1683.54321289	-172.003936768
1684.30749512	-171.837722778
1685.07189941	-171.133468628
1685.83630371	-170.182617188
1686.60070801	-170.439254761
1687.3651123	-169.945220947
1688.1295166	-170.085861206
1688.8939209	-170.947967529
1689.6583252	-170.647201538
1690.42260742	-169.200637817
1691.18701172	-170.774703979
1691.95141602	-171.268371582
1692.71582031	-169.716781616
1693.48022461	-168.076629639
1694.24462891	-170.690628052
1695.0090332	-169.392166138
1695.7734375	-169.143356323
1696.53771973	-169.431930542
1697.30212402	-171.204559326
1698.06652832	-168.016387939
1698.83093262	-168.316543579
1699.59533691	-167.023681641
1700.35974121	-167.4868927
1701.12414551	-169.638778687
1701.8885498	-170.053405762
1702.65283203	-170.803253174
1703.41723633	-169.851821899
1704.18164063	-165.98550415
1704.94604492	-167.74822998
1705.71044922	-169.94152832
1706.47485352	-168.540771484
1707.23925781	-168.146347046
1708.00354004	-169.932754517
1708.76794434	-167.134979248
1709.53234863	-168.822937012
1710.29675293	-167.675064087
1711.06115723	-167.639556885
1711.82556152	-167.78717041
1712.58996582	-167.589096069
1713.35437012	-166.740081787
1714.11865234	-167.694992065
1714.88305664	-169.098327637
1715.64746094	-168.371246338
1716.41186523	-166.940063477
1717.17626953	-167.648574829
1717.94067383	-168.188751221
1718.70507813	-168.550048828
1719.46948242	-168.231140137
1720.23376465	-168.13734436
1720.99816895	-168.153533936
1721.76257324	-168.690368652
1722.52697754	-168.695571899
1723.29138184	-167.51776123
1724.05578613	-167.948638916
1724.82019043	-167.300643921
1725.58447266	-167.476837158
1726.34887695	-167.207061768
1727.11328125	-167.822677612
1727.87768555	-166.887451172
1728.64208984	-165.529129028
1729.40649414	-166.436965942
1730.17089844	-165.792480469
1730.93530273	-166.275817871
1731.69958496	-166.937072754
1732.46398926	-165.00743103
1733.22839355	-164.776107788
1733.99279785	-166.100891113
1734.75720215	-166.321502686
1735.52160645	-167.095581055
1736.28601074	-167.936813354
1737.05041504	-168.088150024
1737.81469727	-165.642654419
1738.57910156	-166.650695801
1739.34350586	-165.834259033
1740.10791016	-165.630599976
1740.87231445	-166.907592773
1741.63671875	-165.237518311
1742.40112305	-165.01802063
1743.16552734	-164.591201782
1743.92980957	-164.327926636
1744.69421387	-165.90461731
1745.45861816	-165.158920288
1746.22302246	-166.014282227
1746.98742676	-164.339035034
1747.75183105	-167.089996338
1748.51623535	-164.586486816
1749.28051758	-165.150115967
1750.04492188	-165.893264771
1750.80932617	-165.410690308
1751.57373047	-163.782714844
1752.33813477	-165.320236206
1753.10253906	-165.749893188
1753.86694336	-164.66835022
1754.63134766	-164.28918457
1755.39562988	-163.996810913
1756.16003418	-163.127426147
1756.92443848	-164.07321167
1757.68884277	-164.413360596
1758.45324707	-163.929748535
1759.21765137	-165.659942627
1759.98205566	-161.571060181
1760.74645996	-165.796707153
1761.51074219	-163.935928345
1762.27514648	-163.435836792
1763.03955078	-163.112365723
1763.80395508	-163.625457764
1764.56835938	-164.651626587
1765.33276367	-164.126037598
1766.09716797	-164.360198975
1766.8614502	-163.839324951
1767.62585449	-164.548995972
1768.39025879	-162.072540283
1769.15466309	-162.096923828
1769.91906738	-163.342895508
1770.68347168	-164.177627563
1771.44787598	-164.358032227
1772.21228027	-164.321182251
1772.9765625	-164.272491455
1773.7409668	-162.161636353
1774.50537109	-161.640533447
1775.26977539	-164.421081543
1776.03417969	-164.895736694
1776.79858398	-164.185241699
1777.56298828	-165.205047607
1778.32739258	-164.219772339
1779.0916748	-164.563262939
1779.8560791	-165.847824097
1780.6204834	-165.545013428
1781.3848877	-166.849716187
1782.14929199	-165.448684692
1782.91369629	-166.186889648
1783.67810059	-167.927871704
1784.44250488	-169.712875366
1785.20678711	-163.592498779
1785.97119141	-166.514846802
1786.7355957	-167.284591675
1787.5	-167.832901001
1788.2644043	-166.610412598
1789.02880859	-167.042877197
1789.79321289	-166.813049316
1790.55749512	-167.080673218
1791.32189941	-169.198898315
1792.08630371	-168.541702271
1792.85070801	-168.48677063
1793.6151123	-169.393432617
1794.3795166	-167.540710449
1795.1439209	-167.142730713
1795.9083252	-169.826950073
1796.67260742	-170.171585083
1797.43701172	-170.175125122
1798.20141602	-169.241226196
1798.96582031	-169.995132446
1799.73022461	-170.938217163
1800.49462891	-169.864883423
1801.2590332	-171.352706909
1802.0234375	-174.108200073
1802.78771973	-173.044174194
1803.55212402	-173.891555786
1804.31652832	-176.426773071
1805.08093262	-174.073654175
1805.84533691	-175.729324341
1806.60974121	-173.99659729
1807.37414551	-176.372238159
1808.1385498	-176.935653687
1808.90283203	-174.96156311
1809.66723633	-174.911514282
1810.43164063	-176.140167236
1811.19604492	-175.240737915
1811.96044922	-174.449310303
1812.72485352	-177.585571289
1813.48925781	-175.704315186
1814.25354004	-174.837219238
1815.01794434	-175.11038208
1815.78234863	-175.837722778
1816.54675293	-176.235626221
1817.31115723	-176.892547607
1818.07556152	-174.368133545
1818.83996582	-174.576721191
1819.60437012	-175.399993896
1820.36865234	-177.215805054
1821.13305664	-175.801452637
1821.89746094	-175.362869263
1822.66186523	-176.417419434
1823.42626953	-174.183074951
1824.19067383	-174.835632324
1824.95507813	-173.654525757
1825.71948242	-173.874298096
1826.48376465	-174.983047485
1827.24816895	-176.225143433
1828.01257324	-174.124450684
1828.77697754	-174.517364502
1829.54138184	-175.409667969
1830.30578613	-176.236480713
1831.07019043	-174.761047363
1831.83447266	-175.059936523
1832.59887695	-175.208953857
1833.36328125	-175.31211853
1834.12768555	-174.698638916
1834.89208984	-170.947753906
1835.65649414	-173.934249878
1836.42089844	-174.689727783
1837.18530273	-174.03364563
1837.94958496	-173.584075928
1838.71398926	-173.14666748
1839.47839355	-172.982086182
1840.24279785	-172.75944519
1841.00720215	-171.750793457
1841.77160645	-173.824813843
1842.53601074	-174.435409546
1843.30041504	-171.526519775
1844.06469727	-171.997009277
1844.82910156	-170.609802246
1845.59350586	-175.546905518
1846.35791016	-173.616882324
1847.12231445	-169.857513428
1847.88671875	-171.167602539
1848.65112305	-171.449188232
1849.41552734	-169.968963623
1850.17980957	-169.625793457
1850.94421387	-171.468444824
1851.70861816	-172.152786255
1852.47302246	-170.821731567
1853.23742676	-174.054199219
1854.00183105	-171.303726196
1854.76623535	-172.877105713
1855.53051758	-172.351272583
1856.29492188	-172.940307617
1857.05932617	-172.570785522
1857.82373047	-171.251815796
1858.58813477	-171.447052002
1859.35253906	-171.650802612
1860.11694336	-170.419799805
1860.88134766	-173.778915405
1861.64562988	-172.693252563
1862.41003418	-170.312255859
1863.17443848	-171.288452148
1863.93884277	-171.584625244
1864.70324707	-171.018203735
1865.46765137	-171.366882324
1866.23205566	-169.076370239
1866.99645996	-169.037612915
1867.76074219	-172.260467529
1868.52514648	-170.917297363
1869.28955078	-172.461853027
1870.05395508	-172.961410522
1870.81835938	-167.95098877
1871.58276367	-168.770111084
1872.34716797	-169.792266846
1873.1114502	-170.228775024
1873.87585449	-171.530410767
1874.64025879	-170.996902466
1875.40466309	-171.312988281
1876.16906738	-171.783416748
1876.93347168	-171.611999512
1877.69787598	-171.603424072
1878.46228027	-170.600006104
1879.2265625	-171.116958618
1879.9909668	-170.395019531
1880.75537109	-170.210586548
1881.51977539	-170.449645996
1882.28417969	-169.374740601
1883.04858398	-169.554351807
1883.81298828	-171.581436157
1884.57739258	-170.000015259
1885.3416748	-170.357116699
1886.1060791	-171.739425659
1886.8704834	-171.11227417
1887.6348877	-171.01423645
1888.39929199	-170.245056152
1889.16369629	-168.967697144
1889.92810059	-170.122070313
1890.69250488	-169.095001221
1891.45678711	-167.883575439
1892.22119141	-169.827606201
1892.9855957	-169.047637939
1893.75	-170.36618042
1894.5144043	-170.663726807
1895.27880859	-171.046737671
1896.04321289	-170.922866821
1896.80749512	-170.867858887
1897.57189941	-169.758834839
1898.33630371	-169.798675537
1899.10070801	-170.119689941
1899.8651123	-169.524429321
1900.6295166	-169.811325073
1901.3939209	-169.653671265
1902.1583252	-169.574691772
1902.92260742	-167.155090332
1903.68701172	-167.493133545
1904.45141602	-170.391677856
1905.21582031	-172.150054932
1905.98022461	-170.814453125
1906.74462891	-170.711639404
1907.5090332	-169.515594482
1908.2734375	-170.198959351
1909.03771973	-169.887008667
1909.80212402	-168.25944519
1910.56652832	-169.979415894
1911.33093262	-170.130325317
1912.09533691	-167.161300659
1912.85974121	-168.49005127
1913.62414551	-167.265197754
1914.3885498	-170.655197144
1915.15283203	-169.871688843
1915.91723633	-170.886016846
1916.68164063	-171.455276489
1917.44604492	-168.618453979
1918.21044922	-168.498703003
1918.97485352	-167.094161987
1919.73925781	-166.7706604
1920.50354004	-169.899291992
1921.26794434	-169.682098389
1922.03234863	-168.733215332
1922.79675293	-170.199996948
1923.56115723	-168.363769531
1924.32556152	-167.78012085
1925.08996582	-167.832351685
1925.85437012	-167.419372559
1926.61865234	-168.187957764
1927.38305664	-165.809036255
1928.14746094	-169.310623169
1928.91186523	-169.164276123
1929.67626953	-168.449401855
1930.44067383	-169.522750854
1931.20507813	-167.7237854
1931.96948242	-170.378082275
1932.73376465	-167.692016602
1933.49816895	-171.052246094
1934.26257324	-171.680618286
1935.02697754	-170.989059448
1935.79138184	-169.058288574
1936.55578613	-168.744140625
1937.32019043	-168.730010986
1938.08447266	-168.067108154
1938.84887695	-170.120010376
1939.61328125	-166.428161621
1940.37768555	-170.225036621
1941.14208984	-169.630447388
1941.90649414	-166.98651123
1942.67089844	-166.316482544
1943.43530273	-167.650436401
1944.19958496	-169.223083496
1944.96398926	-165.120956421
1945.72839355	-169.459503174
1946.49279785	-168.761779785
1947.25720215	-170.772384644
1948.02160645	-168.268218994
1948.78601074	-168.664031982
1949.55041504	-167.600006104
1950.31469727	-166.824829102
1951.07910156	-167.926971436
1951.84350586	-166.458755493
1952.60791016	-166.199996948
1953.37231445	-165.486160278
1954.13671875	-167.552322388
1954.90112305	-166.829742432
1955.66552734	-166.276504517
1956.42980957	-167.871185303
1957.19421387	-166.885681152
1957.95861816	-165.532318115
1958.72302246	-165.399993896
1959.48742676	-166.74156189
1960.25183105	-166.193740845
1961.01623535	-166.371032715
1961.78051758	-165.609527588
1962.54492188	-166.066238403
1963.30932617	-166.070907593
1964.07373047	-168.435836792
1964.83813477	-169.367919922
1965.60253906	-165.824661255
1966.36694336	-166.367477417
1967.13134766	-165.972686768
1967.89562988	-166.29284668
1968.66003418	-166.755950928
1969.42443848	-165.090927124
1970.18884277	-164.600006104
1970.95324707	-167.637817383
1971.71765137	-162.018692017
1972.48205566	-163.33821106
1973.24645996	-163.884719849
1974.01074219	-162.460678101
1974.77514648	-165.053161621
1975.53955078	-164.860198975
1976.30395508	-163.555862427
1977.06835938	-164.327255249
1977.83276367	-165.583267212
1978.59716797	-161.981933594
1979.3614502	-164.04725647
1980.12585449	-162.550567627
1980.89025879	-163.000427246
1981.65466309	-162.699310303
1982.41906738	-164.804412842
1983.18347168	-163.673431396
1983.94787598	-165.800384521
1984.71228027	-166.151412964
1985.4765625	-166.594024658
1986.2409668	-164.120407104
1987.00537109	-163.201828003
1987.76977539	-162.265731812
1988.53417969	-164.474700928
1989.29858398	-164.516143799
1990.06298828	-164.398223877
1990.82739258	-164.363723755
1991.5916748	-164.767623901
1992.3560791	-162.532806396
1993.1204834	-162.110366821
1993.8848877	-162.91619873
1994.64929199	-165.984069824
1995.41369629	-164.816665649
1996.17810059	-163.271087646
1996.94250488	-165.737701416
1997.70678711	-165.058822632
1998.47119141	-163.291656494
1999.2355957	-163.516342163
2000	-163.99546814
