300	-148.862991333
300.764373779	-150.60949707
301.528778076	-150.800003052
302.293151855	-153.405929565
303.057556152	-153.116134644
303.821929932	-152.321578979
304.586334229	-152.960830688
305.350708008	-151.82963562
306.115112305	-152.026290894
306.879486084	-153.074874878
307.643890381	-151.502655029
308.40826416	-152.679702759
309.172668457	-152.663864136
309.937042236	-151.246810913
310.701446533	-151.320632935
311.465820313	-153.248825073
312.230224609	-150.011642456
312.994598389	-150.53755188
313.759002686	-148.288040161
314.523376465	-149.928344727
315.287780762	-151.408889771
316.052154541	-150.726745605
316.816558838	-149.999176025
317.580932617	-151.421310425
318.345336914	-150.495483398
319.109710693	-154.003936768
319.87411499	-150.829162598
320.63848877	-151.105941772
321.402862549	-150.84552002
322.167266846	-150
322.931640625	-149.660766602
323.696044922	-148.95980835
324.460418701	-149.863677979
325.224822998	-151.443481445
325.989196777	-150.811096191
326.753601074	-150.200271606
327.517974854	-151.196975708
328.28237915	-151.189529419
329.04675293	-149.919067383
329.811157227	-150.305450439
330.575531006	-150.670516968
331.339935303	-148.562805176
332.104309082	-148.076568604
332.868713379	-149.373001099
333.633087158	-150.225982666
334.397491455	-151.109573364
335.161865234	-152.06427002
335.926269531	-152.557113647
336.690643311	-153.737701416
337.455047607	-150.749786377
338.219421387	-150.266052246
338.983825684	-149.343383789
339.748199463	-149.948608398
340.51260376	-150.600006104
341.276977539	-150.038101196
342.041381836	-149.506973267
342.805755615	-151.156097412
343.570129395	-150.804336548
344.334533691	-152.537307739
345.098907471	-147.562484741
345.863311768	-148.562484741
346.627685547	-149.286453247
347.392089844	-149.252059937
348.156463623	-150.546569824
348.92086792	-150.194091797
349.685241699	-149.054107666
350.449645996	-150.814239502
351.214019775	-151.157440186
351.978424072	-150.39906311
352.742797852	-149.233184814
353.507202148	-148.8568573
354.271575928	-148.952575684
355.035980225	-148.438278198
355.800354004	-148.700775146
356.564758301	-149.933700562
357.32913208	-149.166641235
358.093536377	-149.57131958
358.857910156	-150.157852173
359.622314453	-149.443313599
360.386688232	-149.406219482
361.151092529	-150.332321167
361.915466309	-147.872741699
362.679870605	-149.795852661
363.444244385	-149.090805054
364.208618164	-150.847351074
364.973022461	-151.139312744
365.73739624	-150.573394775
366.501800537	-149.118789673
367.266174316	-148.31741333
368.030578613	-149.891342163
368.794952393	-149.568618774
369.559356689	-151.861572266
370.323730469	-151.833862305
371.088134766	-149.803192139
371.852508545	-148.880661011
372.616912842	-150.431396484
373.381286621	-152.05480957
374.145690918	-150.960876465
374.910064697	-148.348190308
375.674468994	-148.022460938
376.438842773	-149.434555054
377.20324707	-151.474639893
377.96762085	-152.399551392
378.732025146	-151.061477661
379.496398926	-151.273376465
380.260803223	-152.75428772
381.025177002	-151.515838623
381.789581299	-150.45173645
382.553955078	-150.982894897
383.318359375	-151
384.082733154	-150.8515625
384.847137451	-151.050476074
385.61151123	-150.893493652
386.37588501	-152.344467163
387.140289307	-153.927780151
387.904663086	-151.132827759
388.669067383	-150.73550415
389.433441162	-149.67237854
390.197845459	-149.929473877
390.962219238	-150.70930481
391.726623535	-150.285476685
392.490997314	-149.607330322
393.255401611	-150.062301636
394.019775391	-151.35256958
394.784179688	-151.434158325
395.548553467	-149.303375244
396.312957764	-152.672409058
397.077331543	-152.839920044
397.84173584	-150.326293945
398.606109619	-150.347900391
399.370513916	-150.647018433
400.134887695	-150.278198242
400.899291992	-150.518295288
401.663665771	-149.5025177
402.428070068	-148.801803589
403.192443848	-148.979248047
403.956848145	-149.157089233
404.721221924	-147.314559937
405.485626221	-147.185165405
406.25	-147.441314697
407.014373779	-147.671905518
407.778778076	-148.55166626
408.543151855	-147.159301758
409.307556152	-148.399353027
410.071929932	-148.044189453
410.836334229	-147.378005981
411.600708008	-149.468292236
412.365112305	-149.487869263
413.129486084	-148.777709961
413.893890381	-148.200042725
414.65826416	-146.823272705
415.422668457	-147.890365601
416.187042236	-150.199813843
416.951446533	-149.130950928
417.715820313	-148.376174927
418.480224609	-148.736083984
419.244598389	-149
420.009002686	-149.986801147
420.773376465	-150.049819946
421.537780762	-147.800003052
422.302154541	-148.036453247
423.066558838	-149.796203613
423.830932617	-149.43963623
424.595336914	-149.874267578
425.359710693	-148.500778198
426.12411499	-149.172027588
426.88848877	-148.720596313
427.652862549	-147.988937378
428.417266846	-149.118362427
429.181640625	-147.406036377
429.946044922	-149.92918396
430.710418701	-147.615447998
431.474822998	-148.694442749
432.239196777	-150.402435303
433.003601074	-149.456924438
433.767974854	-148.30305481
434.53237915	-148.199996948
435.29675293	-148.575622559
436.061157227	-149.117401123
436.825531006	-146.653366089
437.589935303	-147.543930054
438.354309082	-147.098068237
439.118713379	-147.58354187
439.883087158	-151.409561157
440.647491455	-151.950881958
441.411865234	-151.21685791
442.176269531	-151.555587769
442.940643311	-149.366241455
443.705047607	-148.364852905
444.469421387	-148.008361816
445.233825684	-148.174499512
445.998199463	-147.740371704
446.76260376	-148.523498535
447.526977539	-149.110656738
448.291381836	-149.199996948
449.055755615	-148.859130859
449.820129395	-149.000137329
450.584533691	-151.127929688
451.348907471	-148.030197144
452.113311768	-149.103134155
452.877685547	-149.688095093
453.642089844	-149.516891479
454.406463623	-149.881668091
455.17086792	-150.299301147
455.935241699	-150.165405273
456.699645996	-149.113037109
457.464019775	-148.203399658
458.228424072	-151.382461548
458.992797852	-146.550582886
459.757202148	-147.266952515
460.521575928	-146.330780029
461.285980225	-147.846084595
462.050354004	-149.576156616
462.814758301	-149.028335571
463.57913208	-149.197128296
464.343536377	-150.98739624
465.107910156	-147.061767578
465.872314453	-146.29296875
466.636688232	-148.621337891
467.401092529	-146.484680176
468.165466309	-147.883285522
468.929870605	-148.475845337
469.694244385	-149.746383667
470.458618164	-149.755279541
471.223022461	-148.49861145
471.98739624	-149.600006104
472.751800537	-149.388595581
473.516174316	-147.608169556
474.280578613	-149.400680542
475.044952393	-146.085983276
475.809356689	-148.407287598
476.573730469	-148.254394531
477.338134766	-150.645507813
478.102508545	-151.859451294
478.866912842	-148.084991455
479.631286621	-148.061065674
480.395690918	-148.995269775
481.160064697	-146.842575073
481.924468994	-144.332015991
482.688842773	-143.375442505
483.45324707	-147.144226074
484.21762085	-149.69367981
484.982025146	-148.961013794
485.746398926	-147.449569702
486.510803223	-148.302932739
487.275177002	-150.849090576
488.039581299	-149.260040283
488.803955078	-149.978225708
489.568359375	-148.952835083
490.332733154	-146.791091919
491.097137451	-146.87272644
491.86151123	-149.376998901
492.62588501	-150.148345947
493.390289307	-149.199996948
494.154663086	-149.309539795
494.919067383	-149.355957031
495.683441162	-148.035263062
496.447845459	-146.053909302
497.212219238	-145.123825073
497.976623535	-146.08770752
498.740997314	-148.162246704
499.505401611	-148.421295166
500.269775391	-149.822845459
501.034179688	-149.743804932
501.798553467	-146.456390381
502.562957764	-147.002914429
503.327331543	-148.681533813
504.09173584	-147.416564941
504.856109619	-147.933792114
505.620513916	-149.107620239
506.384887695	-149.399993896
507.149291992	-148.686660767
507.913665771	-147.304672241
508.678070068	-146.640258789
509.442443848	-147.604629517
510.206848145	-148.264587402
510.971221924	-145.421310425
511.735626221	-145.639083862
512.5	-148.88710022
513.264404297	-145.938537598
514.028747559	-146.063339233
514.793151855	-145.40397644
515.557556152	-146.378860474
516.321960449	-148.918029785
517.086303711	-149.335510254
517.850708008	-147.247192383
518.615112305	-147.259414673
519.379516602	-146.417419434
520.143859863	-146.77947998
520.90826416	-148.503723145
521.672668457	-146.680892944
522.437072754	-146.660583496
523.201416016	-146.547836304
523.965820313	-146.01171875
524.730224609	-146.175369263
525.494628906	-146.520492554
526.258972168	-145.836959839
527.023376465	-146.07093811
527.787780762	-146.795639038
528.552185059	-148.06072998
529.31652832	-144.981369019
530.080932617	-146.615036011
530.845336914	-148.093170166
531.609741211	-146.099960327
532.374084473	-144.770523071
533.13848877	-145.666748047
533.902893066	-145.447921753
534.667236328	-145.89239502
535.431640625	-147.631713867
536.196044922	-148.175735474
536.960449219	-148.372848511
537.72479248	-147.629211426
538.489196777	-147.12890625
539.253601074	-143.959075928
540.018005371	-143.964385986
540.782348633	-146.120178223
541.54675293	-146.122528076
542.311157227	-147.040969849
543.075561523	-149.157897949
543.839904785	-147.314331055
544.604309082	-144.591629028
545.368713379	-145.243743896
546.133117676	-147.654327393
546.897460938	-146.158569336
547.661865234	-145.793960571
548.426269531	-147.540115356
549.190673828	-147.650787354
549.95501709	-145.800003052
550.719421387	-146.358230591
551.483825684	-148.513717651
552.24822998	-147.796340942
553.012573242	-147.6146698
553.776977539	-146.931838989
554.541381836	-145.014984131
555.305725098	-145.182830811
556.070129395	-145.487518311
556.834533691	-146.533401489
557.598937988	-146.504272461
558.36328125	-144.807006836
559.127685547	-146.082046509
559.892089844	-146.868331909
560.656494141	-144.271102905
561.420837402	-147.552230835
562.185241699	-147.631866455
562.949645996	-148.050033569
563.714050293	-146.481109619
564.478393555	-146.17149353
565.242797852	-146.985809326
566.007202148	-147.085464478
566.771606445	-146.478530884
567.535949707	-145.98475647
568.300354004	-144.773498535
569.064758301	-141.882614136
569.829162598	-143.884796143
570.593505859	-143.828033447
571.357910156	-145.34085083
572.122314453	-146.618865967
572.88671875	-144.744567871
573.651062012	-145.523880005
574.415466309	-148.134338379
575.179870605	-147.610168457
575.944274902	-145.11756897
576.708618164	-143.692504883
577.473022461	-144.280487061
578.237426758	-145.373519897
579.00177002	-145.043563843
579.766174316	-145.64352417
580.530578613	-146.374191284
581.29498291	-145.34072876
582.059326172	-145.467605591
582.823730469	-145.926513672
583.588134766	-145.895568848
584.352539063	-145.606994629
585.116882324	-144.466934204
585.881286621	-147.778198242
586.645690918	-146.019821167
587.410095215	-146.749298096
588.174438477	-145.949386597
588.938842773	-145.035202026
589.70324707	-144.664199829
590.467651367	-144.837356567
591.231994629	-145.507843018
591.996398926	-145.070861816
592.760803223	-144.00213623
593.52520752	-145.053970337
594.289550781	-146.800476074
595.053955078	-146.108840942
595.818359375	-149.593795776
596.582763672	-150.513366699
597.347106934	-146.623901367
598.11151123	-144.164382935
598.875915527	-143.204788208
599.640258789	-144.836669922
600.404663086	-144.634246826
601.169067383	-144.135986328
601.93347168	-146.058105469
602.697814941	-146.742919922
603.462219238	-146.923019409
604.226623535	-145.386047363
604.991027832	-145.202438354
605.755371094	-145.56149292
606.519775391	-143.960723877
607.284179688	-146.254882813
608.048583984	-147.069152832
608.812927246	-147.34223938
609.577331543	-145.746154785
610.34173584	-144.448745728
611.106140137	-145.593597412
611.870483398	-146.096313477
612.634887695	-146.494644165
613.399291992	-146.862380981
614.163696289	-145.212371826
614.928039551	-145.199996948
615.692443848	-145.365844727
616.456848145	-143.604705811
617.221252441	-144.863922119
617.985595703	-146.851608276
618.75	-146.796157837
619.514404297	-146
620.278747559	-145.387466431
621.043151855	-144.61491394
621.807556152	-145.870895386
622.571960449	-146.180587769
623.336303711	-146.02355957
624.100708008	-147.308410645
624.865112305	-146.887329102
625.629516602	-147.574554443
626.393859863	-146.549407959
627.15826416	-146.85899353
627.922668457	-147.399993896
628.687072754	-146.402496338
629.451416016	-145.274765015
630.215820313	-145.694442749
630.980224609	-146.357070923
631.744628906	-146.22668457
632.508972168	-146.519256592
633.273376465	-148.545288086
634.037780762	-148.062332153
634.802185059	-144.894958496
635.56652832	-145.085922241
636.330932617	-143.949172974
637.095336914	-144.013046265
637.859741211	-144.800842285
638.624084473	-145
639.38848877	-145.276031494
640.152893066	-146.493164063
640.917236328	-147.571533203
641.681640625	-144.132034302
642.446044922	-145.110855103
643.210449219	-142.529556274
643.97479248	-143.628982544
644.739196777	-143.479934692
645.503601074	-144.844528198
646.268005371	-147.075714111
647.032348633	-146.072921753
647.79675293	-144.796142578
648.561157227	-144.834396362
649.325561523	-144.600006104
650.089904785	-145.377365112
650.854309082	-147.053253174
651.618713379	-144.792495728
652.383117676	-146.417861938
653.147460938	-146.971633911
653.911865234	-145.946609497
654.676269531	-147.722885132
655.440673828	-148.634613037
656.20501709	-146.85256958
656.969421387	-146.258621216
657.733825684	-145.803482056
658.49822998	-145.084487915
659.262573242	-144.090072632
660.026977539	-141.836761475
660.791381836	-141.870986938
661.555725098	-143.94631958
662.320129395	-144.862335205
663.084533691	-142.083877563
663.848937988	-141.820785522
664.61328125	-142.622161865
665.377685547	-144.446853638
666.142089844	-146.346847534
666.906494141	-144.723114014
667.670837402	-144.461929321
668.435241699	-145.600006104
669.199645996	-145.37387085
669.964050293	-145.121505737
670.728393555	-144.893676758
671.492797852	-143.168945313
672.257202148	-142.868255615
673.021606445	-141.443893433
673.785949707	-145.709320068
674.550354004	-143.234741211
675.314758301	-147.064208984
676.079162598	-145.763473511
676.843505859	-144.800003052
677.607910156	-145.486221313
678.372314453	-144.201568604
679.13671875	-142.143569946
679.901062012	-142.368453979
680.665466309	-143.230056763
681.429870605	-143.26473999
682.194274902	-144.47026062
682.958618164	-141.34866333
683.723022461	-143.390960693
684.487426758	-142.290985107
685.25177002	-141.006271362
686.016174316	-138.925186157
686.780578613	-140.387237549
687.54498291	-142.221435547
688.309326172	-142.346282959
689.073730469	-143.487915039
689.838134766	-144.235214233
690.602539063	-143.412841797
691.366882324	-143.229293823
692.131286621	-142.100296021
692.895690918	-142.883865356
693.660095215	-140.985366821
694.424438477	-140.804824829
695.188842773	-141.734222412
695.95324707	-142.491012573
696.717651367	-142.758682251
697.481994629	-143.669845581
698.246398926	-143.344726563
699.010803223	-143.702133179
699.77520752	-143.064178467
700.539550781	-142.268478394
701.303955078	-141.691665649
702.068359375	-140.696258545
702.832763672	-141.751815796
703.597106934	-141.530761719
704.36151123	-141.033996582
705.125915527	-139.723739624
705.890258789	-142.887710571
706.654663086	-141.560287476
707.419067383	-139.90461731
708.18347168	-142.195617676
708.947814941	-143.694839478
709.712219238	-141.365264893
710.476623535	-140.24848938
711.241027832	-142.17678833
712.005371094	-141.930221558
712.769775391	-140.690567017
713.534179688	-142.47543335
714.298583984	-140.976608276
715.062927246	-140.231414795
715.827331543	-140.581466675
716.59173584	-142.341552734
717.356140137	-139.913253784
718.120483398	-141.403015137
718.884887695	-140.280502319
719.649291992	-139.241088867
720.413696289	-141.904602051
721.178039551	-141.824539185
721.942443848	-139.768692017
722.706848145	-138.800003052
723.471252441	-137.255966187
724.235595703	-137.09072876
725	-139.982254028
725.764404297	-139.326583862
726.528747559	-140.265441895
727.293151855	-139.538070679
728.057556152	-138.992340088
728.821960449	-138.805297852
729.586303711	-140.072296143
730.350708008	-138.511703491
731.115112305	-139.291412354
731.879516602	-138.312866211
732.643859863	-138.580841064
733.40826416	-139
734.172668457	-138.79019165
734.937072754	-138.692077637
735.701416016	-137.611206055
736.465820313	-136.06578064
737.230224609	-137.137832642
737.994628906	-138.310455322
738.758972168	-137.343048096
739.523376465	-138.279342651
740.287780762	-139.181030273
741.052185059	-138.054550171
741.81652832	-138
742.580932617	-139.821075439
743.345336914	-139.893463135
744.109741211	-137.26675415
744.874084473	-137.355758667
745.63848877	-138
746.402893066	-138.413543701
747.167236328	-139.346176147
747.931640625	-138.976531982
748.696044922	-138.262359619
749.460449219	-138.376190186
750.22479248	-134.709091187
750.989196777	-137.666290283
751.753601074	-139.131439209
752.518005371	-138.399993896
753.282348633	-138.399993896
754.04675293	-140.207122803
754.811157227	-135.844894409
755.575561523	-137.97114563
756.339904785	-139.81036377
757.104309082	-138.478546143
757.868713379	-137.72052002
758.633117676	-136.499633789
759.397460938	-136.073913574
760.161865234	-137.222122192
760.926269531	-137.509658813
761.690673828	-137.545547485
762.45501709	-139.090820313
763.219421387	-138.936416626
763.983825684	-134.797729492
764.74822998	-138.868515015
765.512573242	-137.016860962
766.276977539	-139.276123047
767.041381836	-137.44229126
767.805725098	-137.365859985
768.570129395	-134.934188843
769.334533691	-136.19430542
770.098937988	-137.523208618
770.86328125	-138.872497559
771.627685547	-138.739578247
772.392089844	-137.232330322
773.156494141	-136.569168091
773.920837402	-136.726699829
774.685241699	-136.352996826
775.449645996	-136.653625488
776.214050293	-138.580810547
776.978393555	-136.462371826
777.742797852	-139.32144165
778.507202148	-138.357620239
779.271606445	-136.472183228
780.035949707	-135.491073608
780.800354004	-138.808151245
781.564758301	-138.922988892
782.329162598	-139.980880737
783.093505859	-137.531997681
783.857910156	-136.325363159
784.622314453	-136.285964966
785.38671875	-135.685195923
786.151062012	-134.648712158
786.915466309	-134.56413269
787.679870605	-135.816925049
788.444274902	-136.600006104
789.208618164	-136.505187988
789.973022461	-136.711776733
790.737426758	-138.669784546
791.50177002	-136.399993896
792.266174316	-136.379272461
793.030578613	-135.243484497
793.79498291	-136.289703369
794.559326172	-137.083587646
795.323730469	-135.601409912
796.088134766	-136.542129517
796.852539063	-136.030487061
797.616882324	-138.151519775
798.381286621	-139.366378784
799.145690918	-137.398406982
799.910095215	-135.895187378
800.674438477	-136.761825562
801.438842773	-137.281158447
802.20324707	-135.44821167
802.967651367	-134.610290527
803.731994629	-138.168548584
804.496398926	-137.976318359
805.260803223	-133.917770386
806.02520752	-136.507125854
806.789550781	-134.800857544
807.553955078	-136.884475708
808.318359375	-133.596679688
809.082763672	-135.731399536
809.847106934	-133.98223877
810.61151123	-135.917297363
811.375915527	-136.662246704
812.140258789	-133.286102295
812.904663086	-135.149688721
813.669067383	-137.586181641
814.43347168	-136.433395386
815.197814941	-134.881469727
815.962219238	-134.199996948
816.726623535	-134.66192627
817.491027832	-135.488388062
818.255371094	-134.652374268
819.019775391	-133.225753784
819.784179688	-134.997314453
820.548583984	-133.554275513
821.312927246	-133.067108154
822.077331543	-135.346069336
822.84173584	-132.989379883
823.606140137	-132.624633789
824.370483398	-134.091567993
825.134887695	-135.49055481
825.899291992	-133.904891968
826.663696289	-135.915664673
827.428039551	-136.064971924
828.192443848	-135.050979614
828.956848145	-134.480819702
829.721252441	-133.716491699
830.485595703	-133.461120605
831.25	-134.959960938
832.014404297	-137.00328064
832.778747559	-136.877700806
833.543151855	-135.114746094
834.307556152	-134.065414429
835.071960449	-135.735717773
835.836303711	-134.258850098
836.600708008	-134.861633301
837.365112305	-135.99848938
838.129516602	-135.426315308
838.893859863	-134.310958862
839.65826416	-134.888839722
840.422668457	-134.185119629
841.187072754	-133.846618652
841.951416016	-135.528701782
842.715820313	-136.739501953
843.480224609	-134.86831665
844.244628906	-134.528442383
845.008972168	-134.451583862
845.773376465	-134.680206299
846.537780762	-134.803665161
847.302185059	-133.404434204
848.06652832	-133.430328369
848.830932617	-134.173126221
849.595336914	-133.303878784
850.359741211	-133.900421143
851.124084473	-135.101715088
851.88848877	-135.450485229
852.652893066	-134.304611206
853.417236328	-133.206481934
854.181640625	-133.397537231
854.946044922	-133.588623047
855.710449219	-130.904388428
856.47479248	-133.333145142
857.239196777	-132.501327515
858.003601074	-133.428527832
858.768005371	-133.800003052
859.532348633	-136.110168457
860.29675293	-134.785354614
861.061157227	-133.754867554
861.825561523	-133.890487671
862.589904785	-133.094787598
863.354309082	-131.477828979
864.118713379	-131.488723755
864.883117676	-132.399703979
865.647460938	-132.129776001
866.411865234	-132.96421814
867.176269531	-132.092803955
867.940673828	-134.199996948
868.70501709	-133.877929688
869.469421387	-132.129058838
870.233825684	-131.692840576
870.99822998	-132.779312134
871.762573242	-132.203582764
872.526977539	-131.248703003
873.291381836	-135.197982788
874.055725098	-130.564682007
874.820129395	-132.44303894
875.584533691	-134.728042603
876.348937988	-134.010192871
877.11328125	-131.209503174
877.877685547	-132.449569702
878.642089844	-131.240005493
879.406494141	-132.009216309
880.170837402	-131.654296875
880.935241699	-131.099639893
881.699645996	-132.016296387
882.464050293	-131.883728027
883.228393555	-131.544769287
883.992797852	-130.257049561
884.757202148	-130.155609131
885.521606445	-132.659637451
886.285949707	-133.002761841
887.050354004	-131.527435303
887.814758301	-131.509399414
888.579162598	-133.257263184
889.343505859	-131.886001587
890.107910156	-130.284286499
890.872314453	-133.553741455
891.63671875	-131.893478394
892.401062012	-133.796524048
893.165466309	-132.261825562
893.929870605	-133.163452148
894.694274902	-132.289779663
895.458618164	-134.114105225
896.223022461	-132.218109131
896.987426758	-131.199996948
897.75177002	-131.328338623
898.516174316	-130.675033569
899.280578613	-130.426635742
900.04498291	-130.917480469
900.809326172	-130.904220581
901.573730469	-131.331085205
902.338134766	-133.039398193
903.102539063	-133.970443726
903.866882324	-132.217819214
904.631286621	-129.538284302
905.395690918	-129.563446045
906.160095215	-130
906.924438477	-130.481704712
907.688842773	-132.301574707
908.45324707	-131.800003052
909.217651367	-131.538223267
909.981994629	-129.102783203
910.746398926	-130.820907593
911.510803223	-131.787033081
912.27520752	-131.800003052
913.039550781	-127.591377258
913.803955078	-129.138473511
914.568359375	-132.782104492
915.332763672	-129.828475952
916.097106934	-129
916.86151123	-130.03968811
917.625915527	-131.815368652
918.390258789	-131.321807861
919.154663086	-129.521438599
919.919067383	-128.678909302
920.68347168	-127.912826538
921.447814941	-129.87739563
922.212219238	-131.29335022
922.976623535	-130.223220825
923.741027832	-129.71257019
924.505371094	-129.761886597
925.269775391	-129.85105896
926.034179688	-129.396453857
926.798583984	-129
927.562927246	-128.61730957
928.327331543	-127.986083984
929.09173584	-129.116439819
929.856140137	-128.72996521
930.620483398	-128.285354614
931.384887695	-127.599998474
932.149291992	-127.600006104
932.913696289	-127.580589294
933.678039551	-127.217033386
934.442443848	-128.185684204
935.206848145	-128.772674561
935.971252441	-129.907913208
936.735595703	-126.609825134
937.5	-129.300003052
938.264404297	-127.807655334
939.028747559	-127.719726563
939.793151855	-127.799995422
940.557556152	-127.947563171
941.321960449	-129.555877686
942.086303711	-126.951904297
942.850708008	-127.984924316
943.615112305	-127.921844482
944.379516602	-128.639724731
945.143859863	-129.24319458
945.90826416	-127.849937439
946.672668457	-125.108375549
947.437072754	-123.854988098
948.201416016	-126.444099426
948.965820313	-127.896537781
949.730224609	-126.447624207
950.494628906	-126.693061829
951.258972168	-127.859428406
952.023376465	-127.810317993
952.787780762	-126.666091919
953.552185059	-126.779579163
954.31652832	-124.548057556
955.080932617	-123.709701538
955.845336914	-124.569961548
956.609741211	-126.447273254
957.374084473	-125.834159851
958.13848877	-129.655715942
958.902893066	-127.608375549
959.667236328	-123.424224854
960.431640625	-124.784255981
961.196044922	-125.377601624
961.960449219	-125.773757935
962.72479248	-124.164962769
963.489196777	-124.882537842
964.253601074	-122.093994141
965.018005371	-122.925971985
965.782348633	-122.075523376
966.54675293	-125.066482544
967.311157227	-125.249465942
968.075561523	-121.376945496
968.839904785	-123.637008667
969.604309082	-124.660568237
970.368713379	-124.919387817
971.133117676	-125.573646545
971.897460938	-123.292892456
972.661865234	-123.201965332
973.426269531	-124.947410583
974.190673828	-123.308799744
974.95501709	-121.00138855
975.719421387	-122.021400452
976.483825684	-123.510108948
977.24822998	-124.505455017
978.012573242	-125.43863678
978.776977539	-123.318717957
979.541381836	-121.552787781
980.305725098	-121.608139038
981.070129395	-120.400001526
981.834533691	-120.681175232
982.598937988	-120.522392273
983.36328125	-118.567138672
984.127685547	-120.485115051
984.892089844	-121.405822754
985.656494141	-123.303016663
986.420837402	-119.857223511
987.185241699	-120.419540405
987.949645996	-121.545448303
988.714050293	-117.810340881
989.478393555	-122.689414978
990.242797852	-120.864860535
991.007202148	-122.784538269
991.771606445	-121.216926575
992.535949707	-120.039848328
993.300354004	-121.888633728
994.064758301	-118.488250732
994.829162598	-118.380409241
995.593505859	-121.574729919
996.357910156	-122
997.122314453	-120.320075989
997.88671875	-119.181671143
998.651062012	-119.638694763
999.415466309	-120.732368469
1000.17987061	-118.123153687
1000.9442749	-118.528106689
1001.70861816	-118.139709473
1002.47302246	-118.497085571
1003.23742676	-115.553329468
1004.00177002	-115.050674438
1004.76617432	-115.599998474
1005.53057861	-115.47618103
1006.29498291	-117.076934814
1007.05932617	-117.041397095
1007.82373047	-114.854042053
1008.58813477	-113.583045959
1009.35253906	-112.247070313
1010.11688232	-112.410957336
1010.88128662	-114.764419556
1011.64569092	-115.252632141
1012.41009521	-114.590507507
1013.17443848	-114.590507507
1013.93884277	-114.590499878
1014.70324707	-114.590499878
1015.46765137	-110.555892944
1016.23199463	-112.088287354
1016.99639893	-112.600006104
1017.76080322	-112.534912109
1018.52520752	-111.660552979
1019.28955078	-110.523551941
1020.05395508	-111.416793823
1020.81835938	-110.451339722
1021.58276367	-110.215545654
1022.34710693	-109.270309448
1023.11151123	-110.325042725
1023.87591553	-110.991706848
1024.64025879	-111.379859924
1025.40466309	-109.400001526
1026.16906738	-109.139923096
1026.93347168	-107.75378418
1027.69787598	-109.04599762
1028.46228027	-110.942550659
1029.2265625	-110.137641907
1029.9909668	-107.30556488
1030.75537109	-108.632598877
1031.51977539	-105.680183411
1032.28417969	-107.77507019
1033.04858398	-106.585250854
1033.81298828	-104.616378784
1034.57739258	-104.79574585
1035.3416748	-105.378013611
1036.1060791	-103.879463196
1036.8704834	-103.051956177
1037.6348877	-104.659812927
1038.39929199	-101.171195984
1039.16369629	-102.05229187
1039.92810059	-102.023620605
1040.69250488	-103.387802124
1041.45678711	-100.693878174
1042.22119141	-102.216766357
1042.9855957	-102.26890564
1043.75	-100.079093933
1044.5144043	-97.8317642212
1045.27880859	-99.6116790771
1046.04321289	-100.044494629
1046.80749512	-99.2341842651
1047.57189941	-98.2458724976
1048.33630371	-96.6633605957
1049.10070801	-96.7833709717
1049.8651123	-94.9920501709
1050.6295166	-94.9058685303
1051.3939209	-95.3389358521
1052.1583252	-96.356842041
1052.92260742	-94.1101531982
1053.68701172	-93.077583313
1054.45141602	-91.4105529785
1055.21582031	-91.236946106
1055.98022461	-89.2062683105
1056.74462891	-89.8577194214
1057.5090332	-88.5973358154
1058.2734375	-86.3743667603
1059.03771973	-85.621307373
1059.80212402	-86.4471740723
1060.56652832	-86.1846389771
1061.33093262	-84.5444030762
1062.09533691	-82.2441177368
1062.85974121	-80.8781280518
1063.62414551	-80.7751998901
1064.3885498	-81.2326583862
1065.15283203	-80.4209594727
1065.91723633	-77.8075790405
1066.68164063	-75.992767334
1067.44604492	-76.6521453857
1068.21044922	-76.9625396729
1068.97485352	-75.1699066162
1069.73925781	-72.9557571411
1070.50354004	-72.7557525635
1071.26794434	-72.6862182617
1072.03234863	-70.610168457
1072.79675293	-71.3271713257
1073.56115723	-71.6549911499
1074.32556152	-70.8475799561
1075.08996582	-69.3135528564
1075.85437012	-67.893913269
1076.61865234	-66.5940933228
1077.38305664	-65.637588501
1078.14746094	-66.0537796021
1078.91186523	-66.6104812622
1079.67626953	-64.7229537964
1080.44067383	-62.8985099792
1081.20507813	-62.510684967
1081.96948242	-60.2984428406
1082.73376465	-60.3786087036
1083.49816895	-59.9137763977
1084.26257324	-59.6282463074
1085.02697754	-59.7339515686
1085.79138184	-59.3903160095
1086.55578613	-58.9731674194
1087.32019043	-56.6817016602
1088.08447266	-55.662311554
1088.84887695	-54.7458610535
1089.61328125	-54.725025177
1090.37768555	-54.0242919922
1091.14208984	-54.1195411682
1091.90649414	-54.5210380554
1092.67089844	-53.3836326599
1093.43530273	-51.1478118896
1094.19958496	-51.3632583618
1094.96398926	-52.8373184204
1095.72839355	-51.600566864
1096.49279785	-49.8139686584
1097.25720215	-49.3466682434
1098.02160645	-49.5233802795
1098.78601074	-49.1973304749
1099.55041504	-48.8831558228
1100.31469727	-48.5030899048
1101.07910156	-48.4157295227
1101.84350586	-47.3580551147
1102.60791016	-47.0349082947
1103.37231445	-45.5039024353
1104.13671875	-44.733001709
1104.90112305	-44.9261398315
1105.66552734	-43.4472351074
1106.42980957	-42.9307136536
1107.19421387	-43.7205314636
1107.95861816	-45.8403358459
1108.72302246	-44.5681381226
1109.48742676	-43.557762146
1110.25183105	-42.9977111816
1111.01623535	-43.3349380493
1111.78051758	-43.0165710449
1112.54492188	-42.5735397339
1113.30932617	-42.0162086487
1114.07373047	-42.2904434204
1114.83813477	-42.4786300659
1115.60253906	-43.5252304077
1116.36694336	-42.5199241638
1117.13134766	-42.7666702271
1117.89562988	-42.4673805237
1118.66003418	-41.778678894
1119.42443848	-42.1881446838
1120.18884277	-43.1627426147
1120.95324707	-43.4240570068
1121.71765137	-42.4255371094
1122.48205566	-43.9120407104
1123.24645996	-43.288066864
1124.01074219	-43.6555175781
1124.77514648	-43.8781166077
1125.53955078	-43.6267166138
1126.30395508	-45.0240364075
1127.06835938	-46.3549461365
1127.83276367	-46.2167892456
1128.59716797	-43.5522766113
1129.3614502	-46.5153083801
1130.12585449	-48.9349021912
1130.89025879	-49.0351104736
1131.65466309	-49.8622283936
1132.41906738	-48.0596008301
1133.18347168	-49.1984558105
1133.94787598	-47.8139190674
1134.71228027	-49.285736084
1135.4765625	-48.2644042969
1136.2409668	-44.7319488525
1137.00537109	-49.0305328369
1137.76977539	-46.2497253418
1138.53417969	-49.5046234131
1139.29858398	-48.0698242188
1140.06298828	-48.2833404541
1140.82739258	-49.5577087402
1141.5916748	-46.622467041
1142.3560791	-46.6290740967
1143.1204834	-48.0431671143
1143.8848877	-47.1935119629
1144.64929199	-48.1827545166
1145.41369629	-46.6780548096
1146.17810059	-45.3720550537
1146.94250488	-47.6178131104
1147.70678711	-49.8123016357
1148.47119141	-48.6507720947
1149.2355957	-48.7378997803
1150	-48.4617462158
1150.7644043	-46.8345031738
1151.52880859	-47.0015258789
1152.29321289	-46.4248199463
1153.05749512	-47.5035705566
1153.82189941	-48.7233123779
1154.58630371	-48.3874206543
1155.35070801	-47.1457214355
1156.1151123	-47.7976379395
1156.8795166	-48.6132507324
1157.6439209	-48.1233062744
1158.4083252	-47.5505371094
1159.17260742	-47.9376068115
1159.93701172	-50.013168335
1160.70141602	-49.0645751953
1161.46582031	-46.8187713623
1162.23022461	-48.3191375732
1162.99462891	-49.293182373
1163.7590332	-48.7026367188
1164.5234375	-48.1119689941
1165.28771973	-46.9152832031
1166.05212402	-44.679473877
1166.81652832	-44.3710784912
1167.58093262	-47.9535522461
1168.34533691	-50.477935791
1169.10974121	-49.0583496094
1169.87414551	-48.5232391357
1170.6385498	-48.7464141846
1171.40283203	-47.3897705078
1172.16723633	-46.6324005127
1172.93164063	-45.9877624512
1173.69604492	-48.3937072754
1174.46044922	-49.8897247314
1175.22485352	-46.6306915283
1175.98925781	-46.3477172852
1176.75354004	-48.1333007813
1177.51794434	-50.6262817383
1178.28234863	-48.3642425537
1179.04675293	-48.5108642578
1179.81115723	-46.4153289795
1180.57556152	-47.6492919922
1181.33996582	-49.4096794128
1182.10437012	-47.5211639404
1182.86865234	-52.313949585
1183.63305664	-44.7422180176
1184.39746094	-45.9308319092
1185.16186523	-49.2937698364
1185.92626953	-47.1660308838
1186.69067383	-48.0906982422
1187.45507813	-47.5493774414
1188.21948242	-49.226348877
1188.98376465	-46.703754425
1189.74816895	-48.3691864014
1190.51257324	-48.5233154297
1191.27697754	-47.8015594482
1192.04138184	-47.7233123779
1192.80578613	-46.3121795654
1193.57019043	-46.6464996338
1194.33447266	-46.7233123779
1195.09887695	-50.1241645813
1195.86328125	-46.5224952698
1196.62768555	-46.8860321045
1197.39208984	-48.6011199951
1198.15649414	-47.3002624512
1198.92089844	-49.3298034668
1199.68530273	-46.4348487854
1200.44958496	-44.8964080811
1201.21398926	-47.9760284424
1201.97839355	-47.2394256592
1202.74279785	-47.7851104736
1203.50720215	-46.9230155945
1204.27160645	-46.9681091309
1205.03601074	-45.657913208
1205.80041504	-46.5713806152
1206.56469727	-45.6921844482
1207.32910156	-45.5476226807
1208.09350586	-45.4430847168
1208.85791016	-47.4024467468
1209.62231445	-47.7754669189
1210.38671875	-47.3879852295
1211.15112305	-47.993637085
1211.91552734	-47.792678833
1212.67980957	-46.6057128906
1213.44421387	-46.2531585693
1214.20861816	-46.066318512
1214.97302246	-45.6693115234
1215.73742676	-46.4039764404
1216.50183105	-47.1723480225
1217.26623535	-48.5568389893
1218.03051758	-46.3930053711
1218.79492188	-44.4026489258
1219.55932617	-44.8014984131
1220.32373047	-47.2535247803
1221.08813477	-47.9024467468
1221.85253906	-45.9263916016
1222.61694336	-44.6927947998
1223.38134766	-47.0357971191
1224.14562988	-48.2446594238
1224.91003418	-48.1716918945
1225.67443848	-46.4133148193
1226.43884277	-45.493850708
1227.20324707	-46.8885192871
1227.96765137	-48.3898048401
1228.73205566	-48.1568908691
1229.49645996	-47.8567199707
1230.26074219	-47.8993263245
1231.02514648	-45.8420257568
1231.78955078	-45.2611541748
1232.55395508	-47.0555725098
1233.31835938	-47.4084014893
1234.08276367	-46.0019073486
1234.84716797	-44.2093811035
1235.6114502	-44.0286140442
1236.37585449	-44.923740387
1237.14025879	-45.5220794678
1237.90466309	-45.229019165
1238.66906738	-45.9050140381
1239.43347168	-46.8321533203
1240.19787598	-46.2255210876
1240.96228027	-45.6365966797
1241.7265625	-44.8325653076
1242.4909668	-45.6815032959
1243.25537109	-46.538772583
1244.01977539	-46.3148498535
1244.78417969	-46.5233154297
1245.54858398	-45.1920928955
1246.31298828	-44.1971588135
1247.07739258	-45.1956481934
1247.8416748	-45.4407196045
1248.6060791	-45.4999847412
1249.3704834	-45.8291320801
1250.1348877	-44.9716186523
1250.89929199	-44.1233062744
1251.66369629	-44.5910491943
1252.42810059	-44.1871490479
1253.19250488	-43.4044494629
1253.95678711	-44.8461303711
1254.72119141	-46.3106689453
1255.4855957	-45.9602661133
1256.25	-43.4483337402
1257.0144043	-42.9195251465
1257.77880859	-45.0997161865
1258.54321289	-45.8055267334
1259.30749512	-45.5576171875
1260.07189941	-44.3560791016
1260.83630371	-43.9128723145
1261.60070801	-45.3593902588
1262.3651123	-46.8186950684
1263.1295166	-46.1577606201
1263.8939209	-45.9954528809
1264.6583252	-46.0486297607
1265.42260742	-46.0004272461
1266.18701172	-47.3060455322
1266.95141602	-47.3382110596
1267.71582031	-45.7415466309
1268.48022461	-43.9342651367
1269.24462891	-44.5106201172
1270.0090332	-46.3225097656
1270.7734375	-44.8179321289
1271.53771973	-43.62890625
1272.30212402	-45.0343017578
1273.06652832	-45.825668335
1273.83093262	-45.8203887939
1274.59533691	-46.5513305664
1275.35974121	-46.2799377441
1276.12414551	-43.2194976807
1276.8885498	-44.5055999756
1277.65283203	-46.68309021
1278.41723633	-46.3380737305
1279.18164063	-44.8986053467
1279.94604492	-43.9603729248
1280.71044922	-42.890335083
1281.47485352	-43.6139068604
1282.23925781	-44.5622558594
1283.00354004	-43.8968658447
1283.76794434	-44.4088287354
1284.53234863	-44.5774078369
1285.29675293	-45.0216064453
1286.06115723	-45.7582702637
1286.82556152	-46.1604614258
1287.58996582	-45.4855194092
1288.35437012	-43.9566650391
1289.11865234	-43.8112640381
1289.88305664	-43.382522583
1290.64746094	-42.9233093262
1291.41186523	-42.1669921875
1292.17626953	-43.2506256104
1292.94067383	-45.0229492188
1293.70507813	-46.4340820313
1294.46948242	-43.8972625732
1295.23376465	-44.1832885742
1295.99816895	-44.3183135986
1296.76257324	-43.7874755859
1297.52697754	-43.9980010986
1298.29138184	-44.5394592285
1299.05578613	-44.0211029053
1299.82019043	-41.0254058838
1300.58447266	-42.5113983154
1301.34887695	-45.1221008301
1302.11328125	-42.7800140381
1302.87768555	-43.3598327637
1303.64208984	-44.5243377686
1304.40649414	-39.8550872803
1305.17089844	-41.8689880371
1305.93530273	-42.1442260742
1306.69958496	-43.9743499756
1307.46398926	-40.6964111328
1308.22839355	-42.3065032959
1308.99279785	-40.1496734619
1309.75720215	-45.3050842285
1310.52160645	-40.6659393311
1311.28601074	-43.0740509033
1312.05041504	-42.6961364746
1312.81469727	-42.8701019287
1313.57910156	-41.8721313477
1314.34350586	-40.6591033936
1315.10791016	-41.2417144775
1315.87231445	-41.3233184814
1316.63671875	-39.849822998
1317.40112305	-40.4674377441
1318.16552734	-44.8547821045
1318.92980957	-39.9756469727
1319.69421387	-39.5303039551
1320.45861816	-40.5001983643
1321.22302246	-41.7099304199
1321.98742676	-41.9221191406
1322.75183105	-40.7495727539
1323.51623535	-42.7385253906
1324.28051758	-43.3092651367
1325.04492188	-42.7801055908
1325.80932617	-40.0987701416
1326.57373047	-42.4828186035
1327.33813477	-39.7695617676
1328.10253906	-41.9808044434
1328.86694336	-39.0822753906
1329.63134766	-40.1209106445
1330.39562988	-39.113861084
1331.16003418	-41.3401641846
1331.92443848	-40.0572052002
1332.68884277	-39.1955413818
1333.45324707	-40.972366333
1334.21765137	-39.5650177002
1334.98205566	-39.9009399414
1335.74645996	-39.6255340576
1336.51074219	-37.5293579102
1337.27514648	-39.0198974609
1338.03955078	-36.6354675293
1338.80395508	-37.278793335
1339.56835938	-37.8129730225
1340.33276367	-38.294342041
1341.09716797	-40.3821105957
1341.8614502	-38.7252655029
1342.62585449	-35.5821380615
1343.39025879	-34.1768951416
1344.15466309	-36.1699371338
1344.91906738	-37.4592437744
1345.68347168	-37.3999023438
1346.44787598	-36.3615570068
1347.21228027	-36.672958374
1347.9765625	-37.0385131836
1348.7409668	-35.9218444824
1349.50537109	-36.56590271
1350.26977539	-36.4379577637
1351.03417969	-37.0903778076
1351.79858398	-37.9541320801
1352.56298828	-37.5233154297
1353.32739258	-37.160949707
1354.0916748	-35.804977417
1354.8560791	-38.8335113525
1355.6204834	-40.1354064941
1356.3848877	-39.0489959717
1357.14929199	-39.8320922852
1357.91369629	-40.608001709
1358.67810059	-39.5544128418
1359.44250488	-39.872756958
1360.20678711	-40.4299468994
1360.97119141	-38.6391143799
1361.7355957	-38.6058807373
1362.5	-37.734954834
1363.2644043	-40.0523834229
1364.02880859	-41.9031677246
1364.79321289	-40.0066375732
1365.55749512	-40.9856109619
1366.32189941	-41.1233100891
1367.08630371	-38.4878234863
1367.85070801	-39.8611297607
1368.6151123	-40.1195068359
1369.3795166	-37.9233093262
1370.1439209	-37.9328765869
1370.9083252	-38.3674468994
1371.67260742	-39.4136543274
1372.43701172	-40.604434967
1373.20141602	-39.3022155762
1373.96582031	-39.1738433838
1374.73022461	-39.4337768555
1375.49462891	-38.9573364258
1376.2590332	-39.5435333252
1377.0234375	-40.7284393311
1377.78771973	-38.9942588806
1378.55212402	-40.0099334717
1379.31652832	-38.969127655
1380.08093262	-39.2782936096
1380.84533691	-38.4250030518
1381.60974121	-39.9593963623
1382.37414551	-38.597076416
1383.1385498	-38.8798828125
1383.90283203	-39.7040405273
1384.66723633	-39.4726867676
1385.43164063	-38.2155303955
1386.19604492	-39.0013885498
1386.96044922	-42.1604614258
1387.72485352	-42.2916564941
1388.48925781	-40.3233184814
1389.25354004	-40.0914306641
1390.01794434	-38.595199585
1390.78234863	-38.6037139893
1391.54675293	-39.2538146973
1392.31115723	-39.4587097168
1393.07556152	-40.3661651611
1393.83996582	-39.2713165283
1394.60437012	-39.7746734619
1395.36865234	-38.7254638672
1396.13305664	-38.3233184814
1396.89746094	-38.1580810547
1397.66186523	-37.1012115479
1398.42626953	-40.6095733643
1399.19067383	-39.4963226318
1399.95507813	-41.9276580811
1400.71948242	-41.9320373535
1401.48376465	-41.9233093262
1402.24816895	-38.5251464844
1403.01257324	-38.6766815186
1403.77697754	-37.5034942627
1404.54138184	-40.3406829834
1405.30578613	-40.2734527588
1406.07019043	-38.407623291
1406.83447266	-39.0913238525
1407.59887695	-40.2782287598
1408.36328125	-41.0500144958
1409.12768555	-38.5722808838
1409.89208984	-37.7324981689
1410.65649414	-37.0299377441
1411.42089844	-38.3917388916
1412.18530273	-40.2311706543
1412.94958496	-39.868637085
1413.71398926	-39.0150909424
1414.47839355	-41.8668365479
1415.24279785	-40.4703521729
1416.00720215	-38.5412597656
1416.77160645	-38.212600708
1417.53601074	-36.1603546143
1418.30041504	-37.9761505127
1419.06469727	-39.7722320557
1419.82910156	-37.9659881592
1420.59350586	-38.2873382568
1421.35791016	-37.0752677917
1422.12231445	-37.5095367432
1422.88671875	-38.8484191895
1423.65112305	-38.3213348389
1424.41552734	-35.7949066162
1425.17980957	-38.9477386475
1425.94421387	-38.6307373047
1426.70861816	-37.7838745117
1427.47302246	-37.7233123779
1428.23742676	-37.5261535645
1429.00183105	-38.4979858398
1429.76623535	-37.1520080566
1430.53051758	-37.7715301514
1431.29492188	-38.09815979
1432.05932617	-36.409072876
1432.82373047	-36.9584197998
1433.58813477	-37.7065582275
1434.35253906	-39.442199707
1435.11694336	-37.4344940186
1435.88134766	-36.1842346191
1436.64562988	-36.3908843994
1437.41003418	-37.4879455566
1438.17443848	-38.8006896973
1438.93884277	-37.3658294678
1439.70324707	-36.4983062744
1440.46765137	-37.0237579346
1441.23205566	-37.4448547363
1441.99645996	-37.3814849854
1442.76074219	-36.036895752
1443.52514648	-35.4508056641
1444.28955078	-36.3291473389
1445.05395508	-36.5821838379
1445.81835938	-37.4110565186
1446.58276367	-36.6395263672
1447.34716797	-37.9403533936
1448.1114502	-35.7942047119
1448.87585449	-34.9714050293
1449.64025879	-39.3142547607
1450.40466309	-37.4445037842
1451.16906738	-36.7326812744
1451.93347168	-38.5464630127
1452.69787598	-39.625213623
1453.46228027	-37.6843109131
1454.2265625	-35.6285095215
1454.9909668	-37.6581726074
1455.75537109	-37.1229705811
1456.51977539	-36.417678833
1457.28417969	-36.3968200684
1458.04858398	-35.6471710205
1458.81298828	-36.8903923035
1459.57739258	-38.1883087158
1460.3416748	-38.0786132813
1461.1060791	-39.397354126
1461.8704834	-37.5485229492
1462.6348877	-36.1742858887
1463.39929199	-37.3787384033
1464.16369629	-36.8732910156
1464.92810059	-36.9680023193
1465.69250488	-34.8645324707
1466.45678711	-34.1555480957
1467.22119141	-36.1452484131
1467.9855957	-36.7233123779
1468.75	-35.7201538086
1469.5144043	-36.0484466553
1470.27880859	-34.6593933105
1471.04321289	-33.9518432617
1471.80749512	-36.1061706543
1472.57189941	-36.8976287842
1473.33630371	-36.1952972412
1474.10070801	-37.1013183594
1474.8651123	-37.0734710693
1475.6295166	-37.3516426086
1476.3939209	-35.8473052979
1477.1583252	-37.7283973694
1477.92260742	-34.8355102539
1478.68701172	-36.2998046875
1479.45141602	-37.0163116455
1480.21582031	-35.5775604248
1480.98022461	-36.921421051
1481.74462891	-37.9976043701
1482.5090332	-36.5678405762
1483.2734375	-37.3167724609
1484.03771973	-38.7630157471
1484.80212402	-36.5315551758
1485.56652832	-35.3233184814
1486.33093262	-37.0067901611
1487.09533691	-35.7480010986
1487.85974121	-34.3046417236
1488.62414551	-36.7958679199
1489.3885498	-38.8023681641
1490.15283203	-35.0137939453
1490.91723633	-36.1585388184
1491.68164063	-37.6881752014
1492.44604492	-34.5620574951
1493.21044922	-38.3233184814
1493.97485352	-38.1314544678
1494.73925781	-36.7590637207
1495.50354004	-35.3149108887
1496.26794434	-35.8059539795
1497.03234863	-35.3120117188
1497.79675293	-35.9945068359
1498.56115723	-35.4322509766
1499.32556152	-35.0234069824
1500.08996582	-34.2877197266
1500.85437012	-35.6905212402
1501.61865234	-35.6549377441
1502.38305664	-35.8733825684
1503.14746094	-36.1784973145
1503.91186523	-33.9447174072
1504.67626953	-33.9482460022
1505.44067383	-35.4315681458
1506.20507813	-33.9096450806
1506.96948242	-33.6765823364
1507.73376465	-36.96641922
1508.49816895	-35.3836174011
1509.26257324	-35.274230957
1510.02697754	-35.1915855408
1510.79138184	-35.4937973022
1511.55578613	-32.7203865051
1512.32019043	-32.5168838501
1513.08447266	-31.4242420197
1513.84887695	-33.0255699158
1514.61328125	-32.8892555237
1515.37768555	-32.1936569214
1516.14208984	-33.2602348328
1516.90649414	-32.5095481873
1517.67089844	-32.495475769
1518.43530273	-32.7260971069
1519.19958496	-31.8277721405
1519.96398926	-29.8338031769
1520.72839355	-32.332408905
1521.49279785	-31.2436084747
1522.25720215	-33.4367218018
1523.02160645	-33.3558502197
1523.78601074	-30.6764564514
1524.55041504	-32.0874252319
1525.31469727	-31.971868515
1526.07910156	-31.2889919281
1526.84350586	-31.2079544067
1527.60791016	-31.0741233826
1528.37231445	-31.815372467
1529.13671875	-30.6778125763
1529.90112305	-29.0952281952
1530.66552734	-29.831199646
1531.42980957	-32.0474510193
1532.19421387	-31.0426845551
1532.95861816	-30.2938804626
1533.72302246	-30.0863571167
1534.48742676	-32.8826560974
1535.25183105	-32.6936187744
1536.01623535	-31.3227062225
1536.78051758	-29.7777462006
1537.54492188	-27.899805069
1538.30932617	-30.3544101715
1539.07373047	-29.0401802063
1539.83813477	-29.5334911346
1540.60253906	-31.286989212
1541.36694336	-32.6043167114
1542.13134766	-29.9652023315
1542.89562988	-29.7004470825
1543.66003418	-28.1458625793
1544.42443848	-30.845123291
1545.18884277	-29.3844623566
1545.95324707	-28.6414642334
1546.71765137	-29.4717102051
1547.48205566	-28.9204216003
1548.24645996	-29.4701480865
1549.01074219	-30.7892971039
1549.77514648	-29.3320732117
1550.53955078	-27.3507785797
1551.30395508	-29.9499759674
1552.06835938	-27.6958770752
1552.83276367	-24.9489955902
1553.59716797	-29.5032291412
1554.3614502	-27.528503418
1555.12585449	-26.5515384674
1555.89025879	-27.7364692688
1556.65466309	-26.5491676331
1557.41906738	-26.1809158325
1558.18347168	-27.7070655823
1558.94787598	-28.2794361115
1559.71228027	-28.1431522369
1560.4765625	-25.5274467468
1561.2409668	-24.79347229
1562.00537109	-26.7780208588
1562.76977539	-26.9519958496
1563.53417969	-28.6787433624
1564.29858398	-27.1845340729
1565.06298828	-25.770154953
1565.82739258	-25.862203598
1566.5916748	-27.1245708466
1567.3560791	-26.3506031036
1568.1204834	-25.0659217834
1568.8848877	-23.7834587097
1569.64929199	-24.5144577026
1570.41369629	-25.0635738373
1571.17810059	-25.307592392
1571.94250488	-23.4643344879
1572.70678711	-23.2206668854
1573.47119141	-23.6566123962
1574.2355957	-22.6386966705
1575	-23.9492969513
1575.7644043	-24.4520740509
1576.52880859	-22.7162876129
1577.29321289	-21.4700603485
1578.05749512	-21.5433254242
1578.82189941	-21.647518158
1579.58630371	-22.6263561249
1580.35070801	-23.1023788452
1581.1151123	-21.8398361206
1581.8795166	-23.1729450226
1582.6439209	-20.7190723419
1583.4083252	-23.0455207825
1584.17260742	-23.0634059906
1584.93701172	-23.19672966
1585.70141602	-21.1229667664
1586.46582031	-19.0723667145
1587.23022461	-21.974527359
1587.99462891	-21.0574035645
1588.7590332	-18.4380702972
1589.5234375	-21.0973625183
1590.28771973	-20.4005527496
1591.05212402	-20.8733043671
1591.81652832	-19.7629261017
1592.58093262	-18.7669067383
1593.34533691	-20.8650779724
1594.10974121	-19.4833126068
1594.87414551	-19.8564338684
1595.6385498	-20.8253288269
1596.40283203	-19.1297645569
1597.16723633	-17.5044345856
1597.93164063	-19.4621162415
1598.69604492	-19.8295497894
1599.46044922	-19.094833374
1600.22485352	-19.2245311737
1600.98925781	-21.4463062286
1601.75354004	-20.8366317749
1602.51794434	-20.2633705139
1603.28234863	-19.1161518097
1604.04675293	-21.2018413544
1604.81115723	-16.448841095
1605.57556152	-18.7488079071
1606.33996582	-19.0617675781
1607.10437012	-18.4668674469
1607.86865234	-17.9401168823
1608.63305664	-20.3920993805
1609.39746094	-19.121099472
1610.16186523	-18.2626781464
1610.92626953	-17.7776412964
1611.69067383	-16.6956939697
1612.45507813	-18.0892009735
1613.21948242	-18.4701385498
1613.98376465	-18.3059444427
1614.74816895	-16.1641044617
1615.51257324	-17.031671524
1616.27697754	-14.9096107483
1617.04138184	-17.9826393127
1617.80578613	-17.4016265869
1618.57019043	-17.7162837982
1619.33447266	-18.6834125519
1620.09887695	-18.5547370911
1620.86328125	-17.2904205322
1621.62768555	-17.0965003967
1622.39208984	-17.2901039124
1623.15649414	-17.5383377075
1623.92089844	-18.0584659576
1624.68530273	-16.6852817535
1625.44958496	-15.7440681458
1626.21398926	-16.611032486
1626.97839355	-17.1643657684
1627.74279785	-17.3332710266
1628.50720215	-15.534535408
1629.27160645	-17.7175178528
1630.03601074	-18.0269393921
1630.80041504	-16.7955303192
1631.56469727	-17.2808113098
1632.32910156	-16.9140224457
1633.09350586	-16.8063735962
1633.85791016	-17.1409015656
1634.62231445	-17.8054885864
1635.38671875	-18.4457492828
1636.15112305	-17.8301486969
1636.91552734	-17.9957485199
1637.67980957	-17.4656562805
1638.44421387	-17.5692329407
1639.20861816	-17.147102356
1639.97302246	-15.9549789429
1640.73742676	-16.8310203552
1641.50183105	-16.5516986847
1642.26623535	-15.8333892822
1643.03051758	-16.1868724823
1643.79492188	-16.1614570618
1644.55932617	-16.5632591248
1645.32373047	-15.7434282303
1646.08813477	-15.3746595383
1646.85253906	-14.902097702
1647.61694336	-14.3831939697
1648.38134766	-12.4765968323
1649.14562988	-14.6643600464
1649.91003418	-14.4663858414
1650.67443848	-13.2665624619
1651.43884277	-15.9684400558
1652.20324707	-14.408536911
1652.96765137	-13.3314561844
1653.73205566	-12.7252321243
1654.49645996	-12.9800701141
1655.26074219	-13.2467155457
1656.02514648	-13.9228944778
1656.78955078	-15.0487184525
1657.55395508	-14.6422920227
1658.31835938	-14.2082281113
1659.08276367	-12.3737335205
1659.84716797	-11.2333297729
1660.6114502	-11.2150239944
1661.37585449	-11.4072237015
1662.14025879	-12.2483787537
1662.90466309	-12.7208185196
1663.66906738	-12.8038320541
1664.43347168	-14.9416408539
1665.19787598	-13.2398815155
1665.96228027	-11.4011592865
1666.7265625	-11.5976819992
1667.4909668	-11.4046726227
1668.25537109	-11.2404785156
1669.01977539	-11.4877767563
1669.78417969	-9.94854354858
1670.54858398	-11.0740308762
1671.31298828	-13.0204563141
1672.07739258	-9.97466945648
1672.8416748	-11.1041488647
1673.6060791	-11.1976852417
1674.3704834	-11.667339325
1675.1348877	-11.365275383
1675.89929199	-11.1645975113
1676.66369629	-11.2461185455
1677.42810059	-11.1489639282
1678.19250488	-9.90289878845
1678.95678711	-9.17408752441
1679.72119141	-9.95434474945
1680.4855957	-11.0584173203
1681.25	-10.7723178864
1682.0144043	-11.8276338577
1682.77880859	-9.5415019989
1683.54321289	-9.06978797913
1684.30749512	-8.81219959259
1685.07189941	-8.73478507996
1685.83630371	-8.22332954407
1686.60070801	-7.93417930603
1687.3651123	-8.51053237915
1688.1295166	-10.4512357712
1688.8939209	-9.53665542603
1689.6583252	-7.5999789238
1690.42260742	-8.10626125336
1691.18701172	-8.0857334137
1691.95141602	-7.47187900543
1692.71582031	-6.30816221237
1693.48022461	-6.59923839569
1694.24462891	-6.59923839569
1695.0090332	-6.59923839569
1695.7734375	-6.59923839569
1696.53771973	-4.78905582428
1697.30212402	-6.19659328461
1698.06652832	-6.69631958008
1698.83093262	-6.33423089981
1699.59533691	-5.30857419968
1700.35974121	-5.52615261078
1701.12414551	-6.00489044189
1701.8885498	-6.39702987671
1702.65283203	-4.1515083313
1703.41723633	-5.26368570328
1704.18164063	-5.81442975998
1704.94604492	-4.20111751556
1705.71044922	-7.91780185699
1706.47485352	-4.2203745842
1707.23925781	-5.85246086121
1708.00354004	-6.30211400986
1708.76794434	-5.30701303482
1709.53234863	-5.35362529755
1710.29675293	-5.1277961731
1711.06115723	-4.57755088806
1711.82556152	-4.00428438187
1712.58996582	-3.49809932709
1713.35437012	-2.67666506767
1714.11865234	-5.73182535172
1714.88305664	-3.3239235878
1715.64746094	-3.61698555946
1716.41186523	-3.42242574692
1717.17626953	-3.97624611855
1717.94067383	-2.12009525299
1718.70507813	-2.05884671211
1719.46948242	-1.44681882858
1720.23376465	-1.19335758686
1720.99816895	-2.5522043705
1721.76257324	-3.24817895889
1722.52697754	-1.94650959969
1723.29138184	-0.953865945339
1724.05578613	-2.03187012672
1724.82019043	-0.297953546047
1725.58447266	-1.56623351574
1726.34887695	-2.02761387825
1727.11328125	0.962873876095
1727.87768555	-2.458101511
1728.64208984	-0.0965147987008
1729.40649414	0.0972766056657
1730.17089844	0.8019541502
1730.93530273	1.99364423752
1731.69958496	1.20929932594
1732.46398926	0.716571331024
1733.22839355	0.884866774082
1733.99279785	1.42721915245
1734.75720215	2.13601446152
1735.52160645	-8.50524520501e-005
1736.28601074	3.11154007912
1737.05041504	3.03088951111
1737.81469727	2.69174790382
1738.57910156	1.30362415314
1739.34350586	1.3435781002
1740.10791016	1.55949544907
1740.87231445	1.49157500267
1741.63671875	2.85694932938
1742.40112305	2.73993349075
1743.16552734	1.49070942402
1743.92980957	2.19314861298
1744.69421387	1.1837117672
1745.45861816	0.731732964516
1746.22302246	0.952158808708
1746.98742676	1.6459851265
1747.75183105	2.45284032822
1748.51623535	5.51404714584
1749.28051758	4.20387077332
1750.04492188	4.44858884811
1750.80932617	4.62718105316
1751.57373047	5.40662288666
1752.33813477	5.17970609665
1753.10253906	4.07072210312
1753.86694336	5.54941082001
1754.63134766	7.0347905159
1755.39562988	4.89282083511
1756.16003418	5.14363479614
1756.92443848	7.28586196899
1757.68884277	5.28888273239
1758.45324707	4.15102005005
1759.21765137	4.79874992371
1759.98205566	4.83504199982
1760.74645996	5.06041908264
1761.51074219	4.45020341873
1762.27514648	4.6674041748
1763.03955078	3.68683433533
1763.80395508	3.42567157745
1764.56835938	2.79904675484
1765.33276367	4.02076387405
1766.09716797	3.76524066925
1766.8614502	5.12833976746
1767.62585449	4.91533184052
1768.39025879	6.49601411819
1769.15466309	6.41833877563
1769.91906738	6.83441638947
1770.68347168	5.28408432007
1771.44787598	4.36903619766
1772.21228027	5.2478761673
1772.9765625	4.89614486694
1773.7409668	6.06622266769
1774.50537109	6.20244979858
1775.26977539	5.73759794235
1776.03417969	4.85512590408
1776.79858398	7.77702522278
1777.56298828	3.77874493599
1778.32739258	4.08788776398
1779.0916748	4.51646900177
1779.8560791	4.93465185165
1780.6204834	4.29357147217
1781.3848877	4.63012742996
1782.14929199	4.74371242523
1782.91369629	5.2955698967
1783.67810059	3.99645757675
1784.44250488	2.12610054016
1785.20678711	6.03701686859
1785.97119141	5.05199813843
1786.7355957	4.0596113205
1787.5	3.5532078743
1788.2644043	2.60413455963
1789.02880859	4.43636608124
1789.79321289	3.54436445236
1790.55749512	3.93746042252
1791.32189941	4.81970643997
1792.08630371	2.55191731453
1792.85070801	1.91696894169
1793.6151123	4.52564382553
1794.3795166	2.04248785973
1795.1439209	0.663692831993
1795.9083252	1.36424183846
1796.67260742	1.72391808033
1797.43701172	4.11485338211
1798.20141602	3.81390500069
1798.96582031	4.22392654419
1799.73022461	3.04414057732
1800.49462891	2.14420437813
1801.2590332	0.954406738281
1802.0234375	0.230693459511
1802.78771973	-0.70730471611
1803.55212402	1.35195851326
1804.31652832	0.385066002607
1805.08093262	0.148256748915
1805.84533691	0.130561485887
1806.60974121	-2.1752038002
1807.37414551	-3.26446533203
1808.1385498	-0.601791381836
1808.90283203	-0.0686340332031
1809.66723633	-2.11654663086
1810.43164063	-0.532562255859
1811.19604492	-0.633071899414
1811.96044922	-0.988586425781
1812.72485352	-2.57934570313
1813.48925781	0.537567138672
1814.25354004	-0.377243041992
1815.01794434	-2.33612060547
1815.78234863	-3.35092163086
1816.54675293	-2.05644226074
1817.31115723	0.669021546841
1818.07556152	-0.130294799805
1818.83996582	-0.569671630859
1819.60437012	-3.34519958496
1820.36865234	-2.00762939453
1821.13305664	0.792617797852
1821.89746094	-0.659317016602
1822.66186523	-0.913726806641
1823.42626953	0.668594360352
1824.19067383	1.39497387409
1824.95507813	1.75863647461
1825.71948242	0.227828979492
1826.48376465	-1.53269958496
1827.24816895	-1.60502624512
1828.01257324	0.705490112305
1828.77697754	-0.27278137207
1829.54138184	2.37176513672
1830.30578613	0.0358581505716
1831.07019043	0.200225815177
1831.83447266	-1.06495666504
1832.59887695	-0.909027099609
1833.36328125	-0.707382202148
1834.12768555	-0.0762634277344
1834.89208984	1.46577453613
1835.65649414	-0.77214050293
1836.42089844	-0.554550170898
1837.18530273	-1.72650146484
1837.94958496	0.0507507361472
1838.71398926	1.07496643066
1839.47839355	-1.14158630371
1840.24279785	-1.86366271973
1841.00720215	-2.07133483887
1841.77160645	-0.785171508789
1842.53601074	-0.126541137695
1843.30041504	-0.345718383789
1844.06469727	-0.0856170579791
1844.82910156	-1.43717956543
1845.59350586	-0.813186645508
1846.35791016	0.342727661133
1847.12231445	-0.536087036133
1847.88671875	-0.664215087891
1848.65112305	2.26713562012
1849.41552734	0.163940429688
1850.17980957	-1.20501708984
1850.94421387	-2.40701293945
1851.70861816	-1.62995910645
1852.47302246	0.000961303710938
1853.23742676	-1.14831542969
1854.00183105	3.07972717285
1854.76623535	0.979919433594
1855.53051758	-0.00332641601563
1856.29492188	0.314361572266
1857.05932617	-1.64321899414
1857.82373047	-3.18574523926
1858.58813477	-2.09916687012
1859.35253906	-1.45581054688
1860.11694336	-1.40501403809
1860.88134766	-0.0864715576172
1861.64562988	-1.2378692627
1862.41003418	-1.80857849121
1863.17443848	-0.797332763672
1863.93884277	-0.584518432617
1864.70324707	1.34823608398
1865.46765137	1.79498291016
1866.23205566	2.17970275879
1866.99645996	1.20913696289
1867.76074219	-1.56069946289
1868.52514648	-2.19328308105
1869.28955078	1.12428283691
1870.05395508	-0.289352416992
1870.81835938	0.443984985352
1871.58276367	1.08003234863
1872.34716797	0.828247070313
1873.1114502	0.603942871094
1873.87585449	0.160507202148
1874.64025879	1.65657043457
1875.40466309	0.855987548828
1876.16906738	2.32032775879
1876.93347168	1.33889770508
1877.69787598	3.62774658203
1878.46228027	2.62510681152
1879.2265625	0.281173706055
1879.9909668	1.98379516602
1880.75537109	1.96490478516
1881.51977539	0.165786743164
1882.28417969	1.11442565918
1883.04858398	0.531951963902
1883.81298828	-0.00131225585938
1884.57739258	3.57632422447
1885.3416748	3.11721801758
1886.1060791	2.05555725098
1886.8704834	2.60140991211
1887.6348877	1.04513549805
1888.39929199	-0.265960693359
1889.16369629	2.93290710449
1889.92810059	3.66445922852
1890.69250488	1.54426574707
1891.45678711	4.07342529297
1892.22119141	1.05244445801
1892.9855957	1.14733886719
1893.75	0.961151123047
1894.5144043	2.91532897949
1895.27880859	5.01504516602
1896.04321289	4.17929077148
1896.80749512	3.08306884766
1897.57189941	2.10842895508
1898.33630371	1.9949798584
1899.10070801	3.33474731445
1899.8651123	3.04385375977
1900.6295166	4.43522644043
1901.3939209	3.36558532715
1902.1583252	2.72149658203
1902.92260742	5.23402404785
1903.68701172	4.40046691895
1904.45141602	0.0657806396484
1905.21582031	3.4451751709
1905.98022461	1.95388793945
1906.74462891	3.95893859863
1907.5090332	4.19955444336
1908.2734375	4.31732177734
1909.03771973	5.0238494873
1909.80212402	5.02015686035
1910.56652832	3.79498291016
1911.33093262	5.63655090332
1912.09533691	6.18421936035
1912.85974121	4.03897094727
1913.62414551	5.32714891434
1914.3885498	7.77421569824
1915.15283203	5.49305772781
1915.91723633	4.08770751953
1916.68164063	5.88116455078
1917.44604492	6.6263127327
1918.21044922	7.95860242844
1918.97485352	4.05395507813
1919.73925781	4.43499755859
1920.50354004	2.38925170898
1921.26794434	6.00840759277
1922.03234863	5.38381958008
1922.79675293	6.19514465332
1923.56115723	5.41564941406
1924.32556152	5.08502197266
1925.08996582	5.69792175293
1925.85437012	4.46282958984
1926.61865234	6.60745239258
1927.38305664	6.47840881348
1928.14746094	4.82135009766
1928.91186523	3.99192810059
1929.67626953	3.29159545898
1930.44067383	4.07794189453
1931.20507813	5.48849487305
1931.96948242	7.51229858398
1932.73376465	5.07075548172
1933.49816895	6.12530517578
1934.26257324	5.39497423172
1935.02697754	5.96362304688
1935.79138184	5.98959350586
1936.55578613	5.37878417969
1937.32019043	4.86994934082
1938.08447266	3.72853088379
1938.84887695	4.66575622559
1939.61328125	6.58163404465
1940.37768555	4.97024536133
1941.14208984	6.43547105789
1941.90649414	6.76795959473
1942.67089844	5.14442443848
1943.43530273	5.13809204102
1944.19958496	6.78218126297
1944.96398926	6.53666687012
1945.72839355	8.0855255127
1946.49279785	5.26431274414
1947.25720215	6.29037427902
1948.02160645	5.79498291016
1948.78601074	5.30432128906
1949.55041504	4.38430786133
1950.31469727	5.87451124191
1951.07910156	6.9476776123
1951.84350586	5.75964355469
1952.60791016	9.19270324707
1953.37231445	5.56190443039
1954.13671875	6.36592149734
1954.90112305	6.06420898438
1955.66552734	5.99368286133
1956.42980957	8.31771850586
1957.19421387	8.68063354492
1957.95861816	7.09422302246
1958.72302246	4.89387512207
1959.48742676	7.70732116699
1960.25183105	6.5562286377
1961.01623535	6.96104431152
1961.78051758	7.49838256836
1962.54492188	8.48628234863
1963.30932617	7.82768297195
1964.07373047	6.95468187332
1964.83813477	9.0185546875
1965.60253906	8.66075134277
1966.36694336	9.96733093262
1967.13134766	8.56767272949
1967.89562988	8.23847961426
1968.66003418	9.54454040527
1969.42443848	7.66772460938
1970.18884277	7.73773193359
1970.95324707	11.7688751221
1971.71765137	7.00744581223
1972.48205566	8.29257202148
1973.24645996	10.5542449951
1974.01074219	7.27043199539
1974.77514648	9.04501342773
1975.53955078	9.1608581543
1976.30395508	9.66256713867
1977.06835938	9.51620483398
1977.83276367	10.5949859619
1978.59716797	10.569519043
1979.3614502	10.2442321777
1980.12585449	10.5478515625
1980.89025879	11.6947631836
1981.65466309	11.2194671631
1982.41906738	9.49221801758
1983.18347168	10.2209625244
1983.94787598	8.80000305176
1984.71228027	11.3192596436
1985.4765625	10.2395019531
1986.2409668	9.27458190918
1987.00537109	11.1014099121
1987.76977539	11.416885376
1988.53417969	11.9514770508
1989.29858398	11.311126709
1990.06298828	12.3666086197
1990.82739258	9.54972839355
1991.5916748	11.3206939697
1992.3560791	10.1507110596
1993.1204834	11.5330200195
1993.8848877	12.9821310043
1994.64929199	13.9683227539
1995.41369629	12.3919525146
1996.17810059	12.3895111084
1996.94250488	12.1638336182
1997.70678711	12.4498748779
1998.47119141	13.6775665283
1999.2355957	13.3617401123
2000	11.9222717285
