300	319.814605713
300.764373779	338.734985352
301.528778076	349.14956665
302.293151855	341.428314209
303.057556152	347.276916504
303.821929932	356.703918457
304.586334229	359.047851563
305.350708008	360.632659912
306.115112305	352.348602295
306.879486084	352.639862061
307.643890381	352.402160645
308.40826416	350.330810547
309.172668457	353.314300537
309.937042236	352.485961914
310.701446533	345.497650146
311.465820313	344.391479492
312.230224609	352.884735107
312.994598389	350.552978516
313.759002686	340.275726318
314.523376465	341.4581604
315.287780762	343.695831299
316.052154541	345.258270264
316.816558838	343.354614258
317.580932617	337.00100708
318.345336914	347.7293396
319.109710693	336.646026611
319.87411499	341.530822754
320.63848877	347.50177002
321.402862549	349.114868164
322.167266846	341.959197998
322.931640625	331.783111572
323.696044922	328.454772949
324.460418701	326.887695313
325.224822998	340.021453857
325.989196777	322.045837402
326.753601074	322.027008057
327.517974854	316.835601807
328.28237915	323.457489014
329.04675293	341.88269043
329.811157227	341.892883301
330.575531006	314.867858887
331.339935303	317.209869385
332.104309082	333.419403076
332.868713379	325.563079834
333.633087158	326.473876953
334.397491455	325.99319458
335.161865234	322.374511719
335.926269531	325.148193359
336.690643311	326.138244629
337.455047607	330.239471436
338.219421387	345.183410645
338.983825684	325.850769043
339.748199463	323.529602051
340.51260376	329.632110596
341.276977539	329.351623535
342.041381836	326.937042236
342.805755615	334.710418701
343.570129395	334.768005371
344.334533691	315.712677002
345.098907471	329.241577148
345.863311768	319.280853271
346.627685547	311.686035156
347.392089844	315.67956543
348.156463623	321.673583984
348.92086792	320.860778809
349.685241699	309.281829834
350.449645996	320.429382324
351.214019775	323.22052002
351.978424072	317.006317139
352.742797852	317.804321289
353.507202148	324.584228516
354.271575928	321.908813477
355.035980225	306.361206055
355.800354004	304.935089111
356.564758301	313.741699219
357.32913208	318.855957031
358.093536377	323.111022949
358.857910156	322.270233154
359.622314453	318.167358398
360.386688232	316.478759766
361.151092529	323.179748535
361.915466309	333.4168396
362.679870605	314.511993408
363.444244385	320.401489258
364.208618164	320.472137451
364.973022461	318.762359619
365.73739624	312.624053955
366.501800537	302.775421143
367.266174316	303.161437988
368.030578613	316.886169434
368.794952393	309.878875732
369.559356689	322.255187988
370.323730469	320.392974854
371.088134766	315.836883545
371.852508545	323.607086182
372.616912842	314.089141846
373.381286621	300.672668457
374.145690918	308.264190674
374.910064697	320.492767334
375.674468994	314.618164063
376.438842773	329.952575684
377.20324707	315.002960205
377.96762085	313.062469482
378.732025146	305.605194092
379.496398926	309.06628418
380.260803223	316.360443115
381.025177002	306.274475098
381.789581299	300.736602783
382.553955078	303.974639893
383.318359375	299.900787354
384.082733154	309.772186279
384.847137451	303.044250488
385.61151123	308.184997559
386.37588501	303.07220459
387.140289307	285.66204834
387.904663086	292.389678955
388.669067383	298.333343506
389.433441162	298.333343506
390.197845459	296.074005127
390.962219238	302.510681152
391.726623535	309.119567871
392.490997314	310.995697021
393.255401611	308.385803223
394.019775391	307.264434814
394.784179688	312.766204834
395.548553467	314.479492188
396.312957764	305.022857666
397.077331543	294.743103027
397.84173584	308.022827148
398.606109619	305.400390625
399.370513916	298.368530273
400.134887695	297.948944092
400.899291992	295.40222168
401.663665771	286.409820557
402.428070068	295.337585449
403.192443848	313.378387451
403.956848145	291.042114258
404.721221924	279.310394287
405.485626221	287.343933105
406.25	296.096496582
407.014373779	293.27142334
407.778778076	291.200073242
408.543151855	304.563598633
409.307556152	288.837615967
410.071929932	282.622253418
410.836334229	286.538970947
411.600708008	300.767456055
412.365112305	297.424438477
413.129486084	296.270080566
413.893890381	299.458190918
414.65826416	294.645996094
415.422668457	295.841125488
416.187042236	283.983917236
416.951446533	283.391540527
417.715820313	283.333343506
418.480224609	300.626708984
419.244598389	290.507904053
420.009002686	284.892547607
420.773376465	290.228881836
421.537780762	289.433959961
422.302154541	299.679382324
423.066558838	287.593963623
423.830932617	285.514068604
424.595336914	286.416015625
425.359710693	287.135375977
426.12411499	294.27130127
426.88848877	295.280181885
427.652862549	291.458557129
428.417266846	291.666656494
429.181640625	289.416748047
429.946044922	277.414886475
430.710418701	278.901641846
431.474822998	289.804290771
432.239196777	297.541900635
433.003601074	288.799499512
433.767974854	289.781066895
434.53237915	294.408050537
435.29675293	287.293914795
436.061157227	278.902404785
436.825531006	271.62612915
437.589935303	279.065216064
438.354309082	282.775726318
439.118713379	287.59274292
439.883087158	291.146636963
440.647491455	283.025604248
441.411865234	283.457946777
442.176269531	293.589263916
442.940643311	288.447540283
443.705047607	277.85369873
444.469421387	276.676940918
445.233825684	279.65512085
445.998199463	268.148986816
446.76260376	272.292388916
447.526977539	277.975982666
448.291381836	274.327697754
449.055755615	268.576629639
449.820129395	272.450714111
450.584533691	282.18057251
451.348907471	280.834136963
452.113311768	271.296813965
452.877685547	289.317871094
453.642089844	275.980743408
454.406463623	271.745788574
455.17086792	273
455.935241699	272.584960938
456.699645996	277.159942627
457.464019775	284.854156494
458.228424072	271.517181396
458.992797852	285.237304688
459.757202148	269.299743652
460.521575928	269.953186035
461.285980225	266.807891846
462.050354004	272.699157715
462.814758301	276.754638672
463.57913208	272.172271729
464.343536377	268.480773926
465.107910156	274.851379395
465.872314453	290.587127686
466.636688232	278.945343018
467.401092529	268.976928711
468.165466309	272.808532715
468.929870605	274.666656494
469.694244385	272.504150391
470.458618164	274.313201904
471.223022461	268.952392578
471.98739624	256.485656738
472.751800537	279.218139648
473.516174316	265.008575439
474.280578613	265.308074951
475.044952393	269.163513184
475.809356689	260.414459229
476.573730469	269.399169922
477.338134766	273.393463135
478.102508545	266.502502441
478.866912842	261.274658203
479.631286621	260.221740723
480.395690918	263.798431396
481.160064697	275.922119141
481.924468994	264.858612061
482.688842773	266.341217041
483.45324707	267.93560791
484.21762085	256.912078857
484.982025146	249.666275024
485.746398926	253.712753296
486.510803223	261.811920166
487.275177002	264.644042969
488.039581299	252.074890137
488.803955078	249.675231934
489.568359375	261.025115967
490.332733154	266.3074646
491.097137451	263.398162842
491.86151123	266.027160645
492.62588501	262.896911621
493.390289307	257.325256348
494.154663086	256.954162598
494.919067383	254.450683594
495.683441162	258.567626953
496.447845459	266.973388672
497.212219238	254.429931641
497.976623535	250.604095459
498.740997314	256.761688232
499.505401611	257.865447998
500.269775391	252.154067993
501.034179688	252.898712158
501.798553467	255.797302246
502.562957764	245.633758545
503.327331543	249.405685425
504.09173584	250.052810669
504.856109619	254.86038208
505.620513916	249.372268677
506.384887695	258.716796875
507.149291992	243.853713989
507.913665771	252.291748047
508.678070068	266.497436523
509.442443848	257.957336426
510.206848145	250.50831604
510.971221924	243.043502808
511.735626221	249.989151001
512.5	249.688446045
513.264404297	253.861877441
514.028747559	253.43031311
514.793151855	247.416778564
515.557556152	244.698684692
516.321960449	257.346801758
517.086303711	260.256347656
517.850708008	241.101165771
518.615112305	248.457702637
519.379516602	246.906051636
520.143859863	263.459320068
520.90826416	256.702850342
521.672668457	246.058227539
522.437072754	251.084274292
523.201416016	243.496429443
523.965820313	241.575881958
524.730224609	241.313278198
525.494628906	232.269256592
526.258972168	235.322967529
527.023376465	241.178848267
527.787780762	237.545455933
528.552185059	249.322647095
529.31652832	243.706970215
530.080932617	246.240829468
530.845336914	251.70880127
531.609741211	240.206253052
532.374084473	233.926132202
533.13848877	235.819274902
533.902893066	234.199813843
534.667236328	253.05847168
535.431640625	254.676849365
536.196044922	250.747711182
536.960449219	228.464874268
537.72479248	257.995361328
538.489196777	242.759735107
539.253601074	238.934173584
540.018005371	246.595504761
540.782348633	247.895935059
541.54675293	245.109359741
542.311157227	248.001220703
543.075561523	255.762298584
543.839904785	250.752532959
544.604309082	258.315582275
545.368713379	254.339126587
546.133117676	244.903747559
546.897460938	245.738327026
547.661865234	246.155563354
548.426269531	246.161346436
549.190673828	248.88923645
549.95501709	250.72555542
550.719421387	249.113723755
551.483825684	249.656478882
552.24822998	243.133529663
553.012573242	246.161361694
553.776977539	235.479202271
554.541381836	239.790283203
555.305725098	246.396774292
556.070129395	248.081420898
556.834533691	240.750259399
557.598937988	236.762832642
558.36328125	246.570159912
559.127685547	255.84211731
559.892089844	247.936508179
560.656494141	245.527114868
561.420837402	249.780700684
562.185241699	247.987762451
562.949645996	250.761260986
563.714050293	264.428161621
564.478393555	261.6328125
565.242797852	258.523132324
566.007202148	257.322174072
566.771606445	253.836532593
567.535949707	255.884597778
568.300354004	250.061218262
569.064758301	262.098815918
569.829162598	263.615600586
570.593505859	255.438156128
571.357910156	250.627655029
572.122314453	250.841491699
572.88671875	249.277481079
573.651062012	255.393783569
574.415466309	260.680847168
575.179870605	259
575.944274902	256.263824463
576.708618164	249.54649353
577.473022461	252.539642334
578.237426758	241.013320923
579.00177002	246.782974243
579.766174316	260.001068115
580.530578613	254.778366089
581.29498291	248.08215332
582.059326172	253.175384521
582.823730469	253.239212036
583.588134766	249.680923462
584.352539063	255.061477661
585.116882324	261.333709717
585.881286621	266.792175293
586.645690918	248.855545044
587.410095215	265.611938477
588.174438477	268.374511719
588.938842773	265.247772217
589.70324707	266.208740234
590.467651367	262.264984131
591.231994629	256.673248291
591.996398926	250.314682007
592.760803223	247.981430054
593.52520752	248.98979187
594.289550781	238.571487427
595.053955078	237.26322937
595.818359375	253.760635376
596.582763672	258.030700684
597.347106934	265.985137939
598.11151123	260.701019287
598.875915527	273.864074707
599.640258789	263.28338623
600.404663086	250.990997314
601.169067383	249.379852295
601.93347168	249.044387817
602.697814941	252.79335022
603.462219238	255.060821533
604.226623535	250.791702271
604.991027832	252.165939331
605.755371094	268.042144775
606.519775391	264.27243042
607.284179688	269.159301758
608.048583984	265.366394043
608.812927246	253.366210938
609.577331543	252.109069824
610.34173584	253.859283447
611.106140137	247.705703735
611.870483398	248.988723755
612.634887695	261.742767334
613.399291992	255.967254639
614.163696289	255.821563721
614.928039551	265.318054199
615.692443848	258.624237061
616.456848145	252.200668335
617.221252441	255.478927612
617.985595703	260.696807861
618.75	259.338653564
619.514404297	259.588623047
620.278747559	259.683410645
621.043151855	260.086639404
621.807556152	272.567871094
622.571960449	248.030105591
623.336303711	256.041412354
624.100708008	264.933959961
624.865112305	266.20993042
625.629516602	257.837890625
626.393859863	261.399658203
627.15826416	267.7003479
627.922668457	266.849884033
628.687072754	262.590759277
629.451416016	258.028503418
630.215820313	256.31942749
630.980224609	261.5703125
631.744628906	264.225585938
632.508972168	273.783935547
633.273376465	267.337493896
634.037780762	263.354888916
634.802185059	261.881378174
635.56652832	254.572692871
636.330932617	258.692077637
637.095336914	252.829147339
637.859741211	259.224273682
638.624084473	261.27835083
639.38848877	258.926635742
640.152893066	267.410552979
640.917236328	253.913406372
641.681640625	266.483032227
642.446044922	262.102722168
643.210449219	280.234527588
643.97479248	276.766876221
644.739196777	279.895385742
645.503601074	269.008361816
646.268005371	261.224090576
647.032348633	265.234069824
647.79675293	266.081695557
648.561157227	273.895782471
649.325561523	282.743927002
650.089904785	272.863891602
650.854309082	269.74331665
651.618713379	263.793518066
652.383117676	273.545806885
653.147460938	271.387145996
653.911865234	276.133056641
654.676269531	272.825836182
655.440673828	274.992004395
656.20501709	264.578857422
656.969421387	259.994262695
657.733825684	267.264984131
658.49822998	268.741668701
659.262573242	270.374908447
660.026977539	276.142364502
660.791381836	262.357055664
661.555725098	271.855865479
662.320129395	271.350311279
663.084533691	275.969787598
663.848937988	266.184570313
664.61328125	275.748046875
665.377685547	267.136779785
666.142089844	275.124420166
666.906494141	274.203155518
667.670837402	270.666656494
668.435241699	268.931304932
669.199645996	263.676849365
669.964050293	260.077636719
670.728393555	266.872802734
671.492797852	276.601104736
672.257202148	270.543487549
673.021606445	286.509307861
673.785949707	281.87298584
674.550354004	265.717407227
675.314758301	273.699401855
676.079162598	281.913391113
676.843505859	281.779571533
677.607910156	275.916381836
678.372314453	280.663024902
679.13671875	281.710021973
679.901062012	273.497131348
680.665466309	272.666656494
681.429870605	271.733947754
682.194274902	268.075286865
682.958618164	265.596374512
683.723022461	271.571960449
684.487426758	266.620605469
685.25177002	271.872161865
686.016174316	282.303283691
686.780578613	280.764465332
687.54498291	274.711181641
688.309326172	275.671234131
689.073730469	270.386077881
689.838134766	257.044189453
690.602539063	262.570770264
691.366882324	277.573913574
692.131286621	268.95223999
692.895690918	288.673309326
693.660095215	280.203582764
694.424438477	279.15145874
695.188842773	284.417999268
695.95324707	271.381744385
696.717651367	284.105010986
697.481994629	275.623565674
698.246398926	277.309814453
699.010803223	279.797149658
699.77520752	282.363616943
700.539550781	275.569641113
701.303955078	272.031433105
702.068359375	282.33203125
702.832763672	283.70111084
703.597106934	285.731628418
704.36151123	284.700775146
705.125915527	275.977722168
705.890258789	280.940826416
706.654663086	284.07244873
707.419067383	286.607025146
708.18347168	283.335144043
708.947814941	283.291259766
709.712219238	275.648773193
710.476623535	271.527526855
711.241027832	278.529144287
712.005371094	292.598114014
712.769775391	296.166168213
713.534179688	283.011474609
714.298583984	278.761749268
715.062927246	286.990142822
715.827331543	272.720336914
716.59173584	281.74810791
717.356140137	296.654785156
718.120483398	289.699981689
718.884887695	298.313537598
719.649291992	295.054107666
720.413696289	285.322174072
721.178039551	295.425384521
721.942443848	302.860870361
722.706848145	294.396484375
723.471252441	293.246368408
724.235595703	305.907775879
725	308.502105713
725.764404297	297.709869385
726.528747559	294.978973389
727.293151855	306.790374756
728.057556152	300.244659424
728.821960449	293.698059082
729.586303711	285.600128174
730.350708008	280.092010498
731.115112305	284.409820557
731.879516602	297.981231689
732.643859863	307.734008789
733.40826416	301.78338623
734.172668457	298.336975098
734.937072754	310.288574219
735.701416016	311.43661499
736.465820313	301.571746826
737.230224609	305.057342529
737.994628906	297.401123047
738.758972168	302.045227051
739.523376465	307.299468994
740.287780762	306.879547119
741.052185059	304.070281982
741.81652832	306.130645752
742.580932617	303.777954102
743.345336914	320.950927734
744.109741211	321.554595947
744.874084473	317.122039795
745.63848877	318.675964355
746.402893066	313.2840271
747.167236328	307
747.931640625	315.054382324
748.696044922	321.596435547
749.460449219	313.684326172
750.22479248	313.551635742
750.989196777	308.461425781
751.753601074	313.285888672
752.518005371	320.777618408
753.282348633	316.390899658
754.04675293	316.024841309
754.811157227	308.498626709
755.575561523	309.750671387
756.339904785	317.03213501
757.104309082	317.737091064
757.868713379	314.501647949
758.633117676	313.565093994
759.397460938	319.718536377
760.161865234	324.001037598
760.926269531	329.26159668
761.690673828	330.123931885
762.45501709	312.104949951
763.219421387	320.872039795
763.983825684	320.494812012
764.74822998	313.988220215
765.512573242	317.497589111
766.276977539	322.832397461
767.041381836	304.763336182
767.805725098	312.671722412
768.570129395	314.068328857
769.334533691	315.227844238
770.098937988	322.451263428
770.86328125	327.527526855
771.627685547	319.108947754
772.392089844	313.515563965
773.156494141	324.855285645
773.920837402	337.314178467
774.685241699	335.797546387
775.449645996	325.477752686
776.214050293	316.191741943
776.978393555	332.45602417
777.742797852	331.971710205
778.507202148	337.681884766
779.271606445	337.996124268
780.035949707	322.790374756
780.800354004	318.461853027
781.564758301	314.731964111
782.329162598	316.031829834
783.093505859	334.54296875
783.857910156	335.078765869
784.622314453	327.375915527
785.38671875	329.687744141
786.151062012	335.444244385
786.915466309	330.610137939
787.679870605	320.392333984
788.444274902	320.926391602
789.208618164	327.91305542
789.973022461	329.645782471
790.737426758	336.836395264
791.50177002	333.112182617
792.266174316	324.837158203
793.030578613	328.93862915
793.79498291	323.419281006
794.559326172	325.337493896
795.323730469	329.783203125
796.088134766	323.752716064
796.852539063	342.387908936
797.616882324	333.72958374
798.381286621	325
799.145690918	322.418304443
799.910095215	327.987823486
800.674438477	337.596099854
801.438842773	341.04699707
802.20324707	341.079620361
802.967651367	341.921508789
803.731994629	349.338653564
804.496398926	340.643859863
805.260803223	336.213684082
806.02520752	337.97088623
806.789550781	342.19430542
807.553955078	362.999755859
808.318359375	345.00769043
809.082763672	360.072906494
809.847106934	349.369689941
810.61151123	337.438323975
811.375915527	335.140594482
812.140258789	339.948852539
812.904663086	342.13067627
813.669067383	347.009521484
814.43347168	357.064239502
815.197814941	358.004272461
815.962219238	347.297912598
816.726623535	338.690643311
817.491027832	339.48046875
818.255371094	353.588409424
819.019775391	369.399993896
819.784179688	366.088867188
820.548583984	348.278900146
821.312927246	367.999542236
822.077331543	355.338592529
822.84173584	339.196258545
823.606140137	342.839019775
824.370483398	340.212463379
825.134887695	344.739959717
825.899291992	356.012969971
826.663696289	341.999816895
827.428039551	344.034210205
828.192443848	355.037414551
828.956848145	360.110778809
829.721252441	359.648498535
830.485595703	354.360839844
831.25	351.717712402
832.014404297	354.305877686
832.778747559	355.852355957
833.543151855	360.049072266
834.307556152	360.998291016
835.071960449	365.261230469
835.836303711	341.310272217
836.600708008	360.104003906
837.365112305	353.353729248
838.129516602	367.021087646
838.893859863	362.673797607
839.65826416	359.094024658
840.422668457	350.854888916
841.187072754	363.568969727
841.951416016	357.673370361
842.715820313	354.565490723
843.480224609	353.799133301
844.244628906	345.891693115
845.008972168	347.680297852
845.773376465	353.170379639
846.537780762	354.730133057
847.302185059	356.333343506
848.06652832	360.07208252
848.830932617	366.006317139
849.595336914	366.836456299
850.359741211	367.589599609
851.124084473	355.87789917
851.88848877	349.653869629
852.652893066	357.80847168
853.417236328	361.049468994
854.181640625	345.362091064
854.946044922	347.591278076
855.710449219	358.74407959
856.47479248	345.607666016
857.239196777	354.512145996
858.003601074	351.663543701
858.768005371	351.327667236
859.532348633	363.126251221
860.29675293	360.547973633
861.061157227	362.597381592
861.825561523	356.649658203
862.589904785	348.454803467
863.354309082	350.73550415
864.118713379	345.475952148
864.883117676	339.037109375
865.647460938	352.507263184
866.411865234	358.672485352
867.176269531	345.026031494
867.940673828	346.603424072
868.70501709	345.545959473
869.469421387	334.516143799
870.233825684	350.83782959
870.99822998	342.822937012
871.762573242	334.322570801
872.526977539	333.684387207
873.291381836	340.197784424
874.055725098	334.432556152
874.820129395	313.263366699
875.584533691	324.212615967
876.348937988	326.387298584
877.11328125	318.498779297
877.877685547	324.3487854
878.642089844	324.898162842
879.406494141	323.201171875
880.170837402	323.895935059
880.935241699	324.159332275
881.699645996	328.825805664
882.464050293	327.072692871
883.228393555	320.608764648
883.992797852	320.859527588
884.757202148	316.30078125
885.521606445	317.487854004
886.285949707	315.576202393
887.050354004	315.381134033
887.814758301	310.402557373
888.579162598	306.151885986
889.343505859	319.22354126
890.107910156	296.932952881
890.872314453	302.513793945
891.63671875	322.707336426
892.401062012	327.682373047
893.165466309	305.656188965
893.929870605	312.982452393
894.694274902	319.832092285
895.458618164	310.896026611
896.223022461	307.753540039
896.987426758	316.085510254
897.75177002	304.839813232
898.516174316	302.983734131
899.280578613	307.909851074
900.04498291	304.939331055
900.809326172	304.764862061
901.573730469	306.389038086
902.338134766	303.232421875
903.102539063	295.063781738
903.866882324	285.720489502
904.631286621	296.050750732
905.395690918	310.899078369
906.160095215	293.31060791
906.924438477	295.325531006
907.688842773	287.866607666
908.45324707	294.884399414
909.217651367	288.550994873
909.981994629	287.454742432
910.746398926	285.848999023
911.510803223	303.528198242
912.27520752	289.069824219
913.039550781	285.222167969
913.803955078	285.301177979
914.568359375	283.593780518
915.332763672	283.611450195
916.097106934	296.976837158
916.86151123	295.99899292
917.625915527	285.664855957
918.390258789	289.758544922
919.154663086	294.105194092
919.919067383	291.523498535
920.68347168	291.054656982
921.447814941	293.308380127
922.212219238	291.874145508
922.976623535	289.172302246
923.741027832	288.820251465
924.505371094	286.295806885
925.269775391	288.059906006
926.034179688	290.911468506
926.798583984	280.678009033
927.562927246	280.41708374
928.327331543	281.594329834
929.09173584	279.442199707
929.856140137	285.134094238
930.620483398	283.340301514
931.384887695	280.474365234
932.149291992	294.605865479
932.913696289	295.467773438
933.678039551	275.437988281
934.442443848	278.150360107
935.206848145	296.556152344
935.971252441	281.242095947
936.735595703	260.826873779
937.5	291.97756958
938.264404297	300.026885986
939.028747559	285.331359863
939.793151855	279.10067749
940.557556152	273.266387939
941.321960449	278.231628418
942.086303711	287.655792236
942.850708008	289.775390625
943.615112305	276.783447266
944.379516602	290.994232178
945.143859863	298.86529541
945.90826416	286.233215332
946.672668457	285.052886963
947.437072754	285.748474121
948.201416016	289.018890381
948.965820313	295.303314209
949.730224609	291.870910645
950.494628906	290.295043945
951.258972168	283.446136475
952.023376465	282.661468506
952.787780762	285.799438477
953.552185059	271.782745361
954.31652832	279.74407959
955.080932617	280.61505127
955.845336914	284.176025391
956.609741211	288.370788574
957.374084473	281.443359375
958.13848877	283.691894531
958.902893066	274.815887451
959.667236328	281.81149292
960.431640625	285.362609863
961.196044922	287.959777832
961.960449219	285.442626953
962.72479248	290.91809082
963.489196777	274.141021729
964.253601074	299.878662109
965.018005371	285.220397949
965.782348633	266.316253662
966.54675293	273.399963379
967.311157227	273.934234619
968.075561523	275.326690674
968.839904785	282.976409912
969.604309082	281.951721191
970.368713379	273.842041016
971.133117676	273.899505615
971.897460938	284.968963623
972.661865234	283.335571289
973.426269531	288.207977295
974.190673828	293.122924805
974.95501709	296.031982422
975.719421387	290.579498291
976.483825684	281.276763916
977.24822998	281.885955811
978.012573242	281.051208496
978.776977539	282.129882813
979.541381836	284.708374023
980.305725098	289.663696289
981.070129395	292.321838379
981.834533691	283.158630371
982.598937988	284.040771484
983.36328125	280.407928467
984.127685547	291.570770264
984.892089844	284.301544189
985.656494141	289.937805176
986.420837402	301.655853271
987.185241699	291.730621338
987.949645996	300.304229736
988.714050293	287.672332764
989.478393555	283.476531982
990.242797852	270.428527832
991.007202148	289.173065186
991.771606445	284.356872559
992.535949707	286.31161499
993.300354004	301.514251709
994.064758301	309.572723389
994.829162598	310
995.593505859	302.163726807
996.357910156	288.687988281
997.122314453	301.658782959
997.88671875	304
998.651062012	298.802307129
999.415466309	310.486724854
1000.17987061	303.26663208
1000.9442749	297.799377441
1001.70861816	297
1002.47302246	303.234985352
1003.23742676	311.036560059
1004.00177002	317.412231445
1004.76617432	295.346740723
1005.53057861	289.200469971
1006.29498291	303.668609619
1007.05932617	310.333343506
1007.82373047	315.581787109
1008.58813477	313.309417725
1009.35253906	310.488037109
1010.11688232	316.049102783
1010.88128662	310.001647949
1011.64569092	313.716766357
1012.41009521	322.776641846
1013.17443848	321.89932251
1013.93884277	329.323730469
1014.70324707	328.154083252
1015.46765137	329.404663086
1016.23199463	340.510253906
1016.99639893	335.247009277
1017.76080322	328.028625488
1018.52520752	335.875579834
1019.28955078	337.955871582
1020.05395508	333.791503906
1020.81835938	328.680725098
1021.58276367	330.967407227
1022.34710693	339.606750488
1023.11151123	335.948883057
1023.87591553	343.077667236
1024.64025879	325.131896973
1025.40466309	330.492706299
1026.16906738	347.607513428
1026.93347168	327.221496582
1027.69787598	337.434356689
1028.46228027	345.38293457
1029.2265625	335.339385986
1029.9909668	331.374969482
1030.75537109	349.398071289
1031.51977539	355.038665771
1032.28417969	365.65713501
1033.04858398	350.716156006
1033.81298828	352.314422607
1034.57739258	351.003295898
1035.3416748	353.95703125
1036.1060791	354
1036.8704834	356.233917236
1037.6348877	364.20425415
1038.39929199	368.083648682
1039.16369629	368.638977051
1039.92810059	360.226654053
1040.69250488	342.428527832
1041.45678711	346.180999756
1042.22119141	360.837585449
1042.9855957	364.984588623
1043.75	360.304473877
1044.5144043	351.347106934
1045.27880859	351.56640625
1046.04321289	345.596679688
1046.80749512	369.219512939
1047.57189941	368.493621826
1048.33630371	380.101226807
1049.10070801	375.040893555
1049.8651123	363.610961914
1050.6295166	360.181121826
1051.3939209	355.936462402
1052.1583252	368.921722412
1052.92260742	362.030548096
1053.68701172	350.87902832
1054.45141602	359.549804688
1055.21582031	349.961364746
1055.98022461	345.049591064
1056.74462891	352.445983887
1057.5090332	351.225189209
1058.2734375	351.714996338
1059.03771973	358.978118896
1059.80212402	365.970062256
1060.56652832	363.033111572
1061.33093262	367.621185303
1062.09533691	359.509613037
1062.85974121	354.740692139
1063.62414551	365.015686035
1064.3885498	376.699584961
1065.15283203	379.398773193
1065.91723633	367.628204346
1066.68164063	371.810577393
1067.44604492	371.525634766
1068.21044922	359.934051514
1068.97485352	367.762908936
1069.73925781	369.767028809
1070.50354004	369.252410889
1071.26794434	368.376739502
1072.03234863	367.471740723
1072.79675293	369.228424072
1073.56115723	370.845336914
1074.32556152	373.603057861
1075.08996582	367.308074951
1075.85437012	371.66204834
1076.61865234	375.836242676
1077.38305664	388.402404785
1078.14746094	368.88961792
1078.91186523	375.658050537
1079.67626953	378.991424561
1080.44067383	369.94342041
1081.20507813	376.398803711
1081.96948242	381.853668213
1082.73376465	380.949768066
1083.49816895	368.046051025
1084.26257324	376.831481934
1085.02697754	383.140014648
1085.79138184	388.214599609
1086.55578613	383.693878174
1087.32019043	375.300567627
1088.08447266	384.097290039
1088.84887695	398.163665771
1089.61328125	392.275238037
1090.37768555	382.23336792
1091.14208984	388.870544434
1091.90649414	387.739257813
1092.67089844	389.40625
1093.43530273	393.843231201
1094.19958496	386.948150635
1094.96398926	383.975738525
1095.72839355	388.90411377
1096.49279785	392.768035889
1097.25720215	388.41394043
1098.02160645	393.580810547
1098.78601074	395.962585449
1099.55041504	398.562744141
1100.31469727	400.692687988
1101.07910156	395.52645874
1101.84350586	388.410003662
1102.60791016	417.139373779
1103.37231445	395.625762939
1104.13671875	384.889770508
1104.90112305	395.386016846
1105.66552734	398.656463623
1106.42980957	394.112518311
1107.19421387	400.543243408
1107.95861816	399.95425415
1108.72302246	406.156402588
1109.48742676	414.389678955
1110.25183105	407.209686279
1111.01623535	392.841644287
1111.78051758	406.926513672
1112.54492188	410.782043457
1113.30932617	394.210723877
1114.07373047	407.644897461
1114.83813477	412.441711426
1115.60253906	406.900756836
1116.36694336	407.554901123
1117.13134766	403.062927246
1117.89562988	405.176635742
1118.66003418	408.544769287
1119.42443848	411.88067627
1120.18884277	422.699523926
1120.95324707	424.286376953
1121.71765137	420.49822998
1122.48205566	432.528808594
1123.24645996	428.519226074
1124.01074219	402.074157715
1124.77514648	405.377807617
1125.53955078	422.752197266
1126.30395508	420.183929443
1127.06835938	416.822418213
1127.83276367	433.081481934
1128.59716797	419.897216797
1129.3614502	411.741516113
1130.12585449	427.25793457
1130.89025879	433.343261719
1131.65466309	416.966583252
1132.41906738	422.012237549
1133.18347168	415.984008789
1133.94787598	412.743774414
1134.71228027	422.827972412
1135.4765625	438.400085449
1136.2409668	418.218170166
1137.00537109	411.519561768
1137.76977539	435.253814697
1138.53417969	450.301605225
1139.29858398	437.63092041
1140.06298828	457.466278076
1140.82739258	434.510620117
1141.5916748	442.200073242
1142.3560791	431.278778076
1143.1204834	436.774139404
1143.8848877	458.966796875
1144.64929199	438.665008545
1145.41369629	439.022766113
1146.17810059	447.018463135
1146.94250488	437.31149292
1147.70678711	454.942169189
1148.47119141	457.477386475
1149.2355957	458.300109863
1150	458.759887695
1150.7644043	457.026031494
1151.52880859	459.763458252
1152.29321289	459.103271484
1153.05749512	462.129760742
1153.82189941	461.369018555
1154.58630371	460.491333008
1155.35070801	466.617401123
1156.1151123	456.873291016
1156.8795166	460.791717529
1157.6439209	480.204345703
1158.4083252	473.73260498
1159.17260742	462.705993652
1159.93701172	465.513092041
1160.70141602	476.921661377
1161.46582031	484.013702393
1162.23022461	473.985107422
1162.99462891	485.104248047
1163.7590332	497.105316162
1164.5234375	483.54296875
1165.28771973	482.790802002
1166.05212402	475.460205078
1166.81652832	479.212921143
1167.58093262	483.8097229
1168.34533691	474.273040771
1169.10974121	472.697723389
1169.87414551	489.926635742
1170.6385498	476.074279785
1171.40283203	484.343231201
1172.16723633	488.31149292
1172.93164063	488.258636475
1173.69604492	489.08380127
1174.46044922	481.049591064
1175.22485352	479.96270752
1175.98925781	501.264862061
1176.75354004	501.039825439
1177.51794434	495.966094971
1178.28234863	498.258300781
1179.04675293	492.374481201
1179.81115723	480.91116333
1180.57556152	484.884094238
1181.33996582	514.909912109
1182.10437012	492.408447266
1182.86865234	489.714599609
1183.63305664	486.716247559
1184.39746094	488.16897583
1185.16186523	500.348510742
1185.92626953	488.628387451
1186.69067383	504.08706665
1187.45507813	507.416168213
1188.21948242	512.709411621
1188.98376465	521.263793945
1189.74816895	521.987731934
1190.51257324	510.344543457
1191.27697754	519.289916992
1192.04138184	519.032714844
1192.80578613	510.219268799
1193.57019043	509.976135254
1194.33447266	511.530792236
1195.09887695	530.446105957
1195.86328125	529.636657715
1196.62768555	518.660949707
1197.39208984	531.409118652
1198.15649414	517.088989258
1198.92089844	527.29296875
1199.68530273	551.477233887
1200.44958496	525.002685547
1201.21398926	526.000061035
1201.97839355	537.499755859
1202.74279785	530.968933105
1203.50720215	526.311523438
1204.27160645	552.857299805
1205.03601074	545.683532715
1205.80041504	543.565856934
1206.56469727	553.292480469
1207.32910156	543.489501953
1208.09350586	547.99987793
1208.85791016	560.18182373
1209.62231445	557.632446289
1210.38671875	542.182739258
1211.15112305	538.545898438
1211.91552734	552.947814941
1212.67980957	547.618164063
1213.44421387	551.341308594
1214.20861816	558.870300293
1214.97302246	564.135803223
1215.73742676	562.226623535
1216.50183105	569.523742676
1217.26623535	569.847473145
1218.03051758	557.081298828
1218.79492188	552.108154297
1219.55932617	568.97076416
1220.32373047	581.35333252
1221.08813477	587.419921875
1221.85253906	575.387084961
1222.61694336	592.279968262
1223.38134766	592.838562012
1224.14562988	605.243347168
1224.91003418	613.536682129
1225.67443848	603.83581543
1226.43884277	595.47454834
1227.20324707	616.011413574
1227.96765137	619.190612793
1228.73205566	617.093383789
1229.49645996	619.22277832
1230.26074219	618.195861816
1231.02514648	624.165222168
1231.78955078	623.307067871
1232.55395508	624.666137695
1233.31835938	628.14251709
1234.08276367	607.536254883
1234.84716797	625.553588867
1235.6114502	646.268615723
1236.37585449	633.185974121
1237.14025879	649.597900391
1237.90466309	654.276123047
1238.66906738	628.636657715
1239.43347168	628.186218262
1240.19787598	647.561157227
1240.96228027	657.270263672
1241.7265625	664.827270508
1242.4909668	670.51348877
1243.25537109	681.460266113
1244.01977539	679.371643066
1244.78417969	670.738891602
1245.54858398	682.533935547
1246.31298828	670.50769043
1247.07739258	662.471130371
1247.8416748	682.422180176
1248.6060791	701.710021973
1249.3704834	694.453857422
1250.1348877	700.266784668
1250.89929199	723.786010742
1251.66369629	704.963989258
1252.42810059	704.876464844
1253.19250488	716.98223877
1253.95678711	716.46105957
1254.72119141	709.563720703
1255.4855957	717.111999512
1256.25	735.77734375
1257.0144043	736.963623047
1257.77880859	740.559936523
1258.54321289	753.331481934
1259.30749512	753.552490234
1260.07189941	758.540039063
1260.83630371	756.415527344
1261.60070801	754.398925781
1262.3651123	761.26385498
1263.1295166	775.171875
1263.8939209	788.717163086
1264.6583252	775.120483398
1265.42260742	769.694274902
1266.18701172	773.517944336
1266.95141602	782.0234375
1267.71582031	795.820495605
1268.48022461	804.557739258
1269.24462891	796.356079102
1270.0090332	806.300964355
1270.7734375	813.835266113
1271.53771973	827.374694824
1272.30212402	825.324279785
1273.06652832	822.989379883
1273.83093262	837.439331055
1274.59533691	843.729675293
1275.35974121	844.225585938
1276.12414551	860.203857422
1276.8885498	852.432250977
1277.65283203	858.778869629
1278.41723633	876.242919922
1279.18164063	854.641235352
1279.94604492	871.156311035
1280.71044922	895.181030273
1281.47485352	912.993835449
1282.23925781	912.457702637
1283.00354004	910.376525879
1283.76794434	915.521484375
1284.53234863	919.118652344
1285.29675293	934.435913086
1286.06115723	948.582824707
1286.82556152	938.308654785
1287.58996582	947.87701416
1288.35437012	963.741821289
1289.11865234	980.491882324
1289.88305664	984.750427246
1290.64746094	988.899414063
1291.41186523	996.159240723
1292.17626953	1011.78033447
1292.94067383	1008.54376221
1293.70507813	990.977783203
1294.46948242	1026.39343262
1295.23376465	1034.70910645
1295.99816895	1030.93664551
1296.76257324	1044.69836426
1297.52697754	1073.03845215
1298.29138184	1061.68139648
1299.05578613	1086.04797363
1299.82019043	1069.51855469
1300.58447266	1088.31750488
1301.34887695	1087.88427734
1302.11328125	1110.51879883
1302.87768555	1134.11938477
1303.64208984	1155.89111328
1304.40649414	1142.77966309
1305.17089844	1154.45703125
1305.93530273	1160.17993164
1306.69958496	1181.81799316
1307.46398926	1209.92053223
1308.22839355	1215.44067383
1308.99279785	1224.41247559
1309.75720215	1233.63366699
1310.52160645	1258.49951172
1311.28601074	1255.00341797
1312.05041504	1265.01135254
1312.81469727	1278.32019043
1313.57910156	1259.70202637
1314.34350586	1294.28601074
1315.10791016	1326.32824707
1315.87231445	1297.06848145
1316.63671875	1339.99438477
1317.40112305	1336.3840332
1318.16552734	1376.32971191
1318.92980957	1371.91418457
1319.69421387	1391.21240234
1320.45861816	1386.94165039
1321.22302246	1406.3470459
1321.98742676	1447.2746582
1322.75183105	1433.35498047
1323.51623535	1477.34240723
1324.28051758	1472.8984375
1325.04492188	1500.34570313
1325.80932617	1494.48144531
1326.57373047	1474.38671875
1327.33813477	1497.24536133
1328.10253906	1504.18188477
1328.86694336	1522.8861084
1329.63134766	1526.91503906
1330.39562988	1559.65234375
1331.16003418	1597.10632324
1331.92443848	1557.02416992
1332.68884277	1590.28198242
1333.45324707	1583.08728027
1334.21765137	1590.93652344
1334.98205566	1615.2824707
1335.74645996	1623.3692627
1336.51074219	1609.28527832
1337.27514648	1618.70837402
1338.03955078	1630.35986328
1338.80395508	1643.62768555
1339.56835938	1617.04321289
1340.33276367	1617.70129395
1341.09716797	1612.26416016
1341.8614502	1626.11169434
1342.62585449	1631.61572266
1343.39025879	1603.91210938
1344.15466309	1584.09631348
1344.91906738	1596.00769043
1345.68347168	1611.21948242
1346.44787598	1585.74511719
1347.21228027	1579.53308105
1347.9765625	1566.48754883
1348.7409668	1581.17211914
1349.50537109	1573.68847656
1350.26977539	1562.76550293
1351.03417969	1549.52453613
1351.79858398	1559.47521973
1352.56298828	1545.52172852
1353.32739258	1522.60168457
1354.0916748	1522.63037109
1354.8560791	1524.10095215
1355.6204834	1506.12133789
1356.3848877	1494.10852051
1357.14929199	1485.8125
1357.91369629	1493.69128418
1358.67810059	1466.20031738
1359.44250488	1461.76318359
1360.20678711	1454.13708496
1360.97119141	1422.21252441
1361.7355957	1394.49816895
1362.5	1411.01306152
1363.2644043	1449.45800781
1364.02880859	1402.32446289
1364.79321289	1376.9753418
1365.55749512	1387.51843262
1366.32189941	1381.13415527
1367.08630371	1348.31311035
1367.85070801	1312.52490234
1368.6151123	1336.35693359
1369.3795166	1304.46520996
1370.1439209	1291.26928711
1370.9083252	1290.99121094
1371.67260742	1264.76025391
1372.43701172	1280.19946289
1373.20141602	1232.45031738
1373.96582031	1253.33129883
1374.73022461	1249.3067627
1375.49462891	1257.02758789
1376.2590332	1231.73681641
1377.0234375	1206.1809082
1377.78771973	1199.92456055
1378.55212402	1181.55944824
1379.31652832	1173.85131836
1380.08093262	1159.87475586
1380.84533691	1156.32958984
1381.60974121	1158.55187988
1382.37414551	1129.91125488
1383.1385498	1118.64697266
1383.90283203	1108.62329102
1384.66723633	1112.09619141
1385.43164063	1122.05029297
1386.19604492	1110.63061523
1386.96044922	1091.04431152
1387.72485352	1078.90930176
1388.48925781	1064.30700684
1389.25354004	1063.56665039
1390.01794434	1060.59143066
1390.78234863	1071.19140625
1391.54675293	1068.89648438
1392.31115723	1060.91467285
1393.07556152	1032.98718262
1393.83996582	1018.38726807
1394.60437012	1017.47717285
1395.36865234	1014.05200195
1396.13305664	986.116394043
1396.89746094	1007.93249512
1397.66186523	966.680969238
1398.42626953	966.395141602
1399.19067383	992.999816895
1399.95507813	951.878723145
1400.71948242	966.317504883
1401.48376465	940.228515625
1402.24816895	931.323303223
1403.01257324	956.245239258
1403.77697754	968.078430176
1404.54138184	935.8125
1405.30578613	905.071594238
1406.07019043	923.134033203
1406.83447266	927.683044434
1407.59887695	921.463867188
1408.36328125	929.666687012
1409.12768555	934.813354492
1409.89208984	926.787658691
1410.65649414	897.12109375
1411.42089844	917.189086914
1412.18530273	918.907531738
1412.94958496	881.057495117
1413.71398926	864.89440918
1414.47839355	881.075683594
1415.24279785	869.109802246
1416.00720215	862.121459961
1416.77160645	864.621520996
1417.53601074	854.468444824
1418.30041504	838.422302246
1419.06469727	860.789733887
1419.82910156	860.546691895
1420.59350586	855.580322266
1421.35791016	849.504394531
1422.12231445	825.559387207
1422.88671875	834.389282227
1423.65112305	835.327758789
1424.41552734	826.685668945
1425.17980957	842.233154297
1425.94421387	825.26159668
1426.70861816	842.655578613
1427.47302246	852.036682129
1428.23742676	805.498901367
1429.00183105	796.934143066
1429.76623535	820.272277832
1430.53051758	818.396972656
1431.29492188	827
1432.05932617	818.354003906
1432.82373047	793.409790039
1433.58813477	818.573913574
1434.35253906	800.166137695
1435.11694336	786.991943359
1435.88134766	784.578674316
1436.64562988	783.828735352
1437.41003418	799.187988281
1438.17443848	811.923400879
1438.93884277	827.942382813
1439.70324707	810.418701172
1440.46765137	792.66394043
1441.23205566	794.404296875
1441.99645996	798.405700684
1442.76074219	801.221069336
1443.52514648	782.044616699
1444.28955078	788.047424316
1445.05395508	789.25189209
1445.81835938	767.74420166
1446.58276367	776.563598633
1447.34716797	783.095458984
1448.1114502	789.985656738
1448.87585449	806.287719727
1449.64025879	784.005859375
1450.40466309	801.178710938
1451.16906738	778.656555176
1451.93347168	786.114318848
1452.69787598	790.801025391
1453.46228027	786.118408203
1454.2265625	784.12121582
1454.9909668	784.557006836
1455.75537109	771.318054199
1456.51977539	770.362609863
1457.28417969	766.238830566
1458.04858398	782.251647949
1458.81298828	769.513916016
1459.57739258	783.734924316
1460.3416748	785.144775391
1461.1060791	777.248962402
1461.8704834	765.094238281
1462.6348877	771.110046387
1463.39929199	776.829223633
1464.16369629	781.878601074
1464.92810059	790.295654297
1465.69250488	780.811950684
1466.45678711	768.870727539
1467.22119141	775.40222168
1467.9855957	761.348388672
1468.75	770.606872559
1469.5144043	778.233703613
1470.27880859	789.038146973
1471.04321289	783.055664063
1471.80749512	735.050354004
1472.57189941	765.108520508
1473.33630371	755.636230469
1474.10070801	772.484619141
1474.8651123	769.94329834
1475.6295166	775.248779297
1476.3939209	771.839477539
1477.1583252	774.372497559
1477.92260742	790.876831055
1478.68701172	788.297424316
1479.45141602	756.864379883
1480.21582031	753.772338867
1480.98022461	765.845703125
1481.74462891	765.963317871
1482.5090332	773.20489502
1483.2734375	756.967956543
1484.03771973	774.819641113
1484.80212402	777.14074707
1485.56652832	790.588684082
1486.33093262	737.749145508
1487.09533691	756.529174805
1487.85974121	745.583007813
1488.62414551	767.765441895
1489.3885498	775.948120117
1490.15283203	763.507324219
1490.91723633	769.101867676
1491.68164063	778.36505127
1492.44604492	776.895874023
1493.21044922	757.519165039
1493.97485352	767.443847656
1494.73925781	779.666687012
1495.50354004	777.639465332
1496.26794434	775.196350098
1497.03234863	775.96496582
1497.79675293	777.893127441
1498.56115723	784.380065918
1499.32556152	788.420532227
1500.08996582	772.043334961
1500.85437012	785.921813965
1501.61865234	783.381225586
1502.38305664	777.229736328
1503.14746094	795.134216309
1503.91186523	775.234313965
1504.67626953	762.161071777
1505.44067383	788.531494141
1506.20507813	792.526306152
1506.96948242	780.405029297
1507.73376465	803.203857422
1508.49816895	796.905761719
1509.26257324	794.60546875
1510.02697754	793.563476563
1510.79138184	778.399475098
1511.55578613	790.539306641
1512.32019043	793.879760742
1513.08447266	798.097106934
1513.84887695	796.750244141
1514.61328125	789.130004883
1515.37768555	786.834228516
1516.14208984	797.56842041
1516.90649414	816.013793945
1517.67089844	820.117370605
1518.43530273	818.566223145
1519.19958496	805.591308594
1519.96398926	803.277160645
1520.72839355	828.886779785
1521.49279785	838.633117676
1522.25720215	813.449035645
1523.02160645	834.83026123
1523.78601074	836.614562988
1524.55041504	832.598632813
1525.31469727	817.535095215
1526.07910156	824.997802734
1526.84350586	855.594055176
1527.60791016	860.437133789
1528.37231445	858.622253418
1529.13671875	862.29486084
1529.90112305	853.909118652
1530.66552734	869.427185059
1531.42980957	865.059265137
1532.19421387	872.728210449
1532.95861816	887.729125977
1533.72302246	884.509765625
1534.48742676	907.359802246
1535.25183105	919.856079102
1536.01623535	919.140136719
1536.78051758	901.821166992
1537.54492188	897.067443848
1538.30932617	904.955627441
1539.07373047	939.573425293
1539.83813477	926.714050293
1540.60253906	951.269470215
1541.36694336	944.638305664
1542.13134766	970.411010742
1542.89562988	972.485717773
1543.66003418	960.472290039
1544.42443848	974.619384766
1545.18884277	992.430786133
1545.95324707	1012.56671143
1546.71765137	1014.60076904
1547.48205566	1014.08026123
1548.24645996	1026.99047852
1549.01074219	1024.08544922
1549.77514648	1045.91845703
1550.53955078	1048.12365723
1551.30395508	1067.05664063
1552.06835938	1088.70178223
1552.83276367	1085.58300781
1553.59716797	1127.8001709
1554.3614502	1103.10180664
1555.12585449	1134.7824707
1555.89025879	1154.75708008
1556.65466309	1160.71875
1557.41906738	1190.58374023
1558.18347168	1184.18859863
1558.94787598	1173.84838867
1559.71228027	1173.14111328
1560.4765625	1176.3939209
1561.2409668	1167.50134277
1562.00537109	1206.3963623
1562.76977539	1244.13427734
1563.53417969	1232.8203125
1564.29858398	1244.67651367
1565.06298828	1257.93017578
1565.82739258	1241.21337891
1566.5916748	1257.22949219
1567.3560791	1275.26733398
1568.1204834	1289.09851074
1568.8848877	1303.7923584
1569.64929199	1317.04785156
1570.41369629	1326.54980469
1571.17810059	1332.07910156
1571.94250488	1337.13928223
1572.70678711	1378.63708496
1573.47119141	1377.59741211
1574.2355957	1386.11779785
1575	1415.9095459
1575.7644043	1399.7520752
1576.52880859	1420.32971191
1577.29321289	1393.6862793
1578.05749512	1414.75317383
1578.82189941	1412.33508301
1579.58630371	1475.17822266
1580.35070801	1438.72888184
1581.1151123	1463.58947754
1581.8795166	1446.39892578
1582.6439209	1466.37243652
1583.4083252	1447.87414551
1584.17260742	1440.84265137
1584.93701172	1450.71057129
1585.70141602	1463.60791016
1586.46582031	1471.77392578
1587.23022461	1463.32763672
1587.99462891	1461.10339355
1588.7590332	1465.26708984
1589.5234375	1455.16027832
1590.28771973	1480.07189941
1591.05212402	1465.92980957
1591.81652832	1452.48022461
1592.58093262	1439.63781738
1593.34533691	1443.765625
1594.10974121	1436.53369141
1594.87414551	1443.80334473
1595.6385498	1412.52246094
1596.40283203	1418.19445801
1597.16723633	1427.3067627
1597.93164063	1421.54150391
1598.69604492	1398.26000977
1599.46044922	1396.07312012
1600.22485352	1386.68945313
1600.98925781	1382.38085938
1601.75354004	1359.9354248
1602.51794434	1363.09436035
1603.28234863	1347.72644043
1604.04675293	1364.65209961
1604.81115723	1312.28955078
1605.57556152	1324.80773926
1606.33996582	1308.01867676
1607.10437012	1308.43151855
1607.86865234	1290.92419434
1608.63305664	1276.12097168
1609.39746094	1265.2064209
1610.16186523	1245.31445313
1610.92626953	1238.80444336
1611.69067383	1219.5645752
1612.45507813	1196.04931641
1613.21948242	1187.45532227
1613.98376465	1164.15148926
1614.74816895	1143.47583008
1615.51257324	1145.11242676
1616.27697754	1099.53125
1617.04138184	1079.36828613
1617.80578613	1075.94885254
1618.57019043	1077.58093262
1619.33447266	1050.4753418
1620.09887695	1030.89746094
1620.86328125	1005.26733398
1621.62768555	969.111938477
1622.39208984	950.781311035
1623.15649414	941.413696289
1623.92089844	926.05480957
1624.68530273	907.133911133
1625.44958496	907.863586426
1626.21398926	890.148498535
1626.97839355	859.607666016
1627.74279785	851.578063965
1628.50720215	825.995422363
1629.27160645	816.583374023
1630.03601074	781.400695801
1630.80041504	764.667053223
1631.56469727	773.705810547
1632.32910156	764.541442871
1633.09350586	733.416442871
1633.85791016	730.212097168
1634.62231445	721.760253906
1635.38671875	704.475524902
1636.15112305	692.221740723
1636.91552734	683.909667969
1637.67980957	668.538269043
1638.44421387	654.000061035
1639.20861816	632.67980957
1639.97302246	626.123352051
1640.73742676	609.618713379
1641.50183105	600.104919434
1642.26623535	591.341064453
1643.03051758	585.867492676
1643.79492188	584.57409668
1644.55932617	562.91015625
1645.32373047	555.453796387
1646.08813477	537.715454102
1646.85253906	528.585144043
1647.61694336	541.437316895
1648.38134766	515.548706055
1649.14562988	511.849304199
1649.91003418	506.977172852
1650.67443848	492.758392334
1651.43884277	497.084197998
1652.20324707	484.270568848
1652.96765137	469.849395752
1653.73205566	452.072387695
1654.49645996	443.727142334
1655.26074219	451.499816895
1656.02514648	454.62789917
1656.78955078	431.055847168
1657.55395508	430.574157715
1658.31835938	413.953033447
1659.08276367	417.768920898
1659.84716797	405.945678711
1660.6114502	407.605438232
1661.37585449	397.929748535
1662.14025879	388.997161865
1662.90466309	382.886993408
1663.66906738	378.026885986
1664.43347168	365.89074707
1665.19787598	364.144439697
1665.96228027	358.960662842
1666.7265625	362.230041504
1667.4909668	355.50592041
1668.25537109	358.804290771
1669.01977539	351.92565918
1669.78417969	335.477905273
1670.54858398	332.07598877
1671.31298828	332.819580078
1672.07739258	326.066802979
1672.8416748	316.528503418
1673.6060791	323.761383057
1674.3704834	322.030731201
1675.1348877	316.184936523
1675.89929199	311.574005127
1676.66369629	304.985931396
1677.42810059	301.325714111
1678.19250488	306.296112061
1678.95678711	290.644561768
1679.72119141	289.858337402
1680.4855957	287.655822754
1681.25	290.375091553
1682.0144043	285.134216309
1682.77880859	286.496368408
1683.54321289	280.012908936
1684.30749512	277.21081543
1685.07189941	273.719940186
1685.83630371	279.065856934
1686.60070801	272.924682617
1687.3651123	265.154449463
1688.1295166	262.92980957
1688.8939209	255.731750488
1689.6583252	271.578308105
1690.42260742	258.886352539
1691.18701172	255.974411011
1691.95141602	252.228744507
1692.71582031	258.528442383
1693.48022461	255.078536987
1694.24462891	244.673095703
1695.0090332	237.896347046
1695.7734375	247.589141846
1696.53771973	254.728042603
1697.30212402	248.778320313
1698.06652832	240.330535889
1698.83093262	236.661834717
1699.59533691	229.122558594
1700.35974121	235.638397217
1701.12414551	237.219161987
1701.8885498	236.380447388
1702.65283203	237.563217163
1703.41723633	228.225234985
1704.18164063	238.319412231
1704.94604492	232.406646729
1705.71044922	243.138565063
1706.47485352	234.736755371
1707.23925781	227.636062622
1708.00354004	226.208892822
1708.76794434	225.01083374
1709.53234863	224.41897583
1710.29675293	219.906723022
1711.06115723	225.87538147
1711.82556152	223.450637817
1712.58996582	216.888031006
1713.35437012	209.677963257
1714.11865234	209.482116699
1714.88305664	212.847259521
1715.64746094	210.188858032
1716.41186523	212.448654175
1717.17626953	225.504013062
1717.94067383	219.008178711
1718.70507813	214.869384766
1719.46948242	215.036010742
1720.23376465	209.479034424
1720.99816895	208.187561035
1721.76257324	204.752761841
1722.52697754	207.27041626
1723.29138184	206.586914063
1724.05578613	218.032958984
1724.82019043	215.839401245
1725.58447266	210.435501099
1726.34887695	208.291732788
1727.11328125	216.89680481
1727.87768555	201.735992432
1728.64208984	206.613342285
1729.40649414	204.483062744
1730.17089844	204.852828979
1730.93530273	202.439926147
1731.69958496	202.914337158
1732.46398926	205.364242554
1733.22839355	213.588928223
1733.99279785	210.125411987
1734.75720215	208.132827759
1735.52160645	207.509674072
1736.28601074	194.537368774
1737.05041504	204.006286621
1737.81469727	195.102203369
1738.57910156	203.548873901
1739.34350586	200.107452393
1740.10791016	208.08430481
1740.87231445	196.118347168
1741.63671875	204.285919189
1742.40112305	201.702194214
1743.16552734	194.34236145
1743.92980957	196.72416687
1744.69421387	201.083374023
1745.45861816	193.484176636
1746.22302246	190.369216919
1746.98742676	193.212799072
1747.75183105	196.071624756
1748.51623535	183.918121338
1749.28051758	189.703292847
1750.04492188	193.058914185
1750.80932617	188.826965332
1751.57373047	179.381896973
1752.33813477	185.237106323
1753.10253906	190.213577271
1753.86694336	185.616271973
1754.63134766	191.518035889
1755.39562988	189.960388184
1756.16003418	192.40057373
1756.92443848	193.933990479
1757.68884277	183.960128784
1758.45324707	189.200469971
1759.21765137	191.76121521
1759.98205566	188.043624878
1760.74645996	179.477371216
1761.51074219	188.124694824
1762.27514648	193.000198364
1763.03955078	182.502670288
1763.80395508	183.354995728
1764.56835938	185.936676025
1765.33276367	185.510559082
1766.09716797	189.836410522
1766.8614502	190.776550293
1767.62585449	180.333938599
1768.39025879	185.598297119
1769.15466309	185.980026245
1769.91906738	179.268722534
1770.68347168	185.920913696
1771.44787598	184.838409424
1772.21228027	186.346099854
1772.9765625	195.030944824
1773.7409668	187.01574707
1774.50537109	179.863006592
1775.26977539	182.632659912
1776.03417969	187.285247803
1776.79858398	177.405899048
1777.56298828	182.547729492
1778.32739258	175.732620239
1779.0916748	191.74420166
1779.8560791	190.76222229
1780.6204834	190.80355835
1781.3848877	199.311431885
1782.14929199	187.378204346
1782.91369629	178.943405151
1783.67810059	183.652252197
1784.44250488	181.560012817
1785.20678711	180.62663269
1785.97119141	174.549560547
1786.7355957	167.821014404
1787.5	175.520828247
1788.2644043	183.805984497
1789.02880859	179.399993896
1789.79321289	176.47795105
1790.55749512	178.510025024
1791.32189941	175.577194214
1792.08630371	176.137115479
1792.85070801	180.692352295
1793.6151123	179.334701538
1794.3795166	180.606689453
1795.1439209	172.962646484
1795.9083252	174.972167969
1796.67260742	171.852005005
1797.43701172	185.114639282
1798.20141602	181.954101563
1798.96582031	181.404373169
1799.73022461	182.92024231
1800.49462891	180.813583374
1801.2590332	186.359451294
1802.0234375	188.664916992
1802.78771973	182.745864868
1803.55212402	190.110778809
1804.31652832	180.691314697
1805.08093262	185.608810425
1805.84533691	179.849822998
1806.60974121	170.450286865
1807.37414551	169.368133545
1808.1385498	176.151687622
1808.90283203	180.114044189
1809.66723633	175.940841675
1810.43164063	172.256774902
1811.19604492	178.053985596
1811.96044922	185.319610596
1812.72485352	159.400466919
1813.48925781	185.687805176
1814.25354004	166.398513794
1815.01794434	168.071594238
1815.78234863	178.218658447
1816.54675293	172.276947021
1817.31115723	166.416931152
1818.07556152	180.06729126
1818.83996582	173.055862427
1819.60437012	171.156265259
1820.36865234	187.61378479
1821.13305664	181.95135498
1821.89746094	178.4815979
1822.66186523	168.020446777
1823.42626953	178.959686279
1824.19067383	178.1434021
1824.95507813	185.100189209
1825.71948242	178.876373291
1826.48376465	166.649627686
1827.24816895	172.033752441
1828.01257324	178.646316528
1828.77697754	174.607894897
1829.54138184	188.853805542
1830.30578613	182.817886353
1831.07019043	166.558273315
1831.83447266	171.145309448
1832.59887695	175.639938354
1833.36328125	175.378311157
1834.12768555	168.558914185
1834.89208984	171.503662109
1835.65649414	171.623596191
1836.42089844	178.256866455
1837.18530273	174.138824463
1837.94958496	180.472076416
1838.71398926	165.68989563
1839.47839355	171.333786011
1840.24279785	165.9503479
1841.00720215	172.89453125
1841.77160645	177.797821045
1842.53601074	180.574859619
1843.30041504	187.670211792
1844.06469727	178.733200073
1844.82910156	177.875411987
1845.59350586	191.875274658
1846.35791016	169.801086426
1847.12231445	175.737335205
1847.88671875	184.563461304
1848.65112305	178.375778198
1849.41552734	163.469985962
1850.17980957	169.735992432
1850.94421387	168.948928833
1851.70861816	178.75428772
1852.47302246	174.903366089
1853.23742676	173.0103302
1854.00183105	167.653121948
1854.76623535	183.861557007
1855.53051758	178.745513916
1856.29492188	181.31741333
1857.05932617	174.390762329
1857.82373047	171.551513672
1858.58813477	170.067840576
1859.35253906	171.17048645
1860.11694336	168.508758545
1860.88134766	182.256393433
1861.64562988	174.046737671
1862.41003418	175.247665405
1863.17443848	160.511779785
1863.93884277	168.15184021
1864.70324707	169.849822998
1865.46765137	169.817947388
1866.23205566	178.647659302
1866.99645996	168.800964355
1867.76074219	168.648239136
1868.52514648	164.151580811
1869.28955078	180.749526978
1870.05395508	166.356628418
1870.81835938	169.286743164
1871.58276367	158.756286621
1872.34716797	170.498947144
1873.1114502	175.047927856
1873.87585449	173.120452881
1874.64025879	163.930267334
1875.40466309	165.75881958
1876.16906738	169.299911499
1876.93347168	168
1877.69787598	171.455047607
1878.46228027	183.045547485
1879.2265625	174.540924072
1879.9909668	165.81817627
1880.75537109	163.362716675
1881.51977539	173.326400757
1882.28417969	166.593276978
1883.04858398	162.806610107
1883.81298828	166.869430542
1884.57739258	177.131439209
1885.3416748	169.758758545
1886.1060791	162.416366577
1886.8704834	166.031677246
1887.6348877	165.363967896
1888.39929199	169.612670898
1889.16369629	164.912216187
1889.92810059	164.80871582
1890.69250488	166.924713135
1891.45678711	165.57434082
1892.22119141	165.964935303
1892.9855957	153.928253174
1893.75	164.125
1894.5144043	162.144500732
1895.27880859	162.492370605
1896.04321289	166.358383179
1896.80749512	171.067840576
1897.57189941	164.693344116
1898.33630371	154.372955322
1899.10070801	158.699493408
1899.8651123	172.626174927
1900.6295166	159.206817627
1901.3939209	162.251495361
1902.1583252	170.177825928
1902.92260742	172.889770508
1903.68701172	162.9012146
1904.45141602	163.832550049
1905.21582031	170.617324829
1905.98022461	175.665405273
1906.74462891	164.701644897
1907.5090332	163.510772705
1908.2734375	160.324279785
1909.03771973	167.537506104
1909.80212402	167.138824463
1910.56652832	174.984268188
1911.33093262	171.03276062
1912.09533691	165.76864624
1912.85974121	167.592193604
1913.62414551	161.370513916
1914.3885498	167.516448975
1915.15283203	164.693435669
1915.91723633	168.081573486
1916.68164063	164.251495361
1917.44604492	166.909576416
1918.21044922	161.600006104
1918.97485352	149.9737854
1919.73925781	157.4168396
1920.50354004	159.302139282
1921.26794434	164.762893677
1922.03234863	165.21270752
1922.79675293	172.101150513
1923.56115723	175.455993652
1924.32556152	158.148498535
1925.08996582	166.406906128
1925.85437012	163.762313843
1926.61865234	164.711364746
1927.38305664	168.159591675
1928.14746094	159.144042969
1928.91186523	162.165649414
1929.67626953	164.975662231
1930.44067383	165.518386841
1931.20507813	166.425201416
1931.96948242	158.219940186
1932.73376465	165.276733398
1933.49816895	149.350982666
1934.26257324	159.913284302
1935.02697754	160.850860596
1935.79138184	170.596237183
1936.55578613	162.747833252
1937.32019043	162.023681641
1938.08447266	155.337493896
1938.84887695	147.514938354
1939.61328125	164.540466309
1940.37768555	162.304672241
1941.14208984	165.319915771
1941.90649414	159
1942.67089844	157.160629272
1943.43530273	159.458648682
1944.19958496	165.677215576
1944.96398926	158.181304932
1945.72839355	155.373748779
1946.49279785	158.220016479
1947.25720215	165.828704834
1948.02160645	159.202194214
1948.78601074	162.383422852
1949.55041504	159.986206055
1950.31469727	153.97593689
1951.07910156	165.428390503
1951.84350586	157.437042236
1952.60791016	156.79649353
1953.37231445	160.651702881
1954.13671875	162.936691284
1954.90112305	166.929992676
1955.66552734	165.791107178
1956.42980957	167.299072266
1957.19421387	152.978164673
1957.95861816	159.803527832
1958.72302246	157.073577881
1959.48742676	152.104568481
1960.25183105	173.246170044
1961.01623535	157.817398071
1961.78051758	172.699523926
1962.54492188	163.808273315
1963.30932617	161.971343994
1964.07373047	171.508758545
1964.83813477	164.138504028
1965.60253906	161.609512329
1966.36694336	163.429260254
1967.13134766	155.541366577
1967.89562988	159.179855347
1968.66003418	162.037368774
1969.42443848	162.358016968
1970.18884277	172.622268677
1970.95324707	156.212966919
1971.71765137	168.677597046
1972.48205566	162.280593872
1973.24645996	163.860961914
1974.01074219	163.917617798
1974.77514648	156.694152832
1975.53955078	158.71182251
1976.30395508	165.024154663
1977.06835938	148.390579224
1977.83276367	156.806411743
1978.59716797	177.633789063
1979.3614502	162.101531982
1980.12585449	164.820373535
1980.89025879	166.559890747
1981.65466309	171.137313843
1982.41906738	166.953903198
1983.18347168	159.35736084
1983.94787598	161.58039856
1984.71228027	178.144165039
1985.4765625	164.553436279
1986.2409668	158.367782593
1987.00537109	157.067718506
1987.76977539	166.577804565
1988.53417969	167.326766968
1989.29858398	168.765792847
1990.06298828	161.144134521
1990.82739258	163.501342773
1991.5916748	163.704040527
1992.3560791	171.615112305
1993.1204834	169.45401001
1993.8848877	162.943145752
1994.64929199	162.61277771
1995.41369629	157.802520752
1996.17810059	159.680175781
1996.94250488	164.712631226
1997.70678711	164.833023071
1998.47119141	172.182281494
1999.2355957	170.234512329
2000	165.330245972
