300	347.428314209
300.764373779	365.475402832
301.528778076	363.7940979
302.293151855	366.151580811
303.057556152	363.459136963
303.821929932	367.602294922
304.586334229	375.730895996
305.350708008	366.818603516
306.115112305	350.277130127
306.879486084	361.928192139
307.643890381	355.593688965
308.40826416	346.546569824
309.172668457	344.628570557
309.937042236	356.869812012
310.701446533	364.304107666
311.465820313	345.611022949
312.230224609	346.385131836
312.994598389	367.662506104
313.759002686	363.843841553
314.523376465	360.326080322
315.287780762	355.164794922
316.052154541	348.590911865
316.816558838	348.274291992
317.580932617	356.869567871
318.345336914	353.22253418
319.109710693	357.305847168
319.87411499	347.271087646
320.63848877	352.094604492
321.402862549	348.125610352
322.167266846	343.997955322
322.931640625	349.810272217
323.696044922	356.454772949
324.460418701	353.644927979
325.224822998	348.391418457
325.989196777	339.606018066
326.753601074	348.682281494
327.517974854	338.960784912
328.28237915	339.051544189
329.04675293	356.334960938
329.811157227	360.674377441
330.575531006	352.113311768
331.339935303	345.672912598
332.104309082	334.239471436
332.868713379	337.197418213
333.633087158	338.160369873
334.397491455	338.728393555
335.161865234	343.655090332
335.926269531	344.516601563
336.690643311	326.007019043
337.455047607	331.865875244
338.219421387	355.70300293
338.983825684	338.831268311
339.748199463	342.392547607
340.51260376	342.095062256
341.276977539	332.927307129
342.041381836	332.519714355
342.805755615	340.393859863
343.570129395	342.885772705
344.334533691	333.504669189
345.098907471	352.60345459
345.863311768	359.316040039
346.627685547	348.203552246
347.392089844	339.2265625
348.156463623	335.899963379
348.92086792	325.46875
349.685241699	335.72479248
350.449645996	330.737762451
351.214019775	321.167053223
351.978424072	320.377990723
352.742797852	336.978210449
353.507202148	338.151367188
354.271575928	332.424530029
355.035980225	344.352233887
355.800354004	334.330780029
356.564758301	343.724487305
357.32913208	327.432556152
358.093536377	322.206420898
358.857910156	322.364898682
359.622314453	320.667236328
360.386688232	317.060668945
361.151092529	317.026672363
361.915466309	323.830780029
362.679870605	330.380828857
363.444244385	320.957611084
364.208618164	331.34954834
364.973022461	336.353179932
365.73739624	327.137573242
366.501800537	330.700866699
367.266174316	335.281036377
368.030578613	318.174713135
368.794952393	336.076416016
369.559356689	326.646850586
370.323730469	326.333343506
371.088134766	320.455963135
371.852508545	324.721923828
372.616912842	328.331634521
373.381286621	322.081298828
374.145690918	313.204559326
374.910064697	314.768737793
375.674468994	315.892059326
376.438842773	329.75201416
377.20324707	326.448913574
377.96762085	308.146026611
378.732025146	316.741363525
379.496398926	327.327148438
380.260803223	325.559997559
381.025177002	324.499542236
381.789581299	322.339569092
382.553955078	346.47769165
383.318359375	319.436004639
384.082733154	319.485748291
384.847137451	323.913085938
385.61151123	325.131866455
386.37588501	325.365753174
387.140289307	326.333374023
387.904663086	325.322692871
388.669067383	322.255584717
389.433441162	337.020629883
390.197845459	316.768066406
390.962219238	320.577301025
391.726623535	320.449615479
392.490997314	313.466644287
393.255401611	311.319549561
394.019775391	315.356292725
394.784179688	314.261779785
395.548553467	317.707458496
396.312957764	324.504425049
397.077331543	323.081939697
397.84173584	328.572875977
398.606109619	321.074523926
399.370513916	317.870941162
400.134887695	320.312347412
400.899291992	316.286773682
401.663665771	311.527801514
402.428070068	312.886627197
403.192443848	318.801635742
403.956848145	324.986358643
404.721221924	313.824127197
405.485626221	307.945068359
406.25	311.895996094
407.014373779	312.126861572
407.778778076	304.742858887
408.543151855	306.503692627
409.307556152	303.333343506
410.071929932	303.333343506
410.836334229	312.945281982
411.600708008	312.575286865
412.365112305	308.637695313
413.129486084	304.643188477
413.893890381	306.967803955
414.65826416	312.068878174
415.422668457	303.202178955
416.187042236	311.160919189
416.951446533	317.084747314
417.715820313	304.844970703
418.480224609	299.130310059
419.244598389	315.050415039
420.009002686	316.808685303
420.773376465	301.385498047
421.537780762	298.765869141
422.302154541	309.14831543
423.066558838	304.353149414
423.830932617	314.455535889
424.595336914	305.589172363
425.359710693	295.599487305
426.12411499	307.993286133
426.88848877	303.463928223
427.652862549	295.974243164
428.417266846	307.931732178
429.181640625	304.263427734
429.946044922	319.543334961
430.710418701	311.217498779
431.474822998	301.247558594
432.239196777	304.152404785
433.003601074	304.769744873
433.767974854	310.089538574
434.53237915	312.941741943
435.29675293	307.946746826
436.061157227	304.079864502
436.825531006	291
437.589935303	291
438.354309082	303.335205078
439.118713379	296.563964844
439.883087158	294.525299072
440.647491455	288.735198975
441.411865234	287.203918457
442.176269531	295.026824951
442.940643311	295.977233887
443.705047607	279.877868652
444.469421387	287.013366699
445.233825684	290.884979248
445.998199463	291.596679688
446.76260376	283.690612793
447.526977539	302.323486328
448.291381836	315.054992676
449.055755615	305.039764404
449.820129395	293.631439209
450.584533691	289.597229004
451.348907471	283.666656494
452.113311768	283.666656494
452.877685547	292.853088379
453.642089844	290.776550293
454.406463623	292.867858887
455.17086792	305.734191895
455.935241699	308.749511719
456.699645996	294.768859863
457.464019775	290.235137939
458.228424072	306.892669678
458.992797852	284.821166992
459.757202148	290.901947021
460.521575928	294.286529541
461.285980225	291.82220459
462.050354004	290.525817871
462.814758301	289.245819092
463.57913208	282.871795654
464.343536377	282.786895752
465.107910156	302.256591797
465.872314453	286.352478027
466.636688232	286.650970459
467.401092529	276.74319458
468.165466309	286.696990967
468.929870605	287.017669678
469.694244385	285.180206299
470.458618164	287.375396729
471.223022461	289.66506958
471.98739624	290.080413818
472.751800537	291.033447266
473.516174316	273.625366211
474.280578613	283.807678223
475.044952393	285.21383667
475.809356689	276.945983887
476.573730469	273.872039795
477.338134766	277.939880371
478.102508545	278.089782715
478.866912842	274.347076416
479.631286621	277.819030762
480.395690918	278.987701416
481.160064697	273.415435791
481.924468994	285.076934814
482.688842773	268.948699951
483.45324707	266.070068359
484.21762085	272.076721191
484.982025146	275.500183105
485.746398926	267.907836914
486.510803223	259.740081787
487.275177002	266.277191162
488.039581299	265.045440674
488.803955078	280.943237305
489.568359375	278.907653809
490.332733154	281.58102417
491.097137451	273.074127197
491.86151123	264.243103027
492.62588501	270.402038574
493.390289307	272.887359619
494.154663086	258.74911499
494.919067383	253.874725342
495.683441162	264.765686035
496.447845459	256.359954834
497.212219238	272.195556641
497.976623535	268.67578125
498.740997314	268.499145508
499.505401611	262.195404053
500.269775391	267.026123047
501.034179688	265.064300537
501.798553467	252.28968811
502.562957764	260.642547607
503.327331543	257.493499756
504.09173584	253.330032349
504.856109619	253.029556274
505.620513916	267.360717773
506.384887695	263.283966064
507.149291992	259.098114014
507.913665771	265.270690918
508.678070068	262.802246094
509.442443848	254.986663818
510.206848145	258.790100098
510.971221924	243.913101196
511.735626221	263.430999756
512.5	266.137481689
513.264404297	262.697479248
514.028747559	262.247283936
514.793151855	270.278656006
515.557556152	260.965667725
516.321960449	247.859817505
517.086303711	248.271514893
517.850708008	253.432479858
518.615112305	256.076629639
519.379516602	262.477050781
520.143859863	251.040252686
520.90826416	256.504394531
521.672668457	259.670532227
522.437072754	253.494262695
523.201416016	252.684967041
523.965820313	252.363571167
524.730224609	256.15725708
525.494628906	263.393096924
526.258972168	257.734313965
527.023376465	249.019958496
527.787780762	238.884246826
528.552185059	250.963409424
529.31652832	253.932662964
530.080932617	257.996612549
530.845336914	261.460784912
531.609741211	252.684356689
532.374084473	244.633865356
533.13848877	250.701965332
533.902893066	262.829284668
534.667236328	265.537139893
535.431640625	254.625976563
536.196044922	270.342468262
536.960449219	254.977386475
537.72479248	268.369384766
538.489196777	258.56262207
539.253601074	264.999511719
540.018005371	266.493865967
540.782348633	257.808441162
541.54675293	249.630859375
542.311157227	245.649658203
543.075561523	263.666809082
543.839904785	261.649902344
544.604309082	261.347381592
545.368713379	257.871307373
546.133117676	260.941589355
546.897460938	256.778991699
547.661865234	252.174133301
548.426269531	248.348220825
549.190673828	249.913391113
549.95501709	257.235198975
550.719421387	262.454864502
551.483825684	267.612548828
552.24822998	260.41293335
553.012573242	254.660079956
553.776977539	245.192993164
554.541381836	254.383010864
555.305725098	262.622009277
556.070129395	265.585235596
556.834533691	256.119415283
557.598937988	255.288513184
558.36328125	268.162109375
559.127685547	262.464019775
559.892089844	251.336746216
560.656494141	267.012695313
561.420837402	274.608428955
562.185241699	270.113128662
562.949645996	265.207244873
563.714050293	253.745254517
564.478393555	263.830474854
565.242797852	265.262634277
566.007202148	257.773193359
566.771606445	258.139923096
567.535949707	257.404510498
568.300354004	262.852783203
569.064758301	261.48614502
569.829162598	253.598739624
570.593505859	251.2762146
571.357910156	259.999511719
572.122314453	268.207458496
572.88671875	263.676696777
573.651062012	272.536529541
574.415466309	274.952606201
575.179870605	263.587585449
575.944274902	264.490142822
576.708618164	267.460662842
577.473022461	281.827789307
578.237426758	262.985992432
579.00177002	256.912658691
579.766174316	261.841033936
580.530578613	263
581.29498291	274.535858154
582.059326172	275.757171631
582.823730469	268.328491211
583.588134766	259.768615723
584.352539063	259.376037598
585.116882324	274.447875977
585.881286621	273.976226807
586.645690918	276.264434814
587.410095215	281.443695068
588.174438477	279.91708374
588.938842773	266.517028809
589.70324707	279.409851074
590.467651367	273.363525391
591.231994629	259.658477783
591.996398926	262.257446289
592.760803223	273.953643799
593.52520752	277.080780029
594.289550781	274.920593262
595.053955078	276.385986328
595.818359375	279.59954834
596.582763672	276.549530029
597.347106934	265.564147949
598.11151123	266.47265625
598.875915527	271.643035889
599.640258789	275.657287598
600.404663086	274.603668213
601.169067383	267.186126709
601.93347168	258.726013184
602.697814941	255.0599823
603.462219238	257.853149414
604.226623535	277.562225342
604.991027832	263.733673096
605.755371094	270.145202637
606.519775391	263.637634277
607.284179688	269.172546387
608.048583984	281.699127197
608.812927246	272.221282959
609.577331543	263.52545166
610.34173584	266.37979126
611.106140137	265.321472168
611.870483398	262.763427734
612.634887695	274.530731201
613.399291992	279.607147217
614.163696289	276.005004883
614.928039551	276.311340332
615.692443848	274.34753418
616.456848145	282.212280273
617.221252441	267.938262939
617.985595703	266.999694824
618.75	269.231445313
619.514404297	259.343048096
620.278747559	253.920089722
621.043151855	263.033172607
621.807556152	266.939697266
622.571960449	271.643432617
623.336303711	269.129211426
624.100708008	272.195617676
624.865112305	265.028442383
625.629516602	260.01776123
626.393859863	265.449645996
627.15826416	271.821380615
627.922668457	273.814697266
628.687072754	272.240936279
629.451416016	267.368988037
630.215820313	265.601623535
630.980224609	274.088378906
631.744628906	276.406463623
632.508972168	265.746124268
633.273376465	282.322692871
634.037780762	280.191101074
634.802185059	275.805236816
635.56652832	279.053710938
636.330932617	276.245574951
637.095336914	283.773406982
637.859741211	284.935668945
638.624084473	280.778656006
639.38848877	279.376831055
640.152893066	272.923217773
640.917236328	269.05380249
641.681640625	281.702178955
642.446044922	273.557617188
643.210449219	277.245452881
643.97479248	277.333343506
644.739196777	268.291168213
645.503601074	279.727966309
646.268005371	281.001647949
647.032348633	275.989593506
647.79675293	279.827697754
648.561157227	281.889465332
649.325561523	275.805419922
650.089904785	277.985656738
650.854309082	290.167724609
651.618713379	293.635955811
652.383117676	286.597595215
653.147460938	285.364105225
653.911865234	290.133056641
654.676269531	286.551483154
655.440673828	274.446594238
656.20501709	284.775115967
656.969421387	292.064361572
657.733825684	303.619934082
658.49822998	311.18572998
659.262573242	295.989715576
660.026977539	283.739349365
660.791381836	300.660919189
661.555725098	295.627502441
662.320129395	300.632720947
663.084533691	291.393768311
663.848937988	290.719848633
664.61328125	289.540771484
665.377685547	276.235198975
666.142089844	279.749603271
666.906494141	284.03515625
667.670837402	279.919830322
668.435241699	285.623291016
669.199645996	292.345581055
669.964050293	287.310180664
670.728393555	288.154663086
671.492797852	287.055938721
672.257202148	296.505493164
673.021606445	283.72958374
673.785949707	285.584106445
674.550354004	305.750915527
675.314758301	289.35244751
676.079162598	287.463928223
676.843505859	284.336578369
677.607910156	286.489837646
678.372314453	294.896026611
679.13671875	300.149780273
679.901062012	294.550262451
680.665466309	289.882141113
681.429870605	295.170623779
682.194274902	282.504943848
682.958618164	314.037353516
683.723022461	290.435852051
684.487426758	278.366882324
685.25177002	279.124267578
686.016174316	296.197418213
686.780578613	298.138336182
687.54498291	294.912200928
688.309326172	301.716888428
689.073730469	306.468109131
689.838134766	305.966156006
690.602539063	297.256225586
691.366882324	286.839630127
692.131286621	292.744995117
692.895690918	281.324035645
693.660095215	292.318725586
694.424438477	286.187072754
695.188842773	292.692840576
695.95324707	293.885650635
696.717651367	287.734313965
697.481994629	299.787109375
698.246398926	297.561553955
699.010803223	289.870941162
699.77520752	280.167694092
700.539550781	288.763092041
701.303955078	303.392456055
702.068359375	298.786468506
702.832763672	295.034454346
703.597106934	295.179595947
704.36151123	290.348937988
705.125915527	308.572296143
705.890258789	301.748016357
706.654663086	313.956481934
707.419067383	296.810516357
708.18347168	297.593322754
708.947814941	292.679504395
709.712219238	298.134521484
710.476623535	284.856445313
711.241027832	286.058319092
712.005371094	300.191864014
712.769775391	305.851776123
713.534179688	310.160247803
714.298583984	304.012451172
715.062927246	302.776092529
715.827331543	305.95703125
716.59173584	302.937652588
717.356140137	301.695404053
718.120483398	312.312561035
718.884887695	312.486663818
719.649291992	307.908050537
720.413696289	307.858734131
721.178039551	302.91986084
721.942443848	312.430175781
722.706848145	317.031585693
723.471252441	324.271270752
724.235595703	324.505554199
725	308.873077393
725.764404297	322.184112549
726.528747559	322.511657715
727.293151855	313.124694824
728.057556152	311.124084473
728.821960449	302.70703125
729.586303711	320.350982666
730.350708008	317.047363281
731.115112305	328.089447021
731.879516602	317.946563721
732.643859863	328.635192871
733.40826416	322.360778809
734.172668457	324.049133301
734.937072754	326.075561523
735.701416016	317.187927246
736.465820313	312.89163208
737.230224609	314.739196777
737.994628906	326.389862061
738.758972168	321.747833252
739.523376465	310.494995117
740.287780762	326.184875488
741.052185059	314.947753906
741.81652832	317.406066895
742.580932617	326.468597412
743.345336914	311.434173584
744.109741211	319.820007324
744.874084473	330.422607422
745.63848877	323.50289917
746.402893066	315.019287109
747.167236328	322.423309326
747.931640625	334.971832275
748.696044922	336.416625977
749.460449219	325.001373291
750.22479248	311.671386719
750.989196777	324.694335938
751.753601074	320.275085449
752.518005371	335.666473389
753.282348633	329.086334229
754.04675293	326.840423584
754.811157227	320.607849121
755.575561523	343.302459717
756.339904785	339.57208252
757.104309082	331.088470459
757.868713379	330.124053955
758.633117676	340.795715332
759.397460938	338.578216553
760.161865234	330.184265137
760.926269531	328.459136963
761.690673828	329.849975586
762.45501709	344.841461182
763.219421387	354.408599854
763.983825684	369.278778076
764.74822998	334.496948242
765.512573242	339.676330566
766.276977539	339.990142822
767.041381836	343.343383789
767.805725098	331.719268799
768.570129395	333.641723633
769.334533691	341.051422119
770.098937988	344.916412354
770.86328125	339.257049561
771.627685547	343.204406738
772.392089844	356.056640625
773.156494141	363.261779785
773.920837402	359.726470947
774.685241699	349.91293335
775.449645996	343.120452881
776.214050293	347.556427002
776.978393555	364.313293457
777.742797852	339.434143066
778.507202148	340.668182373
779.271606445	347.581420898
780.035949707	343.321075439
780.800354004	350.575073242
781.564758301	339.411529541
782.329162598	345.048034668
783.093505859	346.725830078
783.857910156	356.715240479
784.622314453	350.658966064
785.38671875	343.921936035
786.151062012	349.172302246
786.915466309	357.500610352
787.679870605	356.483337402
788.444274902	348.208190918
789.208618164	354.130706787
789.973022461	358.630004883
790.737426758	363.368530273
791.50177002	360.176391602
792.266174316	346.183563232
793.030578613	350.600585938
793.79498291	348.496398926
794.559326172	339.859863281
795.323730469	364.463745117
796.088134766	362.829986572
796.852539063	362.095703125
797.616882324	349.908843994
798.381286621	362.32409668
799.145690918	365.261901855
799.910095215	367.983581543
800.674438477	369.428253174
801.438842773	364.61529541
802.20324707	369.458831787
802.967651367	362.486846924
803.731994629	366.726654053
804.496398926	358.167419434
805.260803223	351.196655273
806.02520752	370.666656494
806.789550781	370.12298584
807.553955078	348.687072754
808.318359375	373.694335938
809.082763672	354.353973389
809.847106934	372.980712891
810.61151123	354.110565186
811.375915527	355.19720459
812.140258789	368.996734619
812.904663086	371.293640137
813.669067383	370.446594238
814.43347168	371.838684082
815.197814941	368.700073242
815.962219238	372.125396729
816.726623535	377.917236328
817.491027832	368.035888672
818.255371094	370.167114258
819.019775391	368.934082031
819.784179688	359.410980225
820.548583984	368.338745117
821.312927246	376.365966797
822.077331543	358.007598877
822.84173584	372.238586426
823.606140137	373.901123047
824.370483398	385.348602295
825.134887695	385.19720459
825.899291992	360.385253906
826.663696289	368.729888916
827.428039551	377.191650391
828.192443848	380.616210938
828.956848145	380.852294922
829.721252441	384.903839111
830.485595703	392.139038086
831.25	382.086791992
832.014404297	369.291931152
832.778747559	377.521759033
833.543151855	381.352172852
834.307556152	394.894500732
835.071960449	379.549560547
835.836303711	379.215911865
836.600708008	391.996948242
837.365112305	379.489654541
838.129516602	385.528717041
838.893859863	389.083679199
839.65826416	380.204437256
840.422668457	399.087371826
841.187072754	401.154632568
841.951416016	391.749755859
842.715820313	378.68347168
843.480224609	383.659362793
844.244628906	398.119567871
845.008972168	400.99319458
845.773376465	397.651824951
846.537780762	388.774414063
847.302185059	379.473388672
848.06652832	383.779296875
848.830932617	386.415313721
849.595336914	375.036254883
850.359741211	367.544311523
851.124084473	370.046905518
851.88848877	392.556060791
852.652893066	398.003753662
853.417236328	383.713562012
854.181640625	390.131439209
854.946044922	400.322052002
855.710449219	380.358062744
856.47479248	389.210906982
857.239196777	388.99810791
858.003601074	403.412780762
858.768005371	397.887115479
859.532348633	393.965057373
860.29675293	381.39276123
861.061157227	363.547576904
861.825561523	361.839752197
862.589904785	366.175720215
863.354309082	366.817901611
864.118713379	368.362091064
864.883117676	374.037109375
865.647460938	377.48223877
866.411865234	371.044281006
867.176269531	368.588592529
867.940673828	364.233520508
868.70501709	360.190002441
869.469421387	362.71774292
870.233825684	355.03314209
870.99822998	356.089508057
871.762573242	368.677429199
872.526977539	369.315612793
873.291381836	355.649078369
874.055725098	343.682800293
874.820129395	349.984588623
875.584533691	344.06036377
876.348937988	349.241882324
877.11328125	360.528381348
877.877685547	353.490081787
878.642089844	349.096069336
879.406494141	344.505004883
880.170837402	329.893951416
880.935241699	329.178192139
881.699645996	346.639984131
882.464050293	348.195159912
883.228393555	344.965270996
883.992797852	348.515869141
884.757202148	339.12713623
885.521606445	350.496917725
886.285949707	345.209411621
887.050354004	339.64642334
887.814758301	334.347564697
888.579162598	329.156433105
889.343505859	339.238983154
890.107910156	335.434204102
890.872314453	350.842468262
891.63671875	333.213165283
892.401062012	332.666656494
893.165466309	331.772918701
893.929870605	334.518798828
894.694274902	328.747131348
895.458618164	327.333343506
896.223022461	339.902252197
896.987426758	338.253051758
897.75177002	335.224060059
898.516174316	327.047607422
899.280578613	326.077575684
900.04498291	314.269775391
900.809326172	320.223114014
901.573730469	330.757598877
902.338134766	325.069824219
903.102539063	324.246124268
903.866882324	322.156921387
904.631286621	320.789489746
905.395690918	316.728515625
906.160095215	319.74319458
906.924438477	324.180847168
907.688842773	318.191131592
908.45324707	315.528717041
909.217651367	319.639373779
909.981994629	314.730682373
910.746398926	319.803344727
911.510803223	329.466644287
912.27520752	308.582336426
913.039550781	313.323303223
913.803955078	319.08782959
914.568359375	310.389068604
915.332763672	302.603363037
916.097106934	314.966186523
916.86151123	323.922546387
917.625915527	317.501983643
918.390258789	309.957611084
919.154663086	302.709289551
919.919067383	298.247589111
920.68347168	309.302276611
921.447814941	323.5418396
922.212219238	323.397003174
922.976623535	311.086425781
923.741027832	307.787078857
924.505371094	325.809295654
925.269775391	326.030975342
926.034179688	295.9034729
926.798583984	295.875488281
927.562927246	309.484405518
928.327331543	307.896606445
929.09173584	311.101745605
929.856140137	309.934814453
930.620483398	308.112670898
931.384887695	305.126617432
932.149291992	295.04397583
932.913696289	312.929290771
933.678039551	311.345947266
934.442443848	295.51272583
935.206848145	317.470489502
935.971252441	303.817871094
936.735595703	283.798339844
937.5	296.427703857
938.264404297	297.196838379
939.028747559	304.941497803
939.793151855	302.976593018
940.557556152	308.080322266
941.321960449	315.349243164
942.086303711	304.054016113
942.850708008	300.3387146
943.615112305	299.631652832
944.379516602	303.338409424
945.143859863	301.49887085
945.90826416	295.983306885
946.672668457	305.425750732
947.437072754	306.660705566
948.201416016	305.043762207
948.965820313	309.815643311
949.730224609	304.736541748
950.494628906	305.832611084
951.258972168	308.168029785
952.023376465	316.403045654
952.787780762	320.262298584
953.552185059	302.985595703
954.31652832	304.647399902
955.080932617	300.407104492
955.845336914	318.491729736
956.609741211	299.448577881
957.374084473	305.466278076
958.13848877	328.717132568
958.902893066	308.223388672
959.667236328	284.013763428
960.431640625	308.633728027
961.196044922	305.711914063
961.960449219	310.461730957
962.72479248	309.42565918
963.489196777	299.078277588
964.253601074	307.670166016
965.018005371	306.729705811
965.782348633	314.037628174
966.54675293	302.866699219
967.311157227	309.220916748
968.075561523	303.279052734
968.839904785	296.243713379
969.604309082	309.062072754
970.368713379	302.798431396
971.133117676	315.848205566
971.897460938	325.299743652
972.661865234	312.9765625
973.426269531	316.393829346
974.190673828	319.00402832
974.95501709	309.141540527
975.719421387	306.320281982
976.483825684	310.830230713
977.24822998	316.087799072
978.012573242	309.497589111
978.776977539	295.13772583
979.541381836	302.709442139
980.305725098	318.946655273
981.070129395	323.980987549
981.834533691	326.164703369
982.598937988	303.977722168
983.36328125	318.333343506
984.127685547	318.411712646
984.892089844	319.865905762
985.656494141	321.817077637
986.420837402	309.995361328
987.185241699	305.336517334
987.949645996	310.078887939
988.714050293	328.623840332
989.478393555	315.922393799
990.242797852	315.565856934
991.007202148	325.044830322
991.771606445	316.160797119
992.535949707	301.82598877
993.300354004	318.139556885
994.064758301	320.559844971
994.829162598	325.90411377
995.593505859	341.10168457
996.357910156	327.374633789
997.122314453	329.357299805
997.88671875	327.758422852
998.651062012	333.898834229
999.415466309	343.8800354
1000.17987061	338.719970703
1000.9442749	344.26852417
1001.70861816	327.694213867
1002.47302246	315.244628906
1003.23742676	336.814300537
1004.00177002	330.231292725
1004.76617432	328.715087891
1005.53057861	332.213806152
1006.29498291	341.674621582
1007.05932617	346.529815674
1007.82373047	338.418914795
1008.58813477	329.611541748
1009.35253906	342.117340088
1010.11688232	352.906188965
1010.88128662	355.572357178
1011.64569092	355.099121094
1012.41009521	346.248016357
1013.17443848	348.469116211
1013.93884277	350.566925049
1014.70324707	348.935546875
1015.46765137	360.735351563
1016.23199463	357.169219971
1016.99639893	349.47769165
1017.76080322	359.927429199
1018.52520752	368.716827393
1019.28955078	374.333709717
1020.05395508	357.307189941
1020.81835938	364.237548828
1021.58276367	368.324859619
1022.34710693	360.94329834
1023.11151123	354.589813232
1023.87591553	361.570709229
1024.64025879	364.787902832
1025.40466309	368.966796875
1026.16906738	369.557373047
1026.93347168	378.911193848
1027.69787598	371.554931641
1028.46228027	386.355224609
1029.2265625	374.02041626
1029.9909668	373.159484863
1030.75537109	392.845916748
1031.51977539	402.432098389
1032.28417969	388.143859863
1033.04858398	390.81842041
1033.81298828	373.905456543
1034.57739258	367.352386475
1035.3416748	384.418518066
1036.1060791	381.099975586
1036.8704834	380.361755371
1037.6348877	382.852050781
1038.39929199	383.310638428
1039.16369629	404.423583984
1039.92810059	413.567657471
1040.69250488	390.903839111
1041.45678711	395.601959229
1042.22119141	389.459594727
1042.9855957	398.539764404
1043.75	410.111724854
1044.5144043	405.115325928
1045.27880859	398.238861084
1046.04321289	403.936920166
1046.80749512	408.556396484
1047.57189941	403.638824463
1048.33630371	410.923614502
1049.10070801	405.62991333
1049.8651123	408.921661377
1050.6295166	402.745849609
1051.3939209	395.364074707
1052.1583252	393.901947021
1052.92260742	405.348266602
1053.68701172	403.300598145
1054.45141602	392.313720703
1055.21582031	397.836364746
1055.98022461	409.059661865
1056.74462891	413.421478271
1057.5090332	406.923400879
1058.2734375	400.668151855
1059.03771973	406.376739502
1059.80212402	415.96572876
1060.56652832	424.746643066
1061.33093262	416.907196045
1062.09533691	409.010772705
1062.85974121	405.580535889
1063.62414551	407.174377441
1064.3885498	407.94631958
1065.15283203	418.049743652
1065.91723633	422.578216553
1066.68164063	416.195678711
1067.44604492	405.147460938
1068.21044922	405.759429932
1068.97485352	423.064147949
1069.73925781	430.708648682
1070.50354004	422.90234375
1071.26794434	418.992767334
1072.03234863	413.501831055
1072.79675293	414.482696533
1073.56115723	425.223815918
1074.32556152	423.755096436
1075.08996582	425.574645996
1075.85437012	427.020812988
1076.61865234	427.663696289
1077.38305664	419.854614258
1078.14746094	417.788818359
1078.91186523	431.640380859
1079.67626953	426.581756592
1080.44067383	429.204498291
1081.20507813	423.052459717
1081.96948242	430.255584717
1082.73376465	434.074554443
1083.49816895	430.279693604
1084.26257324	427.495330811
1085.02697754	430.131958008
1085.79138184	435.857727051
1086.55578613	442.929962158
1087.32019043	435.367584229
1088.08447266	432.362640381
1088.84887695	436.774475098
1089.61328125	439.101257324
1090.37768555	441.482269287
1091.14208984	446.018920898
1091.90649414	445.696228027
1092.67089844	445.355255127
1093.43530273	446.841949463
1094.19958496	434.661651611
1094.96398926	442.831054688
1095.72839355	451.63671875
1096.49279785	444.895355225
1097.25720215	450.359283447
1098.02160645	451.076446533
1098.78601074	445.668273926
1099.55041504	454.377349854
1100.31469727	455.948150635
1101.07910156	452.056091309
1101.84350586	445.285675049
1102.60791016	446.52835083
1103.37231445	448.333740234
1104.13671875	455.766296387
1104.90112305	442.950561523
1105.66552734	444.898071289
1106.42980957	450.883789063
1107.19421387	470.823303223
1107.95861816	476.261077881
1108.72302246	457.165679932
1109.48742676	442.244354248
1110.25183105	451.816497803
1111.01623535	462.578338623
1111.78051758	463.149139404
1112.54492188	465.772125244
1113.30932617	465.159332275
1114.07373047	458.694091797
1114.83813477	462.533966064
1115.60253906	460.47064209
1116.36694336	453.562469482
1117.13134766	459.563964844
1117.89562988	473.880889893
1118.66003418	472.629547119
1119.42443848	470.491455078
1120.18884277	485.456268311
1120.95324707	492.313415527
1121.71765137	477.662994385
1122.48205566	480.01776123
1123.24645996	488.64352417
1124.01074219	483.607147217
1124.77514648	481.205596924
1125.53955078	485.106414795
1126.30395508	476.072174072
1127.06835938	485.255126953
1127.83276367	479.68069458
1128.59716797	471.54473877
1129.3614502	486.130310059
1130.12585449	473.893890381
1130.89025879	485.22543335
1131.65466309	485.992279053
1132.41906738	496.357849121
1133.18347168	485.939727783
1133.94787598	488.551452637
1134.71228027	494.595733643
1135.4765625	486.966674805
1136.2409668	479.604095459
1137.00537109	501.175262451
1137.76977539	505.900695801
1138.53417969	500.012451172
1139.29858398	489.577514648
1140.06298828	506.590148926
1140.82739258	508.900604248
1141.5916748	516.053405762
1142.3560791	498.634002686
1143.1204834	505.797027588
1143.8848877	492.32019043
1144.64929199	510.005371094
1145.41369629	503.736083984
1146.17810059	511.924407959
1146.94250488	511.692596436
1147.70678711	518.470703125
1148.47119141	533.247375488
1149.2355957	514.223632813
1150	521.606140137
1150.7644043	515.479125977
1151.52880859	526.569152832
1152.29321289	520.39666748
1153.05749512	520.622009277
1153.82189941	519.463378906
1154.58630371	517.285217285
1155.35070801	536.123840332
1156.1151123	543.066345215
1156.8795166	536.300476074
1157.6439209	526.268371582
1158.4083252	528.396179199
1159.17260742	540.516967773
1159.93701172	546.342834473
1160.70141602	541.97869873
1161.46582031	536.157165527
1162.23022461	536.029602051
1162.99462891	532.874511719
1163.7590332	536.016052246
1164.5234375	541.164916992
1165.28771973	531.317932129
1166.05212402	534.438964844
1166.81652832	546.909362793
1167.58093262	546.273986816
1168.34533691	550.954772949
1169.10974121	543.897583008
1169.87414551	553.497619629
1170.6385498	554.872558594
1171.40283203	543.338500977
1172.16723633	555.797790527
1172.93164063	562.760192871
1173.69604492	561.848266602
1174.46044922	545.215942383
1175.22485352	542.832885742
1175.98925781	578.531982422
1176.75354004	576.931091309
1177.51794434	559.315368652
1178.28234863	531.600341797
1179.04675293	562.608215332
1179.81115723	564.153381348
1180.57556152	583.555358887
1181.33996582	549.77331543
1182.10437012	591.891784668
1182.86865234	574.619812012
1183.63305664	566.008117676
1184.39746094	554.808105469
1185.16186523	571.965820313
1185.92626953	565.432006836
1186.69067383	576.052246094
1187.45507813	577.751586914
1188.21948242	562.113464355
1188.98376465	584.815490723
1189.74816895	599.069091797
1190.51257324	578.288696289
1191.27697754	588.878601074
1192.04138184	568.413452148
1192.80578613	590.539489746
1193.57019043	588.286071777
1194.33447266	582.795227051
1195.09887695	593.540466309
1195.86328125	586.576721191
1196.62768555	591.59576416
1197.39208984	607.58215332
1198.15649414	607.346069336
1198.92089844	612.165283203
1199.68530273	600.508544922
1200.44958496	612.65612793
1201.21398926	596.999755859
1201.97839355	610.094177246
1202.74279785	601.707214355
1203.50720215	617.55078125
1204.27160645	615.335632324
1205.03601074	631.607299805
1205.80041504	613.367675781
1206.56469727	639.265625
1207.32910156	649.177307129
1208.09350586	632.414428711
1208.85791016	639.520019531
1209.62231445	640.692260742
1210.38671875	648.982788086
1211.15112305	632.932617188
1211.91552734	636.48828125
1212.67980957	643.762145996
1213.44421387	645.706542969
1214.20861816	656.976135254
1214.97302246	661.204101563
1215.73742676	647.010437012
1216.50183105	634.989074707
1217.26623535	640.870361328
1218.03051758	650.570739746
1218.79492188	655.982116699
1219.55932617	655.80090332
1220.32373047	657.168579102
1221.08813477	672.95904541
1221.85253906	669.704284668
1222.61694336	661.219177246
1223.38134766	658.952392578
1224.14562988	669.97265625
1224.91003418	693.72668457
1225.67443848	699.087402344
1226.43884277	693.156677246
1227.20324707	691.737060547
1227.96765137	679.590148926
1228.73205566	686.825927734
1229.49645996	684.892700195
1230.26074219	674.374755859
1231.02514648	691.66204834
1231.78955078	694.367675781
1232.55395508	696.281005859
1233.31835938	716.500244141
1234.08276367	720.080505371
1234.84716797	722.873474121
1235.6114502	726.79083252
1236.37585449	731.680480957
1237.14025879	724.960693359
1237.90466309	726.764465332
1238.66906738	748.556945801
1239.43347168	751.481384277
1240.19787598	753.004211426
1240.96228027	753.889404297
1241.7265625	750.415649414
1242.4909668	745.56817627
1243.25537109	757.576599121
1244.01977539	762.677124023
1244.78417969	771.82232666
1245.54858398	771.34564209
1246.31298828	775.584655762
1247.07739258	790.291503906
1247.8416748	782.424194336
1248.6060791	777.409606934
1249.3704834	792.059875488
1250.1348877	804.881164551
1250.89929199	793.881896973
1251.66369629	799.31072998
1252.42810059	805.60345459
1253.19250488	810.789855957
1253.95678711	815.327636719
1254.72119141	800.387634277
1255.4855957	817.805419922
1256.25	820.263366699
1257.0144043	822.212585449
1257.77880859	841.918273926
1258.54321289	838.746032715
1259.30749512	851.643005371
1260.07189941	853.907226563
1260.83630371	843.730163574
1261.60070801	853.199035645
1262.3651123	862.092590332
1263.1295166	868.875427246
1263.8939209	877.610961914
1264.6583252	883.158935547
1265.42260742	883.733520508
1266.18701172	899.731201172
1266.95141602	901.060668945
1267.71582031	900.576049805
1268.48022461	914.877441406
1269.24462891	913.937133789
1270.0090332	915.828857422
1270.7734375	921.559387207
1271.53771973	927.255432129
1272.30212402	936.611450195
1273.06652832	946.729797363
1273.83093262	948.66204834
1274.59533691	959.350769043
1275.35974121	969.053894043
1276.12414551	963.691162109
1276.8885498	965.145690918
1277.65283203	990.88684082
1278.41723633	991.893798828
1279.18164063	983.134155273
1279.94604492	999.003356934
1280.71044922	1016.9329834
1281.47485352	1018.71917725
1282.23925781	1016.25323486
1283.00354004	1022.87738037
1283.76794434	1031.62268066
1284.53234863	1035.18078613
1285.29675293	1055.11120605
1286.06115723	1052.42346191
1286.82556152	1068.68835449
1287.58996582	1091.6348877
1288.35437012	1088.81945801
1289.11865234	1082.88244629
1289.88305664	1086.49914551
1290.64746094	1110.05273438
1291.41186523	1134.4777832
1292.17626953	1128.24853516
1292.94067383	1157.28710938
1293.70507813	1151.23071289
1294.46948242	1143.14416504
1295.23376465	1173.23413086
1295.99816895	1170.30981445
1296.76257324	1215.21887207
1297.52697754	1207.88781738
1298.29138184	1226.17871094
1299.05578613	1222.05419922
1299.82019043	1234.91931152
1300.58447266	1229.13269043
1301.34887695	1265.26916504
1302.11328125	1257.22875977
1302.87768555	1302.08654785
1303.64208984	1300.55725098
1304.40649414	1310.18029785
1305.17089844	1302.78723145
1305.93530273	1324.68322754
1306.69958496	1316.92456055
1307.46398926	1356.04101563
1308.22839355	1403.05090332
1308.99279785	1379.88903809
1309.75720215	1411.66589355
1310.52160645	1416.63122559
1311.28601074	1404.60961914
1312.05041504	1474.4185791
1312.81469727	1486.23608398
1313.57910156	1509.4140625
1314.34350586	1474.10119629
1315.10791016	1528.79907227
1315.87231445	1547.11547852
1316.63671875	1552.88085938
1317.40112305	1548.05432129
1318.16552734	1561.6484375
1318.92980957	1538.89562988
1319.69421387	1584.27368164
1320.45861816	1634.60766602
1321.22302246	1606.13342285
1321.98742676	1642.95446777
1322.75183105	1631.58959961
1323.51623535	1638.5892334
1324.28051758	1679.98999023
1325.04492188	1698.47900391
1325.80932617	1740.9083252
1326.57373047	1702.7734375
1327.33813477	1751.9161377
1328.10253906	1780.78393555
1328.86694336	1792.61022949
1329.63134766	1797.28967285
1330.39562988	1770.12841797
1331.16003418	1781.45544434
1331.92443848	1819.47241211
1332.68884277	1847.12817383
1333.45324707	1858.50012207
1334.21765137	1878.15270996
1334.98205566	1862.02124023
1335.74645996	1865.6451416
1336.51074219	1864.41259766
1337.27514648	1867.1751709
1338.03955078	1882.52404785
1338.80395508	1908.53796387
1339.56835938	1908.71789551
1340.33276367	1897.23254395
1341.09716797	1893.07434082
1341.8614502	1880.36987305
1342.62585449	1885.4519043
1343.39025879	1908.11291504
1344.15466309	1901.11914063
1344.91906738	1890.26171875
1345.68347168	1904.14135742
1346.44787598	1904.16760254
1347.21228027	1883.24304199
1347.9765625	1861.29638672
1348.7409668	1868.10888672
1349.50537109	1875.95751953
1350.26977539	1844.60241699
1351.03417969	1823.59680176
1351.79858398	1811.57177734
1352.56298828	1828.14624023
1353.32739258	1813.61889648
1354.0916748	1823.82385254
1354.8560791	1829.65344238
1355.6204834	1803.01831055
1356.3848877	1784.52880859
1357.14929199	1770.79992676
1357.91369629	1744.45678711
1358.67810059	1751.06140137
1359.44250488	1746.60266113
1360.20678711	1741.08972168
1360.97119141	1737.79980469
1361.7355957	1724.95349121
1362.5	1715.34790039
1363.2644043	1685.15881348
1364.02880859	1658.03210449
1364.79321289	1655.05859375
1365.55749512	1672.61755371
1366.32189941	1636.06176758
1367.08630371	1630.3067627
1367.85070801	1582.89855957
1368.6151123	1592.83886719
1369.3795166	1565.13134766
1370.1439209	1559.3338623
1370.9083252	1526.40075684
1371.67260742	1504.36560059
1372.43701172	1506.80957031
1373.20141602	1484.20825195
1373.96582031	1510.3515625
1374.73022461	1478.93994141
1375.49462891	1448.38244629
1376.2590332	1454.50732422
1377.0234375	1451.54541016
1377.78771973	1414.92626953
1378.55212402	1420.70166016
1379.31652832	1385.28930664
1380.08093262	1387.10302734
1380.84533691	1373.21728516
1381.60974121	1371.52722168
1382.37414551	1363.28540039
1383.1385498	1354.64660645
1383.90283203	1335.92211914
1384.66723633	1323.1895752
1385.43164063	1316.57080078
1386.19604492	1328.65661621
1386.96044922	1310.98388672
1387.72485352	1271.00158691
1388.48925781	1288.68530273
1389.25354004	1277.76184082
1390.01794434	1248.39733887
1390.78234863	1249.5534668
1391.54675293	1228.58569336
1392.31115723	1207.61987305
1393.07556152	1204.17333984
1393.83996582	1231.80578613
1394.60437012	1229.06689453
1395.36865234	1206.64709473
1396.13305664	1217.27783203
1396.89746094	1186.61303711
1397.66186523	1189.92724609
1398.42626953	1158.17248535
1399.19067383	1173.0201416
1399.95507813	1149.97338867
1400.71948242	1135.9486084
1401.48376465	1156.60021973
1402.24816895	1154.58032227
1403.01257324	1145.72607422
1403.77697754	1114.88696289
1404.54138184	1101.28479004
1405.30578613	1112.89746094
1406.07019043	1117.40136719
1406.83447266	1116.08276367
1407.59887695	1080.33666992
1408.36328125	1112.41455078
1409.12768555	1080.45605469
1409.89208984	1076.43835449
1410.65649414	1061.66345215
1411.42089844	1046.26782227
1412.18530273	1056.19067383
1412.94958496	1044.24890137
1413.71398926	1047.56262207
1414.47839355	1063.69128418
1415.24279785	1043.20043945
1416.00720215	1023.81213379
1416.77160645	1044.42956543
1417.53601074	1043.31176758
1418.30041504	1014.47393799
1419.06469727	1018.75701904
1419.82910156	1001.27734375
1420.59350586	1008.62036133
1421.35791016	1024.42370605
1422.12231445	1014.54840088
1422.88671875	1009.94976807
1423.65112305	981.874816895
1424.41552734	977.927185059
1425.17980957	972.784606934
1425.94421387	977.093261719
1426.70861816	992.7109375
1427.47302246	1004.87402344
1428.23742676	994.983398438
1429.00183105	979.260009766
1429.76623535	965.549499512
1430.53051758	990.715881348
1431.29492188	970.055419922
1432.05932617	993.136657715
1432.82373047	977.521057129
1433.58813477	978.554504395
1434.35253906	953.844421387
1435.11694336	967.973754883
1435.88134766	969.761474609
1436.64562988	958.456542969
1437.41003418	966.517883301
1438.17443848	953.511962891
1438.93884277	927.336730957
1439.70324707	936.862792969
1440.46765137	949.975219727
1441.23205566	955.914611816
1441.99645996	934.798950195
1442.76074219	931.502319336
1443.52514648	935.969482422
1444.28955078	948.341247559
1445.05395508	947.898193359
1445.81835938	922.879211426
1446.58276367	938.401367188
1447.34716797	952.795349121
1448.1114502	922.437683105
1448.87585449	947.117858887
1449.64025879	935.068359375
1450.40466309	954.543457031
1451.16906738	936.156982422
1451.93347168	933.965820313
1452.69787598	949.730285645
1453.46228027	925.42980957
1454.2265625	926.870300293
1454.9909668	909.48034668
1455.75537109	922.782775879
1456.51977539	915.71887207
1457.28417969	904.024658203
1458.04858398	932.049438477
1458.81298828	924.199279785
1459.57739258	913.918701172
1460.3416748	924.665161133
1461.1060791	932.274291992
1461.8704834	919.631774902
1462.6348877	922.602294922
1463.39929199	944.971984863
1464.16369629	946.121398926
1464.92810059	937.000732422
1465.69250488	933.098449707
1466.45678711	925.650268555
1467.22119141	947.68951416
1467.9855957	921.315551758
1468.75	937.492370605
1469.5144043	961.506225586
1470.27880859	935.450683594
1471.04321289	944.862426758
1471.80749512	934.481811523
1472.57189941	947.955444336
1473.33630371	936.969543457
1474.10070801	948.895690918
1474.8651123	923.466674805
1475.6295166	936.086669922
1476.3939209	938.65838623
1477.1583252	930.105224609
1477.92260742	935.065246582
1478.68701172	935.434997559
1479.45141602	929.458740234
1480.21582031	930.714355469
1480.98022461	922.513671875
1481.74462891	931.397094727
1482.5090332	945.845947266
1483.2734375	924.152648926
1484.03771973	942.743652344
1484.80212402	937.600646973
1485.56652832	924.751831055
1486.33093262	925.193725586
1487.09533691	932.021362305
1487.85974121	945.115600586
1488.62414551	912.744873047
1489.3885498	928.204650879
1490.15283203	904.803527832
1490.91723633	935.962280273
1491.68164063	934.749389648
1492.44604492	955.139465332
1493.21044922	941.592468262
1493.97485352	926.671142578
1494.73925781	934.160644531
1495.50354004	958.708496094
1496.26794434	963.153564453
1497.03234863	942.983642578
1497.79675293	955.292785645
1498.56115723	949.831848145
1499.32556152	944.372436523
1500.08996582	940.445922852
1500.85437012	930.538208008
1501.61865234	937.053405762
1502.38305664	953.225830078
1503.14746094	938.04083252
1503.91186523	935.116638184
1504.67626953	937.570800781
1505.44067383	956.736938477
1506.20507813	962.286376953
1506.96948242	963.569763184
1507.73376465	945.159362793
1508.49816895	938.191101074
1509.26257324	968.778930664
1510.02697754	949.734375
1510.79138184	978.560058594
1511.55578613	977.253845215
1512.32019043	973.990234375
1513.08447266	997.444824219
1513.84887695	997.561706543
1514.61328125	993.106628418
1515.37768555	1009.20935059
1516.14208984	986.27746582
1516.90649414	971.23626709
1517.67089844	1007.3807373
1518.43530273	999.080322266
1519.19958496	994.79119873
1519.96398926	975.116760254
1520.72839355	1031.77087402
1521.49279785	997.538330078
1522.25720215	1027.07958984
1523.02160645	1016.04833984
1523.78601074	1012.35565186
1524.55041504	1024.9954834
1525.31469727	1044.45043945
1526.07910156	1064.60754395
1526.84350586	1072.45654297
1527.60791016	1072.53027344
1528.37231445	1098.94421387
1529.13671875	1089.8840332
1529.90112305	1083.6282959
1530.66552734	1080.00146484
1531.42980957	1090.99511719
1532.19421387	1093.44470215
1532.95861816	1092.47705078
1533.72302246	1102.45532227
1534.48742676	1105.72753906
1535.25183105	1134.43115234
1536.01623535	1152.39477539
1536.78051758	1134.21069336
1537.54492188	1153.50598145
1538.30932617	1176.32739258
1539.07373047	1177.11987305
1539.83813477	1189.85900879
1540.60253906	1206.58166504
1541.36694336	1209.11486816
1542.13134766	1221.00317383
1542.89562988	1209.3782959
1543.66003418	1236.86193848
1544.42443848	1256.41845703
1545.18884277	1257.90319824
1545.95324707	1292.80578613
1546.71765137	1306.19763184
1547.48205566	1291.88989258
1548.24645996	1341.83154297
1549.01074219	1331.4407959
1549.77514648	1362.50878906
1550.53955078	1369.71154785
1551.30395508	1376.93762207
1552.06835938	1410.94335938
1552.83276367	1415.09472656
1553.59716797	1456.91699219
1554.3614502	1462.47460938
1555.12585449	1495.68518066
1555.89025879	1490.51330566
1556.65466309	1508.43261719
1557.41906738	1542.52331543
1558.18347168	1562.93469238
1558.94787598	1570.73388672
1559.71228027	1581.88439941
1560.4765625	1570.52453613
1561.2409668	1593.27258301
1562.00537109	1607.16699219
1562.76977539	1613.25085449
1563.53417969	1654.35058594
1564.29858398	1660.3293457
1565.06298828	1677.34960938
1565.82739258	1686.99560547
1566.5916748	1712.68029785
1567.3560791	1713.70678711
1568.1204834	1748.97460938
1568.8848877	1758.97277832
1569.64929199	1777.96972656
1570.41369629	1799.55664063
1571.17810059	1815.14245605
1571.94250488	1828.39904785
1572.70678711	1851.91503906
1573.47119141	1864.86474609
1574.2355957	1871.42163086
1575	1874.47045898
1575.7644043	1848.93518066
1576.52880859	1894.9375
1577.29321289	1924.14892578
1578.05749512	1961.77539063
1578.82189941	1942.38012695
1579.58630371	1929.421875
1580.35070801	1959.16845703
1581.1151123	1969.65991211
1581.8795166	1976.90270996
1582.6439209	1967.93212891
1583.4083252	1974.56079102
1584.17260742	1989.51660156
1584.93701172	1995.92407227
1585.70141602	2004.08984375
1586.46582031	1985.78942871
1587.23022461	1996.44787598
1587.99462891	1997.86450195
1588.7590332	1991.65490723
1589.5234375	1996.29162598
1590.28771973	1977.54003906
1591.05212402	1977.40600586
1591.81652832	1966.54089355
1592.58093262	1965.27514648
1593.34533691	1941.01379395
1594.10974121	1976.4197998
1594.87414551	1957.68139648
1595.6385498	1940.12133789
1596.40283203	1919.87561035
1597.16723633	1894.68725586
1597.93164063	1896.29382324
1598.69604492	1895.85742188
1599.46044922	1880.21069336
1600.22485352	1871.10876465
1600.98925781	1878.34533691
1601.75354004	1835.54003906
1602.51794434	1837.74743652
1603.28234863	1811.99707031
1604.04675293	1822.04248047
1604.81115723	1792.11437988
1605.57556152	1782.30908203
1606.33996582	1786.56677246
1607.10437012	1754.69677734
1607.86865234	1724.60449219
1608.63305664	1725.82165527
1609.39746094	1684.35424805
1610.16186523	1663.00085449
1610.92626953	1645.57678223
1611.69067383	1593.61730957
1612.45507813	1613.75378418
1613.21948242	1594.80932617
1613.98376465	1562.43786621
1614.74816895	1539.63085938
1615.51257324	1537.59667969
1616.27697754	1487.62231445
1617.04138184	1493.06030273
1617.80578613	1441.18469238
1618.57019043	1432.24353027
1619.33447266	1422.60656738
1620.09887695	1395.54174805
1620.86328125	1360.27624512
1621.62768555	1340.86865234
1622.39208984	1324.109375
1623.15649414	1295.27368164
1623.92089844	1260.03527832
1624.68530273	1249.61779785
1625.44958496	1223.51928711
1626.21398926	1204.50671387
1626.97839355	1189.39013672
1627.74279785	1145.1262207
1628.50720215	1137.29345703
1629.27160645	1115.97741699
1630.03601074	1107.49780273
1630.80041504	1064.07629395
1631.56469727	1057.47546387
1632.32910156	1017.07910156
1633.09350586	1007.36053467
1633.85791016	988.659790039
1634.62231445	966.085449219
1635.38671875	946.30480957
1636.15112305	937.743591309
1636.91552734	896.790344238
1637.67980957	893.173095703
1638.44421387	876.625427246
1639.20861816	841.782531738
1639.97302246	819.899230957
1640.73742676	806.03112793
1641.50183105	791.471801758
1642.26623535	791.424316406
1643.03051758	779.052001953
1643.79492188	750.95135498
1644.55932617	732.666442871
1645.32373047	745.626159668
1646.08813477	722.528442383
1646.85253906	709.818603516
1647.61694336	692.102905273
1648.38134766	665.707641602
1649.14562988	653.854187012
1649.91003418	658.057373047
1650.67443848	636.33380127
1651.43884277	621.970581055
1652.20324707	612.423461914
1652.96765137	598.85723877
1653.73205566	587.670898438
1654.49645996	575.806335449
1655.26074219	560.885253906
1656.02514648	559.919372559
1656.78955078	544.284423828
1657.55395508	540.334289551
1658.31835938	526.340454102
1659.08276367	529.022155762
1659.84716797	491.110717773
1660.6114502	497.412811279
1661.37585449	490.545257568
1662.14025879	484.725463867
1662.90466309	473.317565918
1663.66906738	462.472259521
1664.43347168	459.24130249
1665.19787598	455.938720703
1665.96228027	446.708618164
1666.7265625	432.482086182
1667.4909668	430.507415771
1668.25537109	422.650604248
1669.01977539	429.360473633
1669.78417969	399.823669434
1670.54858398	404.35168457
1671.31298828	403.360351563
1672.07739258	383.674346924
1672.8416748	393.655517578
1673.6060791	384.683441162
1674.3704834	378.269195557
1675.1348877	370.511505127
1675.89929199	358.071716309
1676.66369629	371.304901123
1677.42810059	371.902770996
1678.19250488	354.093597412
1678.95678711	356.426879883
1679.72119141	347.269592285
1680.4855957	344.639343262
1681.25	335.142150879
1682.0144043	336.626953125
1682.77880859	323.42565918
1683.54321289	324.999023438
1684.30749512	321.014709473
1685.07189941	309.656036377
1685.83630371	316.892028809
1686.60070801	313.900756836
1687.3651123	311.468658447
1688.1295166	308.706817627
1688.8939209	307.878509521
1689.6583252	309.775085449
1690.42260742	305.176055908
1691.18701172	310.250061035
1691.95141602	301.473449707
1692.71582031	286.068695068
1693.48022461	284.852905273
1694.24462891	288.773132324
1695.0090332	289.99206543
1695.7734375	279.574737549
1696.53771973	284.974700928
1697.30212402	278.536712646
1698.06652832	279.673675537
1698.83093262	275.840942383
1699.59533691	272.633728027
1700.35974121	278.331634521
1701.12414551	277.291809082
1701.8885498	271.061279297
1702.65283203	261.045043945
1703.41723633	266.836273193
1704.18164063	264.928863525
1704.94604492	267.030517578
1705.71044922	268.65814209
1706.47485352	255.892105103
1707.23925781	250.731719971
1708.00354004	252.770202637
1708.76794434	262.53414917
1709.53234863	257.772888184
1710.29675293	248.727645874
1711.06115723	245.739929199
1711.82556152	239.765533447
1712.58996582	248.71937561
1713.35437012	251.416488647
1714.11865234	240.130523682
1714.88305664	239.547393799
1715.64746094	246.827789307
1716.41186523	242.600799561
1717.17626953	250.163574219
1717.94067383	244.475662231
1718.70507813	248.160949707
1719.46948242	241.683456421
1720.23376465	234.507888794
1720.99816895	228.664611816
1721.76257324	236.284683228
1722.52697754	230.296188354
1723.29138184	234.854888916
1724.05578613	231.655380249
1724.82019043	236.220077515
1725.58447266	229.571304321
1726.34887695	221.991271973
1727.11328125	227.444061279
1727.87768555	230.854064941
1728.64208984	233.409515381
1729.40649414	236.373138428
1730.17089844	231.021057129
1730.93530273	232.516448975
1731.69958496	231.161468506
1732.46398926	235.129302979
1733.22839355	228.00831604
1733.99279785	224.562164307
1734.75720215	224.59223938
1735.52160645	229.84552002
1736.28601074	229.041702271
1737.05041504	226.766830444
1737.81469727	225.008163452
1738.57910156	222.153076172
1739.34350586	217.439102173
1740.10791016	223.459335327
1740.87231445	223.790222168
1741.63671875	217.774978638
1742.40112305	225.413452148
1743.16552734	220.515701294
1743.92980957	226.314727783
1744.69421387	220.636123657
1745.45861816	224.30305481
1746.22302246	207.60899353
1746.98742676	222.172943115
1747.75183105	215.435211182
1748.51623535	222.984710693
1749.28051758	221.167755127
1750.04492188	209.110641479
1750.80932617	219.717681885
1751.57373047	223.741119385
1752.33813477	215.728561401
1753.10253906	217.700027466
1753.86694336	225.345489502
1754.63134766	217.522537231
1755.39562988	207.69203186
1756.16003418	202.84866333
1756.92443848	223.740310669
1757.68884277	205.853790283
1758.45324707	195.748764038
1759.21765137	215.31199646
1759.98205566	208.175949097
1760.74645996	209.931365967
1761.51074219	210.767150879
1762.27514648	209.154022217
1763.03955078	218.564880371
1763.80395508	215.084289551
1764.56835938	205.678024292
1765.33276367	215.975448608
1766.09716797	204.42477417
1766.8614502	210.059555054
1767.62585449	216.268478394
1768.39025879	206.007568359
1769.15466309	208.267333984
1769.91906738	208.57069397
1770.68347168	206.82850647
1771.44787598	206.446548462
1772.21228027	212.774230957
1772.9765625	211.017120361
1773.7409668	207.115753174
1774.50537109	205.496353149
1775.26977539	211.059814453
1776.03417969	196.267929077
1776.79858398	197.47177124
1777.56298828	213.239654541
1778.32739258	206.113418579
1779.0916748	202.174545288
1779.8560791	202.590255737
1780.6204834	204.222427368
1781.3848877	201.737579346
1782.14929199	197.001037598
1782.91369629	206.195724487
1783.67810059	209.342132568
1784.44250488	211.329483032
1785.20678711	192.880523682
1785.97119141	196.052154541
1786.7355957	204.432510376
1787.5	202.437454224
1788.2644043	205.596496582
1789.02880859	209.980667114
1789.79321289	205.170257568
1790.55749512	197.510742188
1791.32189941	201.89503479
1792.08630371	210.098190308
1792.85070801	200.223556519
1793.6151123	207.980697632
1794.3795166	200.68460083
1795.1439209	197.091430664
1795.9083252	191.442398071
1796.67260742	194.149414063
1797.43701172	198.457061768
1798.20141602	200.823013306
1798.96582031	199.698440552
1799.73022461	197.569519043
1800.49462891	200.787231445
1801.2590332	195.069320679
1802.0234375	196.175628662
1802.78771973	196.308685303
1803.55212402	194.40802002
1804.31652832	193.728118896
1805.08093262	202.27973938
1805.84533691	200.330780029
1806.60974121	199.120285034
1807.37414551	193.634185791
1808.1385498	203.303390503
1808.90283203	196.238830566
1809.66723633	193.426040649
1810.43164063	198.392318726
1811.19604492	199.713973999
1811.96044922	194.295013428
1812.72485352	203.740478516
1813.48925781	188.464523315
1814.25354004	191.986557007
1815.01794434	189.433959961
1815.78234863	205.203918457
1816.54675293	202.306869507
1817.31115723	198.998931885
1818.07556152	205.33140564
1818.83996582	188.284851074
1819.60437012	193.676071167
1820.36865234	200.356994629
1821.13305664	199.479263306
1821.89746094	202.757385254
1822.66186523	191.908309937
1823.42626953	194.831283569
1824.19067383	198.381729126
1824.95507813	205.182006836
1825.71948242	201.783615112
1826.48376465	198.775253296
1827.24816895	183.881103516
1828.01257324	189.850997925
1828.77697754	190.721588135
1829.54138184	204.054244995
1830.30578613	196.67137146
1831.07019043	192.033401489
1831.83447266	189.835220337
1832.59887695	189.38520813
1833.36328125	188.633666992
1834.12768555	189.19090271
1834.89208984	203.759292603
1835.65649414	190.161087036
1836.42089844	190.282348633
1837.18530273	191.64932251
1837.94958496	176.712997437
1838.71398926	199.67918396
1839.47839355	194.705001831
1840.24279785	191.993667603
1841.00720215	196.412109375
1841.77160645	189.014282227
1842.53601074	186.676574707
1843.30041504	190.067016602
1844.06469727	188.399978638
1844.82910156	209.589111328
1845.59350586	197.520629883
1846.35791016	191.463729858
1847.12231445	200.494934082
1847.88671875	194.902450562
1848.65112305	186.051071167
1849.41552734	194.821166992
1850.17980957	198.934738159
1850.94421387	193.586029053
1851.70861816	193.300918579
1852.47302246	189.280960083
1853.23742676	188.996551514
1854.00183105	193.855056763
1854.76623535	200.79234314
1855.53051758	188.740509033
1856.29492188	184.777862549
1857.05932617	194.221572876
1857.82373047	190.947875977
1858.58813477	198.628356934
1859.35253906	196.972702026
1860.11694336	188.805541992
1860.88134766	195.452209473
1861.64562988	192.665893555
1862.41003418	195.80607605
1863.17443848	187.928955078
1863.93884277	182.210113525
1864.70324707	193.107650757
1865.46765137	196.15737915
1866.23205566	191.014297485
1866.99645996	198.171066284
1867.76074219	191.865570068
1868.52514648	191.314376831
1869.28955078	187.388092041
1870.05395508	197.249420166
1870.81835938	194.127609253
1871.58276367	185.30682373
1872.34716797	192.511657715
1873.1114502	188.333328247
1873.87585449	188.106445313
1874.64025879	195.05229187
1875.40466309	200.245361328
1876.16906738	186.163391113
1876.93347168	200.399490356
1877.69787598	195.804916382
1878.46228027	197.371368408
1879.2265625	183.945755005
1879.9909668	185.679107666
1880.75537109	193.619094849
1881.51977539	192.260971069
1882.28417969	192.352783203
1883.04858398	194.193389893
1883.81298828	191.568359375
1884.57739258	188.680099487
1885.3416748	204.800949097
1886.1060791	200.901290894
1886.8704834	198.122360229
1887.6348877	189.544174194
1888.39929199	188.409637451
1889.16369629	199.174407959
1889.92810059	190.769378662
1890.69250488	189.320785522
1891.45678711	191.917037964
1892.22119141	185.885482788
1892.9855957	184.68460083
1893.75	184.921295166
1894.5144043	184.729492188
1895.27880859	186.706359863
1896.04321289	190.567871094
1896.80749512	185.53553772
1897.57189941	197.779724121
1898.33630371	200.071762085
1899.10070801	188.723770142
1899.8651123	184.666671753
1900.6295166	185.12651062
1901.3939209	190.520950317
1902.1583252	193.196029663
1902.92260742	190.330718994
1903.68701172	194.402038574
1904.45141602	194.487426758
1905.21582031	187.718612671
1905.98022461	192.906219482
1906.74462891	194.298355103
1907.5090332	189.75541687
1908.2734375	187.092651367
1909.03771973	187.387496948
1909.80212402	194.611801147
1910.56652832	184.210403442
1911.33093262	188.563095093
1912.09533691	190
1912.85974121	191.057006836
1913.62414551	193.108383179
1914.3885498	194.91557312
1915.15283203	185.944732666
1915.91723633	187.38848877
1916.68164063	185.355804443
1917.44604492	182.417892456
1918.21044922	182.85925293
1918.97485352	195.625701904
1919.73925781	182.446182251
1920.50354004	190.741653442
1921.26794434	190.075119019
1922.03234863	198.246963501
1922.79675293	198.095092773
1923.56115723	184.930938721
1924.32556152	197.525543213
1925.08996582	185.828903198
1925.85437012	183.986328125
1926.61865234	190.584182739
1927.38305664	182.269287109
1928.14746094	188.548126221
1928.91186523	187.66734314
1929.67626953	186.584381104
1930.44067383	184.085235596
1931.20507813	196.517074585
1931.96948242	190.4793396
1932.73376465	189.30128479
1933.49816895	181.644363403
1934.26257324	196.217712402
1935.02697754	184.690917969
1935.79138184	182.791717529
1936.55578613	186.050415039
1937.32019043	190.935684204
1938.08447266	186.004150391
1938.84887695	174.798156738
1939.61328125	176.479553223
1940.37768555	186.82623291
1941.14208984	178.201080322
1941.90649414	187.353240967
1942.67089844	192.825119019
1943.43530273	192.808517456
1944.19958496	196.539657593
1944.96398926	199.040176392
1945.72839355	179.616424561
1946.49279785	185.552261353
1947.25720215	186.443618774
1948.02160645	195.416427612
1948.78601074	196.267822266
1949.55041504	198.861557007
1950.31469727	192.670852661
1951.07910156	194.679733276
1951.84350586	191.477264404
1952.60791016	199.67427063
1953.37231445	178.781143188
1954.13671875	184.980636597
1954.90112305	196.160522461
1955.66552734	194.123306274
1956.42980957	185.753616333
1957.19421387	189.454315186
1957.95861816	179.556427002
1958.72302246	196.344039917
1959.48742676	186.127059937
1960.25183105	198.154602051
1961.01623535	183.700454712
1961.78051758	185.233703613
1962.54492188	188.098373413
1963.30932617	180.631866455
1964.07373047	188.031539917
1964.83813477	177.997390747
1965.60253906	194.563476563
1966.36694336	199.25340271
1967.13134766	200.071136475
1967.89562988	188.879013062
1968.66003418	187.815719604
1969.42443848	175.720184326
1970.18884277	176.411758423
1970.95324707	198.609588623
1971.71765137	182.096542358
1972.48205566	187.801239014
1973.24645996	175.788696289
1974.01074219	185.692871094
1974.77514648	187.025543213
1975.53955078	187.994354248
1976.30395508	173.664550781
1977.06835938	183.608779907
1977.83276367	195.784957886
1978.59716797	181.016433716
1979.3614502	190.842849731
1980.12585449	191.108383179
1980.89025879	190.454315186
1981.65466309	184.249633789
1982.41906738	185.719039917
1983.18347168	190.654647827
1983.94787598	182.096969604
1984.71228027	193.18536377
1985.4765625	178.562072754
1986.2409668	183.944534302
1987.00537109	187.709182739
1987.76977539	181.821075439
1988.53417969	183.864654541
1989.29858398	191.081161499
1990.06298828	190.516784668
1990.82739258	194.056640625
1991.5916748	187.580551147
1992.3560791	180.674041748
1993.1204834	180.103897095
1993.8848877	188.974395752
1994.64929199	177.299880981
1995.41369629	183.582611084
1996.17810059	183.576065063
1996.94250488	180.204650879
1997.70678711	195.561737061
1998.47119141	191.490951538
1999.2355957	187.620040894
2000	182.492263794
