300	79.4788665771
300.759185791	79.1172790527
301.518341064	85.0713577271
302.277526855	92.3105926514
303.036682129	93.3246154785
303.79586792	91.4193191528
304.555053711	95.4184494019
305.314208984	107.702423096
306.073394775	109.079269409
306.832550049	105.256095886
307.59173584	103.991828918
308.350921631	99.5827865601
309.110076904	87.0882263184
309.869262695	82.1571121216
310.628417969	94.4437484741
311.38760376	97.7458496094
312.146759033	105.216751099
312.905944824	90.4186019897
313.665130615	84.8203811646
314.424285889	75.3929290771
315.18347168	75.7067565918
315.942626953	83.5028762817
316.701812744	81.9775009155
317.460998535	95.2693786621
318.220153809	91.6395721436
318.9793396	96.7252120972
319.738494873	94.5108718872
320.497680664	100.815109253
321.256866455	102.230407715
322.016021729	87.5630874634
322.77520752	78.990196228
323.534362793	105.644256592
324.293548584	72.3742523193
325.052734375	84.5517807007
325.811889648	86.5911026001
326.571075439	82.3468475342
327.330230713	85.1607894897
328.089416504	91.2763137817
328.848602295	82.4245529175
329.607757568	77.2638549805
330.366943359	92.2067718506
331.126098633	85.2835617065
331.885284424	79.8285903931
332.644439697	77.3828277588
333.403625488	74.3807601929
334.162811279	71.9445877075
334.921966553	73.9758453369
335.681152344	88.6652832031
336.440307617	84.2169570923
337.199493408	94.3765487671
337.958679199	91.2258682251
338.717834473	86.7266998291
339.477020264	87.0722579956
340.236175537	81.9285049438
340.995361328	83.0581207275
341.754547119	72.8692932129
342.513702393	76.8209915161
343.272888184	81.7984848022
344.032043457	88.5772399902
344.791229248	89.0029449463
345.550415039	83.9018554688
346.309570313	83.00025177
347.068756104	77.6050872803
347.827911377	86.4156494141
348.587097168	93.2618484497
349.346252441	82.8963241577
350.105438232	77.028503418
350.864624023	82.0265960693
351.623779297	85.871055603
352.382965088	77.6785049438
353.142120361	74.9329071045
353.901306152	78.5025939941
354.660491943	88.329750061
355.419647217	75.747428894
356.178833008	73.6828918457
356.937988281	74.2293243408
357.697174072	70.3850631714
358.456359863	78.9500808716
359.215515137	84.9945220947
359.974700928	81.5665588379
360.733856201	87.1569595337
361.493041992	73.319732666
362.252227783	76.6882171631
363.011383057	73.319732666
363.770568848	83.8506698608
364.529724121	68.7128295898
365.288909912	69.5406036377
366.048095703	77.0728149414
366.807250977	84.9860305786
367.566436768	78.5372848511
368.325592041	69.0200195313
369.084777832	62.3372306824
369.843933105	62.3227157593
370.603118896	70.3152160645
371.362304688	75.6897125244
372.121459961	78.396446228
372.880645752	74.8257827759
373.639801025	69.016494751
374.398986816	67.2409057617
375.158172607	73.0534210205
375.917327881	71.9816207886
376.676513672	58.4389686584
377.435668945	72.0033416748
378.194854736	67.9008407593
378.954040527	64.6301956177
379.713195801	57.5118598938
380.472381592	64.0011291504
381.231536865	61.8328018188
381.990722656	53.4182662964
382.749908447	58.8381996155
383.509063721	67.6672210693
384.268249512	61.1437034607
385.027404785	60.4307899475
385.786590576	55.400592804
386.545776367	61.7620544434
387.304931641	61.6948318481
388.064117432	58.5945053101
388.823272705	62.0010070801
389.582458496	61.6431121826
390.34161377	57.7930221558
391.100799561	55.8850135803
391.859985352	52.6245002747
392.619140625	52.4518699646
393.378326416	59.1561393738
394.137481689	66.4567184448
394.89666748	67.2382507324
395.655853271	63.8347015381
396.415008545	66.3414230347
397.174194336	49.9014015198
397.933349609	52.0743865967
398.6925354	66.1542053223
399.451721191	72.380531311
400.210876465	65.5105209351
400.970062256	58.8883666992
401.729217529	61.1731071472
402.48840332	56.8775558472
403.247589111	56.0684242249
404.006744385	54.82472229
404.765930176	57.3259239197
405.525085449	61.5883255005
406.28427124	62.4396247864
407.043426514	57.2614746094
407.802612305	57.6097221375
408.561798096	73.0850448608
409.320953369	64.121887207
410.08013916	63.9734954834
410.839294434	46.2493247986
411.598480225	58.4987258911
412.357666016	60.337726593
413.116821289	66.0439758301
413.87600708	73.9117507935
414.635162354	65.8326644897
415.394348145	62.1592445374
416.153533936	46.9725189209
416.912689209	52.0818443298
417.671875	56.3184585571
418.431030273	58.9333343506
419.190216064	55.2528381348
419.949401855	50.3300285339
420.708557129	49.7208786011
421.46774292	52.3789405823
422.226898193	58.6532402039
422.986083984	55.6344871521
423.745269775	57.1549758911
424.504425049	53.8446502686
425.26361084	44.9576721191
426.022766113	47.8975296021
426.781951904	56.6312789917
427.541107178	54.6168823242
428.300292969	50.0580253601
429.05947876	63.5098228455
429.818634033	51.8438148499
430.577819824	46.3027534485
431.336975098	57.0327415466
432.096160889	59.7132949829
432.85534668	60.9374313354
433.614501953	64.024810791
434.373687744	57.9841117859
435.132843018	46.0752792358
435.892028809	43.9310951233
436.6512146	51.4226875305
437.410369873	50.8329734802
438.169555664	53.1303787231
438.928710938	51.8853340149
439.687896729	44.8894042969
440.44708252	44.0436820984
441.206237793	57.7213363647
441.965423584	61.7444190979
442.724578857	45.6263580322
443.483764648	36.3532981873
444.242950439	34.0185317993
445.002105713	41.0194282532
445.761291504	48.0603027344
446.520446777	52.690410614
447.279632568	50.0234298706
448.038787842	39.648563385
448.797973633	53.2913970947
449.557159424	32.7222251892
450.316314697	36.2048416138
451.075500488	40.5726203918
451.834655762	41.4530639648
452.593841553	38.1918754578
453.353027344	39.7694625854
454.112182617	43.5054359436
454.871368408	37.1348419189
455.630523682	43.5837936401
456.389709473	37.4366226196
457.148895264	54.4029121399
457.908050537	42.0686340332
458.667236328	43.884563446
459.426391602	39.7526130676
460.185577393	27.7301044464
460.944763184	27.8362884521
461.703918457	40.3566207886
462.463104248	36.8598403931
463.222259521	36.0428009033
463.981445313	25.2922649384
464.740600586	35.5441970825
465.499786377	37.9293403625
466.258972168	38.9794960022
467.018127441	43.9532585144
467.777313232	45.2830467224
468.536468506	35.5528297424
469.295654297	23.5366382599
470.054840088	31.6166057587
470.813995361	27.4508132935
471.573181152	29.7955532074
472.332336426	33.5944519043
473.091522217	27.9840526581
473.850708008	28.9767093658
474.609863281	36.4581031799
475.369049072	24.1040821075
476.128204346	0.618404090405
476.887390137	40.0915603638
477.646575928	40.176990509
478.405731201	35.9270629883
479.164916992	23.9344005585
479.924072266	21.0972518921
480.683258057	19.6581764221
481.442443848	16.1656970978
482.201599121	21.6652488708
482.960784912	35.4112625122
483.719940186	37.2401618958
484.479125977	28.8254089355
485.23828125	12.3648777008
485.997467041	23.1729049683
486.756652832	27.1112709045
487.515808105	28.2309398651
488.274993896	25.803768158
489.03414917	16.9251155853
489.793334961	14.6385679245
490.552520752	7.21661424637
491.311676025	16.6757602692
492.070861816	25.9238204956
492.83001709	27.9302387238
493.589202881	28.4494152069
494.348388672	16.6439170837
495.107543945	17.2738704681
495.866729736	27.0967597961
496.62588501	17.3405132294
497.385070801	23.8977451324
498.144256592	19.0512008667
498.903411865	14.8732318878
499.662597656	20.0036773682
500.42175293	20.3276004791
501.180938721	21.5983943939
501.940124512	23.641620636
502.699279785	24.4962749481
503.458465576	21.937417984
504.21762085	15.7158403397
504.976806641	18.9810199738
505.735961914	4.50245285034
506.495147705	15.1361627579
507.254333496	19.0503292084
508.01348877	12.3342447281
508.772674561	13.053068161
509.531829834	10.3810501099
510.291015625	4.88071155548
511.050201416	11.9230365753
511.809356689	14.3957939148
512.56854248	16.178155899
513.327697754	6.14375638962
514.086853027	7.1665019989
514.846069336	2.65321159363
515.605224609	5.46111297607
516.364379883	16.5596790314
517.123596191	21.1138019562
517.882751465	15.752453804
518.641906738	12.9488744736
519.401123047	8.25809383392
520.16027832	12.1414651871
520.919433594	12.8979139328
521.678588867	9.67590808868
522.437805176	16.656332016
523.196960449	13.1123657227
523.956115723	14.4904880524
524.715332031	12.3815250397
525.474487305	0.723651826382
526.233642578	7.59446525574
526.992858887	15.7465496063
527.75201416	25.9162979126
528.511169434	11.4359617233
529.270324707	17.3295555115
530.029541016	21.2891349792
530.788696289	15.9413671494
531.547851563	18.4275836945
532.307067871	15.6349954605
533.066223145	0.578685164452
533.825378418	7.87099218369
534.584533691	17.8677825928
535.34375	16.138885498
536.102905273	25.8319187164
536.862060547	18.2779426575
537.621276855	16.491153717
538.380432129	14.2763195038
539.139587402	12.215722084
539.898803711	9.84174442291
540.657958984	7.05218791962
541.417114258	8.42049884796
542.176269531	6.80606746674
542.93548584	12.961356163
543.694641113	11.365937233
544.453796387	11.6034049988
545.213012695	10.7487297058
545.972167969	16.8464717865
546.731323242	13.5565032959
547.490539551	12.3848571777
548.249694824	15.7617588043
549.008850098	2.77780580521
549.768005371	20.4908123016
550.52722168	18.5148448944
551.286376953	12.9491205215
552.045532227	30.8033161163
552.804748535	23.7186164856
553.563903809	24.4299602509
554.323059082	12.8501653671
555.082214355	8.12036323547
555.841430664	23.8650226593
556.600585938	24.7628898621
557.359741211	10.9723567963
558.11895752	24.572851181
558.878112793	12.4564819336
559.637268066	11.2321109772
560.396484375	15.4826459885
561.155639648	22.8537788391
561.914794922	27.4906291962
562.673950195	24.4932937622
563.433166504	20.9441165924
564.192321777	22.0795936584
564.951477051	19.7245616913
565.710693359	27.7726726532
566.469848633	12.485496521
567.229003906	20.4833240509
567.988220215	19.7333393097
568.747375488	19.6106071472
569.506530762	25.1858730316
570.265686035	27.2870178223
571.024902344	26.2389068604
571.784057617	23.3210391998
572.543212891	13.9932909012
573.302429199	10.8623094559
574.061584473	17.3037414551
574.820739746	9.89637088776
575.57989502	24.1054878235
576.339111328	23.2643470764
577.098266602	20.2693920135
577.857421875	18.8230819702
578.616638184	19.3792190552
579.375793457	19.0078334808
580.13494873	17.5213356018
580.894165039	20.2431125641
581.653320313	22.7855148315
582.412475586	36.76197052
583.171630859	23.1608161926
583.930847168	18.3796043396
584.690002441	20.5853366852
585.449157715	28.5783920288
586.208374023	28.8777446747
586.967529297	23.9801750183
587.72668457	22.983789444
588.485900879	21.7040729523
589.245056152	14.9038238525
590.004211426	26.1058940887
590.763366699	15.8028068542
591.522583008	24.841173172
592.281738281	29.5057983398
593.040893555	20.0917186737
593.800109863	15.74284935
594.559265137	17.7482337952
595.31842041	21.2959156036
596.077575684	26.290435791
596.836791992	26.475774765
597.595947266	10.4139604568
598.355102539	8.90756511688
599.114318848	18.1386508942
599.873474121	29.8309555054
600.632629395	18.8654537201
601.391845703	19.5067863464
602.151000977	19.8081321716
602.91015625	22.360452652
603.669311523	22.9724655151
604.428527832	21.9392681122
605.187683105	21.2156181335
605.946838379	10.7480716705
606.706054688	27.0526752472
607.465209961	18.549911499
608.224365234	12.5132417679
608.983581543	18.4312477112
609.742736816	21.3594837189
610.50189209	17.1000061035
611.261047363	9.36677455902
612.020263672	11.8352251053
612.779418945	22.0061988831
613.538574219	25.0471363068
614.297790527	19.0880966187
615.056945801	5.01178598404
615.816101074	38.1547431946
616.575256348	8.62396526337
617.334472656	17.7275485992
618.09362793	11.3798141479
618.852783203	16.4620418549
619.611999512	14.5394411087
620.371154785	13.7064466476
621.130310059	16.923286438
621.889526367	13.1458282471
622.648681641	7.30619621277
623.407836914	9.06692123413
624.166992188	17.9763126373
624.926208496	12.4201364517
625.68536377	15.8152303696
626.444519043	19.6126384735
627.203735352	14.9794960022
627.962890625	19.6624927521
628.722045898	19.9056091309
629.481201172	16.7174816132
630.24041748	16.0779933929
630.999572754	17.8114356995
631.758728027	27.027513504
632.517944336	18.9886398315
633.277099609	11.7359676361
634.036254883	27.1608161926
634.795471191	23.8856468201
635.554626465	21.645242691
636.313781738	20.4612045288
637.072937012	24.0081539154
637.83215332	20.5599784851
638.591308594	17.1887149811
639.350463867	20.2049636841
640.109680176	19.3164215088
640.868835449	20.554227829
641.627990723	13.6338615417
642.387207031	11.9448719025
643.146362305	23.0272521973
643.905517578	27.3270702362
644.664672852	24.3959007263
645.42388916	27.5439186096
646.183044434	21.266374588
646.942199707	20.8308105469
647.701416016	23.8587093353
648.460571289	16.8853645325
649.219726563	13.7713956833
649.978881836	19.877456665
650.738098145	13.8139266968
651.497253418	17.6221675873
652.256408691	25.7561225891
653.015625	21.2912845612
653.774780273	10.248421669
654.533935547	16.2496871948
655.293151855	28.5216960907
656.052307129	24.6391105652
656.811462402	19.3591556549
657.570617676	23.9457778931
658.329833984	21.5502471924
659.088989258	20.572385788
659.848144531	21.1875724792
660.60736084	26.0876941681
661.366516113	23.7017211914
662.125671387	21.3154735565
662.884887695	26.1997890472
663.644042969	25.0222206116
664.403198242	24.4256763458
665.162353516	29.1406860352
665.921569824	33.6601028442
666.680725098	33.332447052
667.439880371	28.4537982941
668.19909668	20.1882419586
668.958251953	17.7907943726
669.717407227	24.4319515228
670.4765625	27.1071052551
671.235778809	10.8531141281
671.994934082	16.9465408325
672.754089355	12.1312170029
673.513305664	10.5018901825
674.272460938	22.4161186218
675.031616211	28.5527591705
675.79083252	22.8007507324
676.549987793	15.7913961411
677.309143066	10.9838228226
678.06829834	17.9958896637
678.827514648	36.1780548096
679.586669922	21.9428710938
680.345825195	22.5473461151
681.105041504	17.4030342102
681.864196777	15.8462247849
682.623352051	16.6324634552
683.382568359	15.7682723999
684.141723633	11.8151912689
684.900878906	19.1137275696
685.66003418	23.0720844269
686.419250488	13.5603113174
687.178405762	18.415184021
687.937561035	12.2807359695
688.696777344	10.8879814148
689.455932617	26.5229434967
690.215087891	10.1313552856
690.974243164	18.9648647308
691.733459473	13.1376619339
692.492614746	17.4282646179
693.25177002	10.4077997208
694.010986328	9.54531860352
694.770141602	13.050031662
695.529296875	16.8880271912
696.288513184	21.2793617249
697.047668457	14.1093912125
697.80682373	19.1448974609
698.565979004	12.3777599335
699.325195313	10.6885271072
700.084350586	11.9872465134
700.843505859	19.2733612061
701.602722168	18.8619918823
702.361877441	16.0488643646
703.121032715	12.3258247375
703.880249023	10.1063489914
704.639404297	13.0424890518
705.39855957	17.5441493988
706.157714844	15.4407701492
706.916931152	10.2789115906
707.676086426	13.8911991119
708.435241699	12.2050552368
709.194458008	20.9438610077
709.953613281	17.8519554138
710.712768555	20.2833366394
711.471923828	9.80965518951
712.231140137	11.6249389648
712.99029541	8.13950920105
713.749450684	13.3449668884
714.508666992	19.7269020081
715.267822266	18.3904590607
716.026977539	18.0254821777
716.786193848	20.8438167572
717.545349121	18.4930000305
718.304504395	21.2833881378
719.063659668	19.6458892822
719.822875977	16.2782211304
720.58203125	8.76761341095
721.341186523	13.3441343307
722.100402832	12.497674942
722.859558105	13.6041641235
723.618713379	12.7006750107
724.377929688	18.4177837372
725.137084961	24.109172821
725.896240234	23.3844547272
726.655395508	18.6991348267
727.414611816	17.5011119843
728.17376709	28.0863304138
728.932922363	34.5350761414
729.692138672	30.9165210724
730.451293945	24.098236084
731.210449219	18.2045726776
731.969604492	11.4331321716
732.728820801	5.5993065834
733.487976074	13.313492775
734.247131348	10.0007619858
735.006347656	20.4635677338
735.76550293	25.2722358704
736.524658203	23.3838825226
737.283874512	23.0489273071
738.043029785	19.5427455902
738.802185059	26.7702083588
739.561340332	25.5094795227
740.320556641	40.8731918335
741.079711914	20.9176712036
741.838867188	30.3652553558
742.598083496	21.6320171356
743.35723877	26.7411003113
744.116394043	33.490776062
744.875610352	42.2057495117
745.634765625	34.0553741455
746.393920898	22.8524742126
747.153076172	20.7730808258
747.91229248	22.5345020294
748.671447754	26.1886901855
749.430603027	31.7267894745
750.189819336	30.2636299133
750.948974609	31.4486408234
751.708129883	40.9160308838
752.467285156	27.1032085419
753.226501465	24.2155818939
753.985656738	20.4678840637
754.744812012	35.2368469238
755.50402832	33.141456604
756.263183594	28.5917568207
757.022338867	29.2815895081
757.781555176	31.0312614441
758.540710449	29.4260196686
759.299865723	30.2782974243
760.059020996	33.3212471008
760.818237305	28.6963768005
761.577392578	27.0334873199
762.336547852	32.806388855
763.09576416	27.5290527344
763.854919434	36.0457267761
764.614074707	33.8556175232
765.37322998	27.5167636871
766.132446289	31.7981719971
766.891601563	24.2218017578
767.650756836	46.3957633972
768.409973145	39.1034736633
769.169128418	33.260471344
769.928283691	39.3285064697
770.6875	39.1185531616
771.446655273	39.6567726135
772.205810547	42.7267036438
772.96496582	38.1335449219
773.724182129	29.3577346802
774.483337402	27.0505886078
775.242492676	33.5619239807
776.001708984	35.1130180359
776.760864258	33.4930648804
777.520019531	36.1898269653
778.27923584	32.1678924561
779.038391113	27.4115867615
779.797546387	25.654794693
780.55670166	33.0654830933
781.315917969	38.8345947266
782.075073242	36.5513725281
782.834228516	33.1833152771
783.593444824	35.9344520569
784.352600098	37.8111114502
785.111755371	28.2738933563
785.870910645	32.5255851746
786.630126953	28.8730049133
787.389282227	35.5411376953
788.1484375	33.1113128662
788.907653809	38.1490097046
789.666809082	31.0122718811
790.425964355	38.107624054
791.185180664	32.5066146851
791.944335938	27.3671951294
792.703491211	35.971118927
793.462646484	42.6879005432
794.221862793	36.8871269226
794.981018066	27.8545475006
795.74017334	33.8266372681
796.499389648	48.9101982117
797.258544922	42.6553916931
798.017700195	39.7319145203
798.776916504	49.1103363037
799.536071777	36.3877563477
800.295227051	47.7976493835
801.054382324	30.7664451599
801.813598633	37.3346290588
802.572753906	57.3386383057
803.33190918	46.4456176758
804.091125488	41.454624176
804.850280762	44.8695259094
805.609436035	43.4574890137
806.368591309	46.6586761475
807.127807617	46.5684738159
807.886962891	39.9705848694
808.646118164	43.1942329407
809.405334473	46.872795105
810.164489746	37.8412857056
810.92364502	37.0062141418
811.682861328	36.1688804626
812.442016602	36.2610282898
813.201171875	27.2236557007
813.960327148	54.2179946899
814.719543457	39.0836601257
815.47869873	44.2436790466
816.237854004	48.6776809692
816.997070313	44.5397491455
817.756225586	44.0133666992
818.515380859	48.4998283386
819.274597168	46.6878852844
820.033752441	42.882232666
820.792907715	52.5035858154
821.552062988	57.8577270508
822.311279297	45.2009315491
823.07043457	50.6865119934
823.829589844	57.4340515137
824.588806152	45.4952774048
825.347961426	35.7348251343
826.107116699	38.2204627991
826.866271973	47.8291511536
827.625488281	48.7023544312
828.384643555	47.6014480591
829.143798828	39.0710945129
829.903015137	55.7834739685
830.66217041	43.7985649109
831.421325684	45.2956466675
832.180541992	58.109954834
832.939697266	58.2259941101
833.698852539	50.5898704529
834.458007813	50.1895828247
835.217224121	53.0420379639
835.976379395	51.5300598145
836.735534668	53.057598114
837.494750977	51.5091438293
838.25390625	40.5927429199
839.013061523	47.5640411377
839.772277832	46.2473068237
840.531433105	48.7656898499
841.290588379	42.1300239563
842.049743652	61.0704040527
842.808959961	45.2336807251
843.568115234	53.3261299133
844.327270508	54.0669593811
845.086486816	56.5484428406
845.84564209	48.8767929077
846.604797363	55.4560928345
847.363952637	55.3336372375
848.123168945	53.0251731873
848.882324219	60.8923110962
849.641479492	63.9376449585
850.400695801	62.5203552246
851.159851074	51.3848381042
851.919006348	56.9363365173
852.678222656	47.282409668
853.43737793	47.9446258545
854.196533203	36.5684509277
854.955688477	52.3750724792
855.714904785	50.407459259
856.474060059	48.4225158691
857.233215332	49.399307251
857.992431641	46.1626815796
858.751586914	56.5632667542
859.510742188	55.6846809387
860.269958496	48.867515564
861.02911377	53.9049758911
861.788269043	51.1060066223
862.547424316	40.201084137
863.306640625	45.1595573425
864.065795898	46.1482772827
864.824951172	33.5410232544
865.58416748	40.6168022156
866.343322754	40.9761619568
867.102478027	38.3617019653
867.861633301	35.7018661499
868.620849609	35.999420166
869.380004883	37.6678886414
870.139160156	40.8915977478
870.898376465	26.3081684113
871.657531738	32.7155303955
872.416687012	49.8583946228
873.17590332	39.2244300842
873.935058594	47.7419624329
874.694213867	37.8536071777
875.453369141	33.6250762939
876.212585449	32.6691169739
876.971740723	33.1875648499
877.730895996	31.0289783478
878.490112305	24.8703231812
879.249267578	26.4790096283
880.008422852	31.2854824066
880.767578125	29.1007423401
881.526794434	31.2815647125
882.285949707	30.1190414429
883.04510498	27.8020992279
883.804321289	30.7437572479
884.563476563	32.5560874939
885.322631836	28.1710300446
886.081848145	23.6007537842
886.841003418	26.1391582489
887.600158691	19.975566864
888.359313965	31.7004337311
889.118530273	24.6360797882
889.877685547	28.0949859619
890.63684082	30.6613140106
891.396057129	34.4157447815
892.155212402	37.9789619446
892.914367676	30.9701538086
893.673583984	27.4032669067
894.432739258	26.3373317719
895.191894531	21.1322975159
895.951049805	21.0888538361
896.710266113	27.3287582397
897.469421387	27.8135128021
898.22857666	22.6941108704
898.987792969	21.1783103943
899.746948242	13.2191257477
900.506103516	15.7500228882
901.265258789	19.9291439056
902.024475098	18.9855766296
902.783630371	25.2114505768
903.542785645	16.7561416626
904.302001953	23.2931365967
905.061157227	28.8139324188
905.8203125	23.9965629578
906.579528809	30.2742786407
907.338684082	11.4064950943
908.097839355	14.8512716293
908.856994629	10.4596529007
909.616210938	18.3133277893
910.375366211	23.6090869904
911.134521484	25.361114502
911.893737793	18.0085525513
912.652893066	5.73997974396
913.41204834	8.85208415985
914.171264648	14.6596775055
914.930419922	8.27541732788
915.689575195	7.70424556732
916.448730469	15.1176013947
917.207946777	21.2041282654
917.967102051	9.67342185974
918.726257324	16.0154285431
919.485473633	6.44744300842
920.244628906	19.5721340179
921.00378418	14.1908416748
921.762939453	13.7373151779
922.522155762	15.6359443665
923.281311035	4.05409145355
924.040466309	7.9707736969
924.799682617	2.25984477997
925.558837891	14.1630382538
926.317993164	9.90808963776
927.077209473	2.76933455467
927.836364746	-0.22505491972
928.59552002	3.59088873863
929.354675293	-0.949521243572
930.113891602	3.31711935997
930.873046875	5.20358943939
931.632202148	-0.431425333023
932.391418457	0.457682311535
933.15057373	4.86584997177
933.909729004	13.0064706802
934.668945313	15.5013523102
935.428100586	11.0773668289
936.187255859	16.0191040039
936.946411133	13.3262281418
937.705627441	17.7810707092
938.464782715	18.2840862274
939.223937988	12.0313968658
939.983154297	1.6114525795
940.74230957	1.69332647324
941.501464844	4.84929704666
942.260620117	12.7190732956
943.019836426	4.61455965042
943.778991699	9.60979366302
944.538146973	1.76579511166
945.297363281	4.43685483932
946.056518555	-5.64728689194
946.815673828	8.4186258316
947.574890137	14.9585208893
948.33404541	11.8022356033
949.093200684	14.6620635986
949.852355957	13.2479047775
950.611572266	6.14149904251
951.370727539	7.11344861984
952.129882813	2.83512330055
952.889099121	2.40974736214
953.648254395	15.2227306366
954.407409668	11.037484169
955.166625977	1.92543232441
955.92578125	4.72221088409
956.684936523	3.30002617836
957.444091797	7.21908855438
958.203308105	9.71317672729
958.962463379	15.9215764999
959.721618652	12.7195148468
960.480834961	12.2413740158
961.239990234	13.0924434662
961.999145508	5.25061130524
962.758300781	0.693782806396
963.51751709	5.52936267853
964.276672363	22.2799377441
965.035827637	7.35470104218
965.795043945	-0.949001431465
966.554199219	15.9812002182
967.313354492	7.57824134827
968.072570801	-0.939480960369
968.831726074	-0.944276988506
969.590881348	0.0317009240389
970.350036621	2.5587041378
971.10925293	15.7362642288
971.868408203	20.389793396
972.627563477	8.69975566864
973.386779785	1.88524985313
974.145935059	3.11064791679
974.905090332	6.75233602524
975.664306641	2.39730334282
976.423461914	-2.8792822361
977.182617188	5.09455919266
977.941772461	10.4533195496
978.70098877	8.4737443924
979.460144043	-0.0719150677323
980.219299316	9.01114940643
980.978515625	17.3307380676
981.737670898	23.8654918671
982.496826172	18.0494785309
983.255981445	5.78390932083
984.015197754	12.8257875443
984.774353027	16.8335647583
985.533508301	9.80337810516
986.292724609	10.2695426941
987.051879883	9.08551692963
987.811035156	12.0173969269
988.570251465	14.0180768967
989.329406738	20.3221187592
990.088562012	12.1801567078
990.847717285	15.9391975403
991.606933594	19.976896286
992.366088867	23.7124080658
993.125244141	18.0318431854
993.884460449	16.9055404663
994.643615723	15.4790353775
995.402770996	20.5008029938
996.161987305	8.43013286591
996.921142578	4.72674131393
997.680297852	8.64294815063
998.439453125	14.6161003113
999.198669434	12.1660366058
999.957824707	7.69869804382
1000.71697998	5.0648560524
1001.47619629	2.56962633133
1002.23535156	7.5312128067
1002.99450684	9.29562473297
1003.75366211	5.08741140366
1004.51287842	7.87651395798
1005.27203369	11.6067466736
1006.03118896	9.48886489868
1006.79040527	3.14079093933
1007.54956055	8.21526145935
1008.30871582	9.18536281586
1009.06793213	9.96808719635
1009.8270874	16.295791626
1010.58624268	25.271112442
1011.34539795	3.66671895981
1012.10461426	4.79252195358
1012.86376953	11.9120674133
1013.6229248	12.7654380798
1014.38214111	10.4701595306
1015.14129639	24.0844860077
1015.90045166	-20.456155777
1016.65960693	24.0924072266
1017.41882324	26.4117202759
1018.17797852	12.8803873062
1018.93713379	-2.32498764992
1019.6963501	7.18393278122
1020.45550537	19.1363639832
1021.21466064	9.74864578247
1021.97387695	12.6362895966
1022.73303223	16.2485408783
1023.4921875	15.8623189926
1024.25134277	32.9345932007
1025.01049805	19.8694763184
1025.76977539	22.5700778961
1026.52893066	12.3099546432
1027.28808594	2.97289633751
1028.04724121	14.4167823792
1028.80639648	15.2668876648
1029.56555176	2.89427638054
1030.32470703	-7.48703289032
1031.08398438	1.45435380936
1031.84313965	15.1081705093
1032.60229492	18.4061222076
1033.3614502	18.6618061066
1034.12060547	14.4571933746
1034.87976074	12.6432056427
1035.63891602	11.6081190109
1036.39819336	6.91214561462
1037.15734863	9.63975334167
1037.91650391	15.1143712997
1038.67565918	16.9232177734
1039.43481445	8.31363582611
1040.19396973	18.0115203857
1040.953125	22.7222518921
1041.71240234	7.83276700974
1042.47155762	8.36941146851
1043.23071289	7.14614439011
1043.98986816	33.3178977966
1044.74902344	18.2778568268
1045.50817871	6.47033023834
1046.26745605	6.90464878082
1047.02661133	21.8018951416
1047.7857666	0.105056196451
1048.54492188	6.65046548843
1049.30407715	14.0091381073
1050.06323242	18.1831169128
1050.8223877	-11.9467353821
1051.58166504	-0.549587070942
1052.34082031	-6.11065340042
1053.09997559	8.65976142883
1053.85913086	-6.45187234879
1054.61828613	-0.607909440994
1055.37744141	9.73056030273
1056.13659668	9.0537405014
1056.89587402	24.8505172729
1057.6550293	10.0394496918
1058.41418457	6.04555273056
1059.17333984	0.0648085400462
1059.93249512	9.20735549927
1060.69165039	10.5923643112
1061.45080566	2.57072639465
1062.21008301	1.15165174007
1062.96923828	-5.16304636002
1063.72839355	-3.87886762619
1064.48754883	-3.49379754066
1065.2467041	1.37772262096
1066.00585938	-1.30239295959
1066.76513672	-1.02072310448
1067.52429199	4.10656499863
1068.28344727	6.71755647659
1069.04260254	1.39272665977
1069.80175781	7.138422966
1070.56091309	11.1534671783
1071.32006836	1.60982620716
1072.0793457	0.0229963026941
1072.83850098	4.35093736649
1073.59765625	-7.58949327469
1074.35681152	-9.34471225739
1075.1159668	-5.9905872345
1075.87512207	-7.19661235809
1076.63427734	-3.6636235714
1077.39355469	2.01865053177
1078.15270996	-5.7969326973
1078.91186523	1.04571795464
1079.67102051	-6.47588920593
1080.43017578	-2.92770290375
1081.18933105	-3.78591918945
1081.94848633	-4.5461063385
1082.70776367	2.7654747963
1083.46691895	-3.239382267
1084.22607422	-4.81629133224
1084.98522949	-5.32282686234
1085.74438477	-2.91395688057
1086.50354004	2.01633620262
1087.26281738	0.0785581916571
1088.02197266	1.27972531319
1088.78112793	2.93832039833
1089.5402832	-2.45166826248
1090.29943848	-7.69514226913
1091.05859375	-2.32631158829
1091.81774902	1.25562334061
1092.57702637	4.52902698517
1093.33618164	10.0093078613
1094.09533691	9.15606212616
1094.85449219	-0.922799885273
1095.61364746	2.9765484333
1096.37280273	4.68323945999
1097.13195801	-4.19820451736
1097.89123535	-4.31618881226
1098.65039063	-9.35839939117
1099.4095459	3.99355506897
1100.16870117	3.37221240997
1100.92785645	14.4081878662
1101.68701172	9.90821361542
1102.44616699	14.9339046478
1103.20544434	-8.83984088898
1103.96459961	3.07864165306
1104.72375488	5.66579532623
1105.48291016	13.9076728821
1106.24206543	7.13984584808
1107.0012207	8.33484840393
1107.76049805	12.2970638275
1108.51965332	4.69040060043
1109.27880859	4.00750398636
1110.03796387	16.2604904175
1110.79711914	23.8043384552
1111.55627441	13.3575572968
1112.31542969	10.7699670792
1113.07470703	22.4433345795
1113.8338623	15.3479614258
1114.59301758	15.0091810226
1115.35217285	26.1484889984
1116.11132813	25.1798267365
1116.8704834	14.3973817825
1117.62963867	23.1561965942
1118.38891602	33.7514381409
1119.14807129	39.5485839844
1119.90722656	29.0617923737
1120.66638184	28.3397731781
1121.42553711	37.9297637939
1122.18469238	38.4574394226
1122.94384766	17.0294857025
1123.703125	28.3788166046
1124.46228027	26.9551372528
1125.22143555	16.580039978
1125.98059082	40.3404426575
1126.73974609	35.0858306885
1127.49890137	31.1403598785
1128.25817871	50.2968215942
1129.01733398	49.0437927246
1129.77648926	40.4638023376
1130.53564453	51.9133529663
1131.2947998	50.4624519348
1132.05395508	47.0643424988
1132.81311035	61.2100601196
1133.5723877	47.7627601624
1134.33154297	56.1811828613
1135.09069824	59.4493370056
1135.84985352	59.9721298218
1136.60900879	74.0071258545
1137.36816406	77.3753204346
1138.12731934	71.9866714478
1138.88659668	80.4264602661
1139.64575195	88.4203186035
1140.40490723	76.2227706909
1141.1640625	69.3531112671
1141.92321777	81.2877044678
1142.68237305	85.1328811646
1143.44152832	81.5704727173
1144.20080566	87.8858032227
1144.95996094	102.165557861
1145.71911621	100.377555847
1146.47827148	95.2400741577
1147.23742676	98.1428070068
1147.99658203	105.115791321
1148.75585938	110.247535706
1149.51501465	112.815856934
1150.27416992	132.046112061
1151.0333252	112.194450378
1151.79248047	109.712051392
1152.55163574	151.117660522
1153.31079102	122.698738098
1154.07006836	128.159881592
1154.82922363	117.275878906
1155.58837891	126.072776794
1156.34753418	143.691757202
1157.10668945	137.554031372
1157.86584473	152.986129761
1158.625	140.95123291
1159.38427734	143.934295654
1160.14343262	139.221679688
1160.90258789	173.57119751
1161.66174316	154.474960327
1162.42089844	140.604934692
1163.18005371	151.006759644
1163.93920898	150.589111328
1164.69848633	153.448455811
1165.4576416	155.150695801
1166.21679688	148.936309814
1166.97595215	163.807296753
1167.73510742	157.293960571
1168.4942627	150.564987183
1169.25354004	168.231506348
1170.01269531	161.692901611
1170.77185059	158.316345215
1171.53100586	165.520355225
1172.29016113	153.760116577
1173.04931641	160.895462036
1173.80847168	166.423934937
1174.56774902	159.949829102
1175.3269043	176.0909729
1176.08605957	175.734313965
1176.84521484	183.558120728
1177.60437012	189.49949646
1178.36352539	180.984695435
1179.12268066	185.278121948
1179.88195801	168.812194824
1180.64111328	186.107757568
1181.40026855	166.213989258
1182.15942383	175.652114868
1182.9185791	172.913375854
1183.67773438	198.977493286
1184.43688965	191.632675171
1185.19616699	194.558151245
1185.95532227	191.632675171
1186.71447754	197.305236816
1187.47363281	198.347549438
1188.23278809	206.930343628
1188.99194336	193.932571411
1189.7512207	217.661224365
1190.51037598	203.024841309
1191.26953125	208.038482666
1192.02868652	205.078491211
1192.7878418	205.781448364
1193.54699707	194.513290405
1194.30615234	206.789871216
1195.06542969	211.928131104
1195.82458496	194.842834473
1196.58374023	206.831085205
1197.34289551	208.101730347
1198.10205078	221.118484497
1198.86120605	242.631576538
1199.62036133	206.955154419
1200.37963867	212.746612549
1201.13879395	238.098999023
1201.89794922	205.756500244
1202.65710449	190.902023315
1203.41625977	226.820022583
1204.17541504	230.276596069
1204.93457031	234.750488281
1205.69384766	240.631378174
1206.45300293	233.011230469
1207.2121582	232.925750732
1207.97131348	241.166122437
1208.73046875	249.621780396
1209.48962402	249.755233765
1210.2487793	250.826171875
1211.00805664	262.320465088
1211.76721191	262.735229492
1212.52636719	263.167755127
1213.28552246	269.65625
1214.04467773	256.169921875
1214.80383301	255.689071655
1215.56311035	259.828735352
1216.32226563	245.168243408
1217.0814209	258.576721191
1217.84057617	279.977996826
1218.59973145	280.810546875
1219.35888672	285.442565918
1220.11804199	278.241607666
1220.87731934	278.074035645
1221.63647461	289.446563721
1222.39562988	280.969787598
1223.15478516	290.332794189
1223.91394043	286.255065918
1224.6730957	290.909790039
1225.43225098	295.206451416
1226.19152832	299.296203613
1226.95068359	302.343902588
1227.70983887	304.97076416
1228.46899414	313.451629639
1229.22814941	296.190551758
1229.98730469	323.141296387
1230.74645996	345.207000732
1231.5057373	330.164672852
1232.26489258	313.616119385
1233.02404785	311.098632813
1233.78320313	341.406402588
1234.5423584	332.287689209
1235.30151367	352.177978516
1236.06079102	345.211639404
1236.81994629	360.551635742
1237.57910156	385.452301025
1238.33825684	362.945495605
1239.09741211	375.120574951
1239.85656738	357.177825928
1240.61572266	337.719848633
1241.375	353.806488037
1242.13415527	400.376464844
1242.89331055	371.571929932
1243.65246582	383.280578613
1244.41162109	359.12387085
1245.17077637	415.425750732
1245.92993164	405.583251953
1246.68920898	409.943206787
1247.44836426	429.268798828
1248.20751953	422.98928833
1248.9666748	413.533996582
1249.72583008	434.059539795
1250.48498535	430.433563232
1251.24414063	426.374023438
1252.00341797	444.363861084
1252.76257324	465.811767578
1253.52172852	449.842193604
1254.28088379	431.606506348
1255.04003906	435.599914551
1255.79919434	485.674530029
1256.55847168	501.655578613
1257.31762695	459.617279053
1258.07678223	457.655395508
1258.8359375	502.037139893
1259.59509277	470.919128418
1260.35424805	505.48626709
1261.11340332	537.833374023
1261.87268066	517.079406738
1262.63183594	519.454467773
1263.39099121	533.881347656
1264.15014648	527.575073242
1264.90930176	542.739562988
1265.66845703	534.394348145
1266.4276123	545.694946289
1267.18688965	558.393249512
1267.94604492	562.524230957
1268.7052002	574.887084961
1269.46435547	606.686157227
1270.22351074	600.265930176
1270.98266602	604.481872559
1271.74182129	597.861450195
1272.50109863	632.779846191
1273.26025391	653.696838379
1274.01940918	637.89453125
1274.77856445	665.614135742
1275.53771973	654.652893066
1276.296875	674.090881348
1277.05615234	671.93182373
1277.81530762	694.62298584
1278.57446289	689.597229004
1279.33361816	706.044433594
1280.09277344	738.086669922
1280.85192871	713.674255371
1281.61108398	707.501525879
1282.37036133	717.725646973
1283.1295166	747.641662598
1283.88867188	782.028259277
1284.64782715	750.503173828
1285.40698242	779.340332031
1286.1661377	773.463562012
1286.92529297	791.226013184
1287.68457031	850.92791748
1288.44372559	842.639831543
1289.20288086	888.330871582
1289.96203613	872.659179688
1290.72119141	884.792724609
1291.48034668	902.872497559
1292.23950195	909.177307129
1292.9987793	907.545349121
1293.75793457	928.682312012
1294.51708984	921.699768066
1295.27624512	929.298583984
1296.03540039	959.858032227
1296.79455566	1003.12811279
1297.55383301	992.857788086
1298.31298828	986.584289551
1299.07214355	992.764953613
1299.83129883	1028.17016602
1300.5904541	1024.82141113
1301.34960938	1063.93530273
1302.10876465	1070.26281738
1302.86804199	1073.74023438
1303.62719727	1091.64990234
1304.38635254	1100.2911377
1305.14550781	1107.45922852
1305.90466309	1123.19799805
1306.66381836	1140.80310059
1307.42297363	1131.42529297
1308.18225098	1149.13342285
1308.94140625	1143.55310059
1309.70056152	1152.51428223
1310.4597168	1209.9576416
1311.21887207	1209.68273926
1311.97802734	1254.53125
1312.73718262	1240.2956543
1313.49645996	1233.12243652
1314.25561523	1272.98815918
1315.01477051	1257.93896484
1315.77392578	1266.49072266
1316.53308105	1283.43518066
1317.29223633	1277.49926758
1318.05151367	1302.71923828
1318.81066895	1291.66540527
1319.56982422	1321.66625977
1320.32897949	1322.94055176
1321.08813477	1307.40905762
1321.84729004	1357.33178711
1322.60644531	1365.7479248
1323.36572266	1394.71081543
1324.12487793	1422.53295898
1324.8840332	1394.63024902
1325.64318848	1377.32250977
1326.40234375	1391.51391602
1327.16149902	1408.20983887
1327.9206543	1368.14282227
1328.67993164	1384.80102539
1329.43908691	1437.77160645
1330.19824219	1415.92382813
1330.95739746	1386.98937988
1331.71655273	1410.77404785
1332.47570801	1411.4519043
1333.23486328	1405.5670166
1333.99414063	1376.92687988
1334.7532959	1374.05419922
1335.51245117	1418.0369873
1336.27160645	1441.5703125
1337.03076172	1415.10913086
1337.78991699	1381.85095215
1338.54919434	1386.18640137
1339.30834961	1376.46069336
1340.06750488	1438.08557129
1340.82666016	1394.37646484
1341.58581543	1370.62854004
1342.3449707	1369.38977051
1343.10412598	1367.12915039
1343.86340332	1347.32641602
1344.62255859	1347.52380371
1345.38171387	1325.46459961
1346.14086914	1337.1072998
1346.90002441	1353.54150391
1347.65917969	1291.34179688
1348.41833496	1302.89318848
1349.1776123	1298.21496582
1349.93676758	1287.52026367
1350.69592285	1282.29064941
1351.45507813	1283.63916016
1352.2142334	1279.11730957
1352.97338867	1241.83508301
1353.73254395	1270.3737793
1354.49182129	1245.59082031
1355.25097656	1234.4005127
1356.01013184	1179.31286621
1356.76928711	1180.25488281
1357.52844238	1189.26196289
1358.28759766	1175.0559082
1359.046875	1160.45361328
1359.80603027	1150.98693848
1360.56518555	1151.50756836
1361.32434082	1128.23962402
1362.08349609	1122.01318359
1362.84265137	1125.60375977
1363.60180664	1103.97033691
1364.36108398	1074.9395752
1365.12023926	1067.92297363
1365.87939453	1051.97497559
1366.6385498	1004.06762695
1367.39770508	1015.16223145
1368.15686035	1015.83465576
1368.91601563	979.283874512
1369.67529297	964.210876465
1370.43444824	939.780456543
1371.19360352	930.041564941
1371.95275879	912.017211914
1372.71191406	893.993530273
1373.47106934	893.037658691
1374.23022461	872.312194824
1374.98950195	829.558410645
1375.74865723	846.273864746
1376.5078125	867.641784668
1377.26696777	830.697998047
1378.02612305	794.889648438
1378.78527832	809.735534668
1379.54455566	783.393920898
1380.30371094	781.604797363
1381.06286621	781.753967285
1381.82202148	731.543273926
1382.58117676	737.910644531
1383.34033203	723.533325195
1384.0994873	709.401306152
1384.85876465	694.971679688
1385.61791992	685.392883301
1386.3770752	635.006896973
1387.13623047	653.347961426
1387.89538574	627.829101563
1388.65454102	604.321533203
1389.41369629	622.829772949
1390.17297363	597.887451172
1390.93212891	569.84967041
1391.69128418	574.858825684
1392.45043945	555.871520996
1393.20959473	556.265625
1393.96875	537.453125
1394.72790527	499.597808838
1395.48718262	500.648803711
1396.24633789	484.435333252
1397.00549316	479.162780762
1397.76464844	449.479949951
1398.52380371	453.540527344
1399.28295898	434.770141602
1400.04223633	419.946258545
1400.8013916	436.490356445
1401.56054688	422.238555908
1402.31970215	405.853942871
1403.07885742	417.149017334
1403.8380127	407.818939209
1404.59716797	385.006591797
1405.35644531	386.348480225
1406.11560059	334.862548828
1406.87475586	332.440216064
1407.63391113	358.841125488
1408.39306641	337.950286865
1409.15222168	321.180145264
1409.91137695	310.510131836
1410.6706543	296.896331787
1411.42980957	311.300537109
1412.18896484	320.662261963
1412.94812012	292.52154541
1413.70727539	276.183319092
1414.46643066	273.021209717
1415.22558594	275.33190918
1415.98486328	258.09286499
1416.74401855	268.689208984
1417.50317383	245.798736572
1418.2623291	206.635177612
1419.02148438	224.815628052
1419.78063965	231.590927124
1420.53991699	238.183547974
1421.29907227	204.595550537
1422.05822754	183.514770508
1422.81738281	178.876983643
1423.57653809	148.510910034
1424.33569336	168.915603638
1425.09484863	157.52281189
1425.85412598	160.014343262
1426.61328125	138.798919678
1427.37243652	174.543457031
1428.1315918	162.415313721
1428.89074707	121.972702026
1429.64990234	155.320022583
1430.40905762	147.926132202
1431.16833496	145.076477051
1431.92749023	121.112762451
1432.68664551	120.344726563
1433.44580078	128.673965454
1434.20495605	106.050338745
1434.96411133	124.869338989
1435.7232666	117.730567932
1436.48254395	87.3125686646
1437.24169922	86.1613464355
1438.00085449	82.8699874878
1438.76000977	82.1941146851
1439.51916504	82.1869354248
1440.27832031	70.7814483643
1441.03759766	73.2742080688
1441.79675293	100.297424316
1442.5559082	87.5927429199
1443.31506348	68.479850769
1444.07421875	71.8180160522
1444.83337402	68.2013397217
1445.5925293	46.3897209167
1446.35180664	41.2218399048
1447.11096191	50.8140296936
1447.87011719	39.480922699
1448.62927246	42.6819992065
1449.38842773	57.5445747375
1450.14758301	46.2408905029
1450.90673828	25.9412326813
1451.66601563	38.2961807251
1452.4251709	44.4961547852
1453.18432617	25.2187156677
1453.94348145	18.8514938354
1454.70263672	18.4049243927
1455.46179199	29.5973339081
1456.22094727	-0.0508950427175
1456.98022461	22.8765010834
1457.73937988	6.64581346512
1458.49853516	33.0309715271
1459.25769043	57.7060470581
1460.0168457	14.8333902359
1460.77600098	18.2629814148
1461.53515625	10.688788414
1462.29443359	6.12674331665
1463.05358887	9.31280422211
1463.81274414	10.5754032135
1464.57189941	4.35777759552
1465.33105469	8.15809631348
1466.09020996	-5.11964845657
1466.8494873	-8.52019500732
1467.60864258	8.70926189423
1468.36779785	8.20965385437
1469.12695313	2.40462589264
1469.8861084	1.38914871216
1470.64526367	-3.08763217926
1471.40441895	4.29923439026
1472.16369629	-1.7518247366
1472.92285156	1.98623812199
1473.68200684	-5.24335050583
1474.44116211	-19.5498809814
1475.20031738	-9.92830371857
1475.95947266	-19.9967899323
1476.71862793	-5.94137620926
1477.47790527	11.9140853882
1478.23706055	-14.0448436737
1478.99621582	-10.0579710007
1479.75537109	-11.2551202774
1480.51452637	-0.679807901382
1481.27368164	27.0694541931
1482.03283691	15.9944982529
1482.79211426	1.75608730316
1483.55126953	0.184304624796
1484.3104248	11.0295143127
1485.06958008	-2.55447554588
1485.82873535	-11.2753667831
1486.58789063	-9.53629779816
1487.34716797	-10.4799690247
1488.10632324	-6.26445960999
1488.86547852	6.40826463699
1489.62463379	6.54265880585
1490.38378906	-4.20362329483
1491.14294434	5.04508924484
1491.90209961	16.4392490387
1492.66137695	8.46560955048
1493.42053223	23.4613304138
1494.1796875	13.7362279892
1494.93884277	1.71052730083
1495.69799805	-7.17296171188
1496.45715332	7.98572397232
1497.21630859	26.2568378448
1497.97558594	22.2551212311
1498.73474121	14.2284431458
1499.49389648	29.6224193573
1500.25305176	14.3876514435
1501.01220703	6.31793785095
1501.7713623	46.7210655212
1502.53051758	38.1847991943
1503.28979492	20.3443241119
1504.0489502	23.4881725311
1504.80810547	25.9135761261
1505.56726074	20.2333889008
1506.32641602	30.4283256531
1507.08557129	30.5003356934
1507.84484863	61.0539627075
1508.60400391	49.6788330078
1509.36315918	55.0809211731
1510.12231445	57.3102798462
1510.88146973	67.7371520996
1511.640625	70.8246612549
1512.39978027	81.9614944458
1513.15905762	85.9537200928
1513.91821289	72.7530212402
1514.67736816	97.8877792358
1515.43652344	83.8997344971
1516.19567871	85.9668579102
1516.95483398	113.799003601
1517.71398926	125.568153381
1518.4732666	105.918418884
1519.23242188	111.217597961
1519.99157715	103.694519043
1520.75073242	119.534347534
1521.5098877	132.633575439
1522.26904297	107.751853943
1523.02819824	135.877822876
1523.78747559	128.895812988
1524.54663086	133.441452026
1525.30578613	155.051055908
1526.06494141	150.140274048
1526.82409668	167.623550415
1527.58325195	176.299804688
1528.3425293	186.287643433
1529.10168457	186.652374268
1529.86083984	188.049942017
1530.61999512	194.253921509
1531.37915039	204.704101563
1532.13830566	213.834945679
1532.89746094	226.281707764
1533.65673828	233.322647095
1534.41589355	242.389648438
1535.17504883	247.945556641
1535.9342041	251.397201538
1536.69335938	249.563812256
1537.45251465	255.272903442
1538.21166992	253.025466919
1538.97094727	272.7734375
1539.73010254	291.473480225
1540.48925781	289.580169678
1541.24841309	294.696746826
1542.00756836	325.372253418
1542.76672363	316.004455566
1543.52587891	314.003112793
1544.28515625	351.927947998
1545.04431152	356.66986084
1545.8034668	359.02166748
1546.56262207	372.388122559
1547.32177734	378.491363525
1548.08093262	398.553375244
1548.84020996	418.117614746
1549.59936523	423.326965332
1550.35852051	447.328796387
1551.11767578	448.103790283
1551.87683105	457.409210205
1552.63598633	462.848052979
1553.3951416	505.267700195
1554.15441895	472.33404541
1554.91357422	528.274719238
1555.67272949	502.789337158
1556.43188477	550.892822266
1557.19104004	578.321777344
1557.95019531	579.552368164
1558.70935059	592.615356445
1559.46862793	608.508544922
1560.2277832	606.726074219
1560.98693848	645.362792969
1561.74609375	644.665405273
1562.50524902	639.430664063
1563.2644043	681.130554199
1564.02355957	721.243835449
1564.78283691	724.230712891
1565.54199219	718.237426758
1566.30114746	767.071044922
1567.06030273	800.927062988
1567.81945801	809.02166748
1568.57861328	830.512390137
1569.33789063	857.465332031
1570.0970459	844.776000977
1570.85620117	901.66973877
1571.61535645	881.200744629
1572.37451172	934.838928223
1573.13366699	926.760559082
1573.89282227	985.460998535
1574.65209961	1009.53692627
1575.41125488	1041.55493164
1576.17041016	1074.43371582
1576.92956543	1089.2557373
1577.6887207	1128.8046875
1578.44787598	1167.50500488
1579.20703125	1184.80529785
1579.96630859	1212.15490723
1580.72546387	1211.34106445
1581.48461914	1247.5357666
1582.24377441	1283.44018555
1583.00292969	1308.28527832
1583.76208496	1335.24230957
1584.52124023	1358.83837891
1585.28051758	1405.25390625
1586.03967285	1411.59924316
1586.79882813	1450.71484375
1587.5579834	1471.80847168
1588.31713867	1484.48193359
1589.07629395	1485.04089355
1589.83557129	1512.86022949
1590.59472656	1529.78564453
1591.35388184	1567.41882324
1592.11303711	1599.21191406
1592.87219238	1616.69396973
1593.63134766	1614.04589844
1594.39050293	1632.46472168
1595.14978027	1618.42102051
1595.90893555	1617.3972168
1596.66809082	1621.5723877
1597.42724609	1647.40014648
1598.18640137	1641.44616699
1598.94555664	1673.65612793
1599.70471191	1674.47485352
1600.46398926	1655.18371582
1601.22314453	1649.03076172
1601.9822998	1636.07800293
1602.74145508	1624.60388184
1603.50061035	1624.50024414
1604.25976563	1601.2479248
1605.0189209	1597.81567383
1605.77819824	1559.46044922
1606.53735352	1547.13269043
1607.29650879	1528.12646484
1608.05566406	1492.55529785
1608.81481934	1464.20483398
1609.57397461	1426.45739746
1610.33325195	1449.11608887
1611.09240723	1370.62023926
1611.8515625	1356.10998535
1612.61071777	1322.64599609
1613.36987305	1309.62805176
1614.12902832	1247.32861328
1614.88818359	1231.9987793
1615.64746094	1199.6887207
1616.40661621	1152.30383301
1617.16577148	1107.62915039
1617.92492676	1093.68005371
1618.68408203	1043.05639648
1619.4432373	993.921325684
1620.20239258	987.217468262
1620.96166992	943.571166992
1621.7208252	895.776977539
1622.47998047	886.838500977
1623.23913574	814.932312012
1623.99829102	793.839416504
1624.75744629	745.812438965
1625.51660156	748.529724121
1626.27587891	692.586853027
1627.03503418	668.903991699
1627.79418945	617.816833496
1628.55334473	604.119934082
1629.3125	565.320007324
1630.07165527	546.227111816
1630.83093262	532.04498291
1631.59008789	505.196716309
1632.34924316	485.421081543
1633.10839844	466.148834229
1633.86755371	436.546112061
1634.62670898	421.061004639
1635.38586426	395.744445801
1636.1451416	390.494873047
1636.90429688	368.384429932
1637.66345215	377.698577881
1638.42260742	365.501556396
1639.1817627	313.766662598
1639.94091797	318.119018555
1640.70007324	313.109680176
1641.45935059	299.036712646
1642.21850586	282.936401367
1642.97766113	273.966918945
1643.73681641	267.955688477
1644.49597168	257.430450439
1645.25512695	237.52633667
1646.01428223	231.93977356
1646.77355957	231.290588379
1647.53271484	220.46647644
1648.29187012	210.529525757
1649.05102539	193.604827881
1649.81018066	176.005935669
1650.56933594	183.517456055
1651.32861328	164.017807007
1652.08776855	160.152679443
1652.84692383	159.638458252
1653.6060791	149.475234985
1654.36523438	151.553283691
1655.12438965	145.72593689
1655.88354492	120.41544342
1656.64282227	119.02809906
1657.40197754	111.168403625
1658.16113281	117.536560059
1658.92028809	107.291366577
1659.67944336	108.00125885
1660.43859863	83.6767883301
1661.19775391	85.6081695557
1661.95703125	81.1562423706
1662.71618652	85.9271087646
1663.4753418	85.9178237915
1664.23449707	71.9119491577
1664.99365234	64.7009429932
1665.75280762	58.1858558655
1666.51196289	54.1594467163
1667.27124023	57.9838867188
1668.03039551	56.4075202942
1668.78955078	45.9102554321
1669.54870605	39.1069335938
1670.30786133	59.3160591125
1671.0670166	40.888923645
1671.82629395	24.1317310333
1672.58544922	36.0202674866
1673.34460449	25.1451053619
1674.10375977	23.9759674072
1674.86291504	11.6157264709
1675.62207031	16.5764083862
1676.38122559	15.6993227005
1677.14050293	7.1639623642
1677.8996582	16.3554191589
1678.65881348	12.2312927246
1679.41796875	8.24361133575
1680.17712402	1.69715225697
1680.9362793	17.9699382782
1681.69543457	3.21949982643
1682.45471191	10.7147483826
1683.21386719	3.4053504467
1683.97302246	2.24081921577
1684.73217773	-0.384771436453
1685.49133301	6.81446695328
1686.25048828	1.75638115406
1687.00964355	0.873344123363
1687.7689209	-1.49569559097
1688.52807617	9.26729393005
1689.28723145	6.37330102921
1690.04638672	4.95654249191
1690.80554199	-2.53995919228
1691.56469727	-4.10774946213
1692.32397461	-2.76405119896
1693.08312988	10.9362859726
1693.84228516	7.84850645065
1694.60144043	4.13496398926
1695.3605957	-0.0283463913947
1696.11975098	10.9928827286
1696.87890625	12.8081188202
1697.63818359	7.02501630783
1698.39733887	11.7996635437
1699.15649414	5.63876438141
1699.91564941	1.13646459579
1700.67480469	11.5100803375
1701.43395996	2.16416788101
1702.19311523	0.385801106691
1702.95239258	5.82975673676
1703.71154785	-1.85687434673
1704.47070313	0.259320795536
1705.2298584	2.67904376984
1705.98901367	-7.85896635056
1706.74816895	-7.15088319778
1707.50732422	2.58042430878
1708.26660156	4.57482528687
1709.02575684	8.09470653534
1709.78491211	4.07894420624
1710.54406738	5.42841529846
1711.30322266	-8.56323814392
1712.06237793	-5.39913082123
1712.82165527	-2.70581626892
1713.58081055	2.88617825508
1714.33996582	-6.64704036713
1715.09912109	-12.4123153687
1715.85827637	6.44533491135
1716.61743164	0.0327824689448
1717.37658691	-3.57401442528
1718.13586426	-6.64959001541
1718.89501953	-6.63941335678
1719.6541748	-6.25814247131
1720.41333008	-7.46177148819
1721.17248535	-2.24477696419
1721.93164063	-3.42594504356
1722.6907959	-1.44918477535
1723.45007324	-11.5592756271
1724.20922852	-6.4037437439
1724.96838379	-6.22401094437
1725.72753906	1.65356707573
1726.48669434	-5.47089958191
1727.24584961	-4.34579324722
1728.00500488	-6.98554897308
1728.76428223	-1.28726017475
1729.5234375	-6.8703751564
1730.28259277	-4.83990430832
1731.04174805	-3.21998596191
1731.80090332	0.549621045589
1732.56005859	-4.62388706207
1733.31921387	-1.2383440733
1734.07849121	-8.46809482574
1734.83764648	-10.5255746841
1735.59680176	-1.7993336916
1736.35595703	-12.1225919724
1737.1151123	-15.5498228073
1737.87426758	-5.16370010376
1738.63354492	-13.0834226608
1739.3927002	-0.153842493892
1740.15185547	-3.64772439003
1740.91101074	-2.81329798698
1741.67016602	-7.05412817001
1742.42932129	-2.6465511322
1743.18847656	-4.96654367447
1743.94775391	-1.29514086246
1744.70690918	-7.38130760193
1745.46606445	0.190362110734
1746.22521973	1.39170122147
1746.984375	4.71584320068
1747.74353027	8.14954280853
1748.50268555	-2.63657879829
1749.26196289	-3.50107479095
1750.02111816	7.88477468491
1750.78027344	10.1799564362
1751.53942871	9.72748851776
1752.29858398	5.53377866745
1753.05773926	-0.255848109722
1753.81689453	-0.545138955116
1754.57617188	-1.28399395943
1755.33532715	0.45192271471
1756.09448242	10.7758216858
1756.8536377	0.579792380333
1757.61279297	4.40057849884
1758.37194824	-2.59601831436
1759.13122559	-6.14558792114
1759.89038086	-0.102405123413
1760.64953613	6.08920001984
1761.40869141	-0.815111637115
1762.16784668	1.58129703999
1762.92700195	-5.26858663559
1763.68615723	1.76715004444
1764.44543457	-1.11274182796
1765.20458984	-7.35067176819
1765.96374512	-3.0530025959
1766.72290039	8.1596288681
1767.48205566	3.98245978355
1768.24121094	3.37178826332
1769.00036621	2.56122660637
1769.75964355	-6.03901767731
1770.51879883	-1.933334589
1771.2779541	-8.60847473145
1772.03710938	3.55914378166
1772.79626465	4.84974813461
1773.55541992	-5.67825126648
1774.3145752	-11.7032289505
1775.07385254	-3.90660762787
1775.83300781	-2.46182870865
1776.59216309	-0.725103378296
1777.35131836	0.864115297794
1778.11047363	1.99257957935
1778.86962891	-5.80420351028
1779.62890625	-3.77883720398
1780.38806152	-3.10413885117
1781.1472168	-1.43963325024
1781.90637207	-2.51447701454
1782.66552734	-8.00361251831
1783.42468262	-12.8419752121
1784.18383789	2.44421887398
1784.94311523	-1.81346535683
1785.70227051	-1.73108267784
1786.46142578	-4.11061382294
1787.22058105	-3.34546160698
1787.97973633	-1.21443378925
1788.7388916	-7.06280660629
1789.49804688	-1.20970249176
1790.25732422	-3.65448999405
1791.01647949	-0.835855543613
1791.77563477	1.85660409927
1792.53479004	-0.422280311584
1793.29394531	-1.11750078201
1794.05310059	-1.91217792034
1794.81225586	4.12213945389
1795.5715332	1.44584560394
1796.33068848	0.614333748817
1797.08984375	2.02409386635
1797.84899902	-0.711623489857
1798.6081543	-2.53965640068
1799.36730957	3.02960371971
1800.12658691	2.99018120766
1800.88574219	-10.6500463486
1801.64489746	-1.52881503105
1802.40405273	-6.32454490662
1803.16320801	-1.06801378727
1803.92236328	-7.16727161407
1804.68151855	-1.47980165482
1805.4407959	0.375810474157
1806.19995117	4.83934259415
1806.95910645	6.1561460495
1807.71826172	7.23743009567
1808.47741699	-3.00179672241
1809.23657227	0.413334429264
1809.99572754	-7.64515209198
1810.75500488	6.86178159714
1811.51416016	9.77122116089
1812.27331543	5.25808382034
1813.0324707	-1.24151885509
1813.79162598	-3.54652619362
1814.55078125	1.77001786232
1815.30993652	-4.30012607574
1816.06921387	-2.14779162407
1816.82836914	8.30748558044
1817.58752441	6.66704416275
1818.34667969	4.33356380463
1819.10583496	-1.5530949831
1819.86499023	14.2111091614
1820.62426758	5.93451452255
1821.38342285	-3.03486251831
1822.14257813	6.47159051895
1822.9017334	-1.45342946053
1823.66088867	-3.09060740471
1824.42004395	-2.50856256485
1825.17919922	-5.16055679321
1825.93847656	-9.39364910126
1826.69763184	2.67354917526
1827.45678711	0.38039585948
1828.21594238	1.8729480505
1828.97509766	1.00235629082
1829.73425293	0.353993564844
1830.4934082	2.01297330856
1831.25268555	3.71089625359
1832.01184082	1.34414970875
1832.77099609	-3.65823221207
1833.53015137	2.4208984375
1834.28930664	-1.77476656437
1835.04846191	-1.91002202034
1835.80761719	-4.16872119904
1836.56689453	-0.18942604959
1837.3260498	-3.96333813667
1838.08520508	-3.33675265312
1838.84436035	5.48181867599
1839.60351563	-0.578104019165
1840.3626709	-13.6484184265
1841.12194824	5.05858373642
1841.88110352	-4.89524459839
1842.64025879	-10.2294750214
1843.39941406	-6.18252468109
1844.15856934	2.58192372322
1844.91772461	-2.18884515762
1845.67687988	-10.4201698303
1846.43615723	-10.7800931931
1847.1953125	-1.24617421627
1847.95446777	-11.9615077972
1848.71362305	-0.776298165321
1849.47277832	6.71677303314
1850.23193359	-7.7367811203
1850.99108887	-3.23646211624
1851.75036621	14.6106309891
1852.50952148	1.20468449593
1853.26867676	-2.62556314468
1854.02783203	9.18698120117
1854.7869873	0.219984427094
1855.54614258	4.28835773468
1856.30529785	-2.68867945671
1857.0645752	-11.759311676
1857.82373047	-1.62245666981
1858.58288574	-2.056235075
1859.34204102	-3.06913042068
1860.10119629	-5.14666175842
1860.86035156	-6.97918272018
1861.61962891	-8.5429019928
1862.37878418	1.25674819946
1863.13793945	-7.9054236412
1863.89709473	7.41966342926
1864.65625	4.86137294769
1865.41540527	-5.35649347305
1866.17456055	6.53043746948
1866.93383789	1.76107525826
1867.69299316	-2.0755045414
1868.45214844	-8.85223960876
1869.21130371	-7.75170087814
1869.97045898	-11.9744958878
1870.72961426	-5.68001842499
1871.48876953	-8.75748825073
1872.24804688	-3.48133397102
1873.00720215	0.892779588699
1873.76635742	8.49514961243
1874.5255127	4.11476135254
1875.28466797	-2.84221029282
1876.04382324	4.2262544632
1876.80297852	-4.70837879181
1877.56225586	3.70586824417
1878.32141113	2.14722704887
1879.08056641	-7.65157222748
1879.83972168	-6.81856584549
1880.59887695	-4.68084144592
1881.35803223	-3.411632061
1882.11730957	-5.18923425674
1882.87646484	-10.9808311462
1883.63562012	1.52247858047
1884.39477539	-0.964949727058
1885.15393066	-12.0605020523
1885.91308594	-2.84799408913
1886.67224121	-0.05557628721
1887.43151855	-5.12872552872
1888.19067383	-10.7881507874
1888.9498291	0.351511061192
1889.70898438	-3.91776227951
1890.46813965	-6.54314517975
1891.22729492	-3.41436266899
1891.9864502	-3.12563729286
1892.74572754	-0.390147328377
1893.50488281	-2.03054499626
1894.26403809	-5.74767923355
1895.02319336	-4.00212097168
1895.78234863	-2.90728902817
1896.54150391	-2.44086003304
1897.30065918	6.26742124557
1898.05993652	0.815716266632
1898.8190918	1.64005553722
1899.57824707	-12.3209753036
1900.33740234	-5.20194292068
1901.09655762	-3.3344669342
1901.85571289	-9.53132247925
1902.61499023	-9.19423866272
1903.37414551	1.38228237629
1904.13330078	-5.3941321373
1904.89245605	-12.4726400375
1905.65161133	-12.1053934097
1906.4107666	0.313871085644
1907.16992188	4.57075119019
1907.92919922	-1.09054815769
1908.68835449	1.34075522423
1909.44750977	-3.32369041443
1910.20666504	0.83419084549
1910.96582031	3.29065608978
1911.72497559	-7.05231714249
1912.48413086	-7.68734407425
1913.2434082	3.9127702713
1914.00256348	-1.04259932041
1914.76171875	-1.6009657383
1915.52087402	-8.71759033203
1916.2800293	-3.23588705063
1917.03918457	-5.77084636688
1917.79833984	-5.64928102493
1918.55761719	-1.78337430954
1919.31677246	-3.18419361115
1920.07592773	9.41350650787
1920.83508301	0.462089270353
1921.59423828	13.0895748138
1922.35339355	3.41891908646
1923.1126709	-8.57703590393
1923.87182617	-3.3290822506
1924.63098145	2.51498651505
1925.39013672	4.94645786285
1926.14929199	8.39597988129
1926.90844727	-1.44272065163
1927.66760254	-5.01362991333
1928.42687988	-10.3669919968
1929.18603516	-4.41487550735
1929.94519043	-6.3185634613
1930.7043457	-7.36879682541
1931.46350098	4.4831609726
1932.22265625	4.58760595322
1932.98181152	-6.65261507034
1933.74108887	-1.52929210663
1934.50024414	-2.1307952404
1935.25939941	-3.66691422462
1936.01855469	-2.28088355064
1936.77770996	0.0173936188221
1937.53686523	-1.77160942554
1938.29602051	-4.3184094429
1939.05529785	2.4649014473
1939.81445313	2.02089977264
1940.5736084	3.22840237617
1941.33276367	-1.95383477211
1942.09191895	-6.75666236877
1942.85107422	0.513187944889
1943.61035156	-10.0198764801
1944.36950684	-7.49476242065
1945.12866211	3.96838617325
1945.88781738	-0.00131134316325
1946.64697266	-1.45114195347
1947.40612793	2.01669096947
1948.1652832	5.07177352905
1948.92456055	-8.19439983368
1949.68371582	5.25884628296
1950.44287109	-11.9011745453
1951.20202637	-9.74715328217
1951.96118164	-4.56923770905
1952.72033691	-0.163218155503
1953.47949219	4.46609830856
1954.23876953	-0.904093742371
1954.9979248	-8.33486652374
1955.75708008	-1.93752884865
1956.51623535	12.1872406006
1957.27539063	13.2385091782
1958.0345459	-2.764544487
1958.79370117	-6.87453126907
1959.55297852	1.32737410069
1960.31213379	2.82700634003
1961.07128906	4.180123806
1961.83044434	3.13886237144
1962.58959961	-3.08094191551
1963.34875488	2.56134462357
1964.10803223	2.67204833031
1964.8671875	4.45903396606
1965.62634277	-3.22536993027
1966.38549805	4.6244058609
1967.14465332	-9.46566867828
1967.90380859	-3.27775788307
1968.66296387	3.21035408974
1969.42224121	5.85676336288
1970.18139648	-3.10359597206
1970.94055176	-3.5826318264
1971.69970703	6.82987260818
1972.4588623	9.1919927597
1973.21801758	4.41368627548
1973.97717285	3.74420523643
1974.7364502	7.4659318924
1975.49560547	6.92593717575
1976.25476074	2.10029768944
1977.01391602	-0.20988444984
1977.77307129	-7.08398580551
1978.53222656	-4.78526592255
1979.29138184	-0.5879560709
1980.05065918	1.04537642002
1980.80981445	0.692088127136
1981.56896973	-3.87792062759
1982.328125	3.60434699059
1983.08728027	-3.01300978661
1983.84643555	3.97423219681
1984.60559082	0.597231864929
1985.36486816	-4.57766342163
1986.12402344	-0.0160497389734
1986.88317871	-0.608290672302
1987.64233398	2.38536024094
1988.40148926	8.07223320007
1989.16064453	4.52865219116
1989.91992188	-0.368105471134
1990.67907715	5.80447006226
1991.43823242	10.4029026031
1992.1973877	4.48923540115
1992.95654297	0.769064903259
1993.71569824	2.4677939415
1994.47485352	3.73343253136
1995.23413086	7.18144702911
1995.99328613	-0.122845217586
1996.75244141	9.4120349884
1997.51159668	0.871765375137
1998.27075195	-2.24597287178
1999.02990723	12.4606904984
1999.7890625	4.6006731987
2000.54833984	1.05573713779
2001.30749512	6.52648448944
2002.06665039	12.8635034561
2002.82580566	7.67023468018
2003.58496094	9.09844017029
2004.34411621	3.08733057976
2005.10327148	10.5267820358
2005.86254883	4.32378053665
2006.6217041	11.9901304245
2007.38085938	5.16671848297
2008.14001465	9.03404140472
2008.89916992	9.76797294617
2009.6583252	13.7152366638
2010.41760254	6.63313055038
2011.17675781	11.3102684021
2011.93591309	7.90366601944
2012.69506836	3.13112711906
2013.45422363	-3.59410953522
2014.21337891	10.8087816238
2014.97253418	16.2798805237
2015.73181152	5.77022266388
2016.4909668	14.8536863327
2017.25012207	10.441865921
2018.00927734	7.39395189285
2018.76843262	7.30930948257
2019.52758789	9.20826435089
2020.28674316	9.11655712128
2021.04602051	9.46755695343
2021.80517578	9.06077098846
2022.56433105	4.74047231674
2023.32348633	9.73065948486
2024.0826416	18.7520046234
2024.84179688	11.4329118729
2025.60095215	19.0565071106
2026.36022949	6.17099428177
2027.11938477	8.711810112
2027.87854004	10.9159402847
2028.63769531	10.4479207993
2029.39685059	6.33952140808
2030.15600586	7.54760408401
2030.9152832	9.69096183777
2031.67443848	9.94700241089
2032.43359375	5.80402612686
2033.19274902	8.96152591705
2033.9519043	11.4850378036
2034.71105957	3.14842748642
2035.47021484	3.7636756897
2036.22949219	8.48285388947
2036.98864746	15.2806739807
2037.74780273	16.864320755
2038.50695801	9.48223876953
2039.26611328	-0.0931408852339
2040.02526855	0.88291656971
2040.78442383	12.5626783371
2041.54370117	-2.0109436512
2042.30285645	14.4090833664
2043.06201172	16.3252811432
2043.82116699	17.1930465698
2044.58032227	15.7400875092
2045.33947754	10.001698494
2046.09863281	-4.02935504913
2046.85791016	9.93118667603
2047.61706543	15.5242490768
2048.3762207	19.7304859161
2049.13549805	11.6137561798
2049.89453125	8.79009819031
2050.65380859	14.5270528793
2051.4128418	7.60944604874
2052.17211914	16.3010215759
2052.93115234	15.46504879
2053.69042969	7.39197587967
2054.44970703	13.0819797516
2055.20874023	6.50591039658
2055.96801758	21.0817317963
2056.72705078	11.778169632
2057.48632813	13.4854469299
2058.24536133	9.54862880707
2059.00463867	16.7839202881
2059.76391602	15.5712299347
2060.52294922	9.62650775909
2061.28222656	5.74528360367
2062.04125977	18.0031070709
2062.80053711	10.4198255539
2063.55957031	6.96060800552
2064.31884766	19.5357284546
2065.078125	16.8324375153
2065.8371582	12.4222764969
2066.59643555	19.6465816498
2067.35546875	23.7679920197
2068.11474609	12.473528862
2068.8737793	6.85514688492
2069.63305664	16.3435211182
2070.39233398	3.02084422112
2071.15136719	4.90208101273
2071.91064453	17.3301830292
2072.66967773	26.0458774567
2073.42895508	12.3061313629
2074.18798828	24.9907588959
2074.94726563	8.68842220306
2075.70654297	14.2482070923
2076.46557617	18.4802284241
2077.22485352	16.9066371918
2077.98388672	11.3652048111
2078.74316406	15.3917713165
2079.50244141	11.8424100876
2080.26147461	8.23194789886
2081.02075195	15.3462371826
2081.77978516	13.8750724792
2082.5390625	21.562664032
2083.2980957	23.3496170044
2084.05737305	11.8748264313
2084.81665039	10.2308759689
2085.57568359	8.29849815369
2086.33496094	17.2429275513
2087.09399414	12.4847898483
2087.85327148	11.46692276
2088.61230469	17.5033569336
2089.37158203	17.1136951447
2090.13085938	19.1990375519
2090.88989258	20.4829540253
2091.64916992	7.64872646332
2092.40820313	11.1985731125
2093.16748047	20.5149803162
2093.92651367	20.2759170532
2094.68579102	18.7881851196
2095.44506836	18.743478775
2096.20410156	8.03510093689
2096.96337891	8.91196346283
2097.72241211	13.2286243439
2098.48168945	14.1501655579
2099.24072266	19.9507751465
2100	8.78387451172
