300	73.0099258423
300.759185791	84.881401062
301.518341064	88.4892807007
302.277526855	91.4203872681
303.036682129	90.2020874023
303.79586792	82.6115264893
304.555053711	79.739074707
305.314208984	94.5677947998
306.073394775	88.8594970703
306.832550049	82.5143585205
307.59173584	79.2875671387
308.350921631	81.4468383789
309.110076904	81.3782501221
309.869262695	83.3382873535
310.628417969	87.1850662231
311.38760376	71.4370956421
312.146759033	79.4346389771
312.905944824	82.7193222046
313.665130615	78.1558914185
314.424285889	76.4480361938
315.18347168	81.7283096313
315.942626953	86.5258865356
316.701812744	82.4256057739
317.460998535	81.5953140259
318.220153809	83.0654907227
318.9793396	82.2104492188
319.738494873	76.5551757813
320.497680664	78.2021026611
321.256866455	82.323135376
322.016021729	79.980178833
322.77520752	75.630065918
323.534362793	85.8165435791
324.293548584	79.719543457
325.052734375	74.1297454834
325.811889648	78.3837814331
326.571075439	78.0548477173
327.330230713	72.4421920776
328.089416504	71.1696395874
328.848602295	74.3665084839
329.607757568	75.6205673218
330.366943359	79.8017196655
331.126098633	83.3979110718
331.885284424	75.3510665894
332.644439697	67.3454437256
333.403625488	66.7018890381
334.162811279	69.385269165
334.921966553	71.8343200684
335.681152344	75.4890441895
336.440307617	70.3890075684
337.199493408	77.0323638916
337.958679199	77.0817718506
338.717834473	74.9165496826
339.477020264	76.475769043
340.236175537	77.0123062134
340.995361328	71.2197189331
341.754547119	64.3977890015
342.513702393	58.3721389771
343.272888184	65.154258728
344.032043457	71.3157730103
344.791229248	73.4001693726
345.550415039	73.7104873657
346.309570313	73.396812439
347.068756104	72.6958236694
347.827911377	67.3985900879
348.587097168	69.174407959
349.346252441	73.06199646
350.105438232	70.5702209473
350.864624023	65.2718811035
351.623779297	62.2149353027
352.382965088	62.46824646
353.142120361	72.9580993652
353.901306152	78.587600708
354.660491943	69.552154541
355.419647217	71.9189224243
356.178833008	69.7431106567
356.937988281	65.9799118042
357.697174072	66.8085861206
358.456359863	67.7055282593
359.215515137	70.4381027222
359.974700928	60.5401382446
360.733856201	67.299156189
361.493041992	66.5890731812
362.252227783	62.6813774109
363.011383057	66.6148223877
363.770568848	70.541809082
364.529724121	57.944732666
365.288909912	53.2730407715
366.048095703	61.9955444336
366.807250977	76.2522583008
367.566436768	64.7937469482
368.325592041	54.6735420227
369.084777832	53.5208625793
369.843933105	57.4610786438
370.603118896	63.9273109436
371.362304688	67.1365585327
372.121459961	49.7374801636
372.880645752	62.5098190308
373.639801025	56.6805496216
374.398986816	52.1937179565
375.158172607	57.1146469116
375.917327881	62.819683075
376.676513672	59.928478241
377.435668945	55.5377006531
378.194854736	58.7792472839
378.954040527	49.9578666687
379.713195801	45.7920684814
380.472381592	58.8941040039
381.231536865	62.0887145996
381.990722656	55.0383758545
382.749908447	57.021194458
383.509063721	59.5917549133
384.268249512	55.3604164124
385.027404785	54.7875862122
385.786590576	57.625629425
386.545776367	54.4343910217
387.304931641	57.1521072388
388.064117432	57.2219924927
388.823272705	48.6400527954
389.582458496	50.4088668823
390.34161377	58.2843894958
391.100799561	55.3701438904
391.859985352	46.6481590271
392.619140625	49.5786552429
393.378326416	52.3725242615
394.137481689	48.8912353516
394.89666748	47.1205596924
395.655853271	54.9009094238
396.415008545	57.0765380859
397.174194336	59.6643218994
397.933349609	58.1612586975
398.6925354	54.7729225159
399.451721191	53.2944641113
400.210876465	50.9466133118
400.970062256	49.9584388733
401.729217529	51.9009017944
402.48840332	48.6907730103
403.247589111	54.5847969055
404.006744385	47.4463729858
404.765930176	53.0625991821
405.525085449	58.7304191589
406.28427124	52.3633804321
407.043426514	39.649684906
407.802612305	36.1076469421
408.561798096	46.9132804871
409.320953369	52.4183044434
410.08013916	45.750164032
410.839294434	48.3596038818
411.598480225	55.8058776855
412.357666016	53.4723968506
413.116821289	49.0090827942
413.87600708	49.9381103516
414.635162354	49.863697052
415.394348145	40.0328712463
416.153533936	46.1706886292
416.912689209	41.1833992004
417.671875	41.7097358704
418.431030273	49.9048080444
419.190216064	53.2380905151
419.949401855	48.3738479614
420.708557129	42.673576355
421.46774292	41.6660232544
422.226898193	37.4009819031
422.986083984	42.4246177673
423.745269775	43.1203575134
424.504425049	42.0874290466
425.26361084	44.7227745056
426.022766113	46.5543212891
426.781951904	47.5190887451
427.541107178	49.1874237061
428.300292969	47.0590667725
429.05947876	43.3327178955
429.818634033	43.5000495911
430.577819824	45.6435432434
431.336975098	43.466129303
432.096160889	40.5709724426
432.85534668	43.7710914612
433.614501953	44.9289932251
434.373687744	35.7622451782
435.132843018	34.6339492798
435.892028809	38.7906570435
436.6512146	30.0267734528
437.410369873	36.5492210388
438.169555664	41.8502159119
438.928710938	41.7699241638
439.687896729	37.3765830994
440.44708252	37.3392295837
441.206237793	45.3440704346
441.965423584	40.4540557861
442.724578857	38.1820983887
443.483764648	37.8354949951
444.242950439	32.7295074463
445.002105713	33.9357337952
445.761291504	38.6147651672
446.520446777	42.5489997864
447.279632568	40.1776771545
448.038787842	32.3916549683
448.797973633	42.2217330933
449.557159424	42.833442688
450.316314697	33.3173599243
451.075500488	29.861246109
451.834655762	37.5731163025
452.593841553	34.9022483826
453.353027344	29.6238365173
454.112182617	34.179271698
454.871368408	34.2601127625
455.630523682	21.9294586182
456.389709473	32.3147583008
457.148895264	30.0933227539
457.908050537	35.536026001
458.667236328	35.3999938965
459.426391602	30.9928779602
460.185577393	27.5117530823
460.944763184	25.7659339905
461.703918457	24.4543972015
462.463104248	28.1824245453
463.222259521	34.5742721558
463.981445313	20.677406311
464.740600586	28.1594944
465.499786377	32.5124893188
466.258972168	26.4775333405
467.018127441	23.0120201111
467.777313232	27.4115867615
468.536468506	27.9199047089
469.295654297	23.2605724335
470.054840088	12.52921772
470.813995361	34.0489654541
471.573181152	22.151473999
472.332336426	23.4174518585
473.091522217	24.8042469025
473.850708008	22.5654773712
474.609863281	25.953830719
475.369049072	31.3254585266
476.128204346	18.3578090668
476.887390137	3.83434033394
477.646575928	23.6873226166
478.405731201	25.5340042114
479.164916992	26.9208297729
479.924072266	26.4444217682
480.683258057	24.1554050446
481.442443848	26.8017349243
482.201599121	31.6142692566
482.960784912	20.9456882477
483.719940186	18.9247875214
484.479125977	18.6473064423
485.23828125	28.0465698242
485.997467041	25.1972961426
486.756652832	16.8862133026
487.515808105	15.4570474625
488.274993896	16.2640533447
489.03414917	12.2531919479
489.793334961	11.7517576218
490.552520752	16.633562088
491.311676025	15.6854143143
492.070861816	18.5507698059
492.83001709	17.5473556519
493.589202881	14.4331884384
494.348388672	11.8620519638
495.107543945	9.91307926178
495.866729736	8.96259403229
496.62588501	7.94581127167
497.385070801	3.14997386932
498.144256592	19.1455478668
498.903411865	17.0782432556
499.662597656	18.1796989441
500.42175293	12.3049764633
501.180938721	18.6028881073
501.940124512	16.1632823944
502.699279785	9.23024082184
503.458465576	12.6059427261
504.21762085	8.75973796844
504.976806641	7.94797039032
505.735961914	-6.4329328537
506.495147705	8.12924671173
507.254333496	17.677066803
508.01348877	17.5293636322
508.772674561	16.0084896088
509.531829834	11.9121332169
510.291015625	6.20255327225
511.050201416	4.86594438553
511.809356689	5.81925487518
512.56854248	15.2822980881
513.327697754	11.634762764
514.086853027	17.191236496
514.846069336	14.1781892776
515.605224609	12.1006155014
516.364379883	12.8702096939
517.123596191	12.0706768036
517.882751465	9.49398899078
518.641906738	7.72580242157
519.401123047	1.88911473751
520.16027832	10.8027677536
520.919433594	8.53700733185
521.678588867	1.47943770885
522.437805176	5.89828920364
523.196960449	9.05750179291
523.956115723	9.31089115143
524.715332031	4.90445566177
525.474487305	-2.75962018967
526.233642578	-2.20322155952
526.992858887	9.28858184814
527.75201416	19.3321475983
528.511169434	10.4535341263
529.270324707	-1.94885373116
530.029541016	2.69131112099
530.788696289	-1.34442281723
531.547851563	1.15945494175
532.307067871	10.0601177216
533.066223145	6.7489323616
533.825378418	-1.70002508163
534.584533691	1.0205886364
535.34375	9.29588508606
536.102905273	13.3984870911
536.862060547	8.04630184174
537.621276855	4.46655654907
538.380432129	2.37364792824
539.139587402	8.18644046783
539.898803711	8.96213340759
540.657958984	1.39165520668
541.417114258	7.19831323624
542.176269531	-0.196734815836
542.93548584	11.0143070221
543.694641113	12.4821281433
544.453796387	3.34873819351
545.213012695	-1.44331729412
545.972167969	4.72128105164
546.731323242	6.24388170242
547.490539551	3.22292900085
548.249694824	4.22613525391
549.008850098	4.82002496719
549.768005371	6.04468202591
550.52722168	6.63865852356
551.286376953	-0.631831884384
552.045532227	-4.87449026108
552.804748535	7.73938369751
553.563903809	7.99709129333
554.323059082	-2.17050909996
555.082214355	1.78760766983
555.841430664	12.7474594116
556.600585938	6.80367469788
557.359741211	11.2874259949
558.11895752	5.62307167053
558.878112793	19.5630607605
559.637268066	12.5569591522
560.396484375	7.25834274292
561.155639648	-0.54588508606
561.914794922	4.91845703125
562.673950195	10.7122211456
563.433166504	10.1785125732
564.192321777	10.4032154083
564.951477051	2.97792458534
565.710693359	-0.904768168926
566.469848633	8.75354385376
567.229003906	2.15370774269
567.988220215	10.9729042053
568.747375488	5.34146690369
569.506530762	10.3274612427
570.265686035	11.6395053864
571.024902344	13.4430770874
571.784057617	17.845117569
572.543212891	4.54624557495
573.302429199	-1.43445420265
574.061584473	9.12044906616
574.820739746	-3.626039505
575.57989502	9.44107055664
576.339111328	8.53942680359
577.098266602	11.9879608154
577.857421875	6.66278266907
578.616638184	3.30860877037
579.375793457	5.50178718567
580.13494873	4.72824478149
580.894165039	8.75889778137
581.653320313	12.4037513733
582.412475586	4.41069602966
583.171630859	3.66082000732
583.930847168	8.19351768494
584.690002441	8.8709487915
585.449157715	9.45768165588
586.208374023	14.2711257935
586.967529297	15.3108615875
587.72668457	9.49551010132
588.485900879	7.26389455795
589.245056152	13.6083946228
590.004211426	15.4678630829
590.763366699	10.6461181641
591.522583008	4.26733160019
592.281738281	-0.549682915211
593.040893555	0.149537906051
593.800109863	2.82740736008
594.559265137	11.0871601105
595.31842041	10.0259284973
596.077575684	0.338018357754
596.836791992	1.92175626755
597.595947266	5.69106054306
598.355102539	5.49021148682
599.114318848	12.0267534256
599.873474121	5.93741559982
600.632629395	6.2878203392
601.391845703	4.06865644455
602.151000977	5.75254201889
602.91015625	2.57937216759
603.669311523	-3.93957734108
604.428527832	-1.31752455235
605.187683105	7.61872625351
605.946838379	3.1793820858
606.706054688	-1.06604254246
607.465209961	10.9351797104
608.224365234	6.56640768051
608.983581543	15.0984182358
609.742736816	4.96156454086
610.50189209	6.45077848434
611.261047363	10.2206478119
612.020263672	10.9597806931
612.779418945	9.63490772247
613.538574219	6.40526533127
614.297790527	8.03871631622
615.056945801	9.9385137558
615.816101074	10.9280185699
616.575256348	3.34170126915
617.334472656	-2.97698092461
618.09362793	1.44745957851
618.852783203	4.44842290878
619.611999512	7.70514965057
620.371154785	3.75657391548
621.130310059	-0.731018543243
621.889526367	2.85249042511
622.648681641	4.68954372406
623.407836914	6.47387838364
624.166992188	13.9102363586
624.926208496	4.51254367828
625.68536377	9.30423259735
626.444519043	6.05957555771
627.203735352	5.12384319305
627.962890625	7.60484790802
628.722045898	10.1467809677
629.481201172	7.49453115463
630.24041748	6.01590633392
630.999572754	12.1059808731
631.758728027	14.4309949875
632.517944336	15.940621376
633.277099609	7.99253368378
634.036254883	6.56973028183
634.795471191	4.93314647675
635.554626465	-1.4530056715
636.313781738	0.244155168533
637.072937012	8.15716648102
637.83215332	11.0597524643
638.591308594	10.7833719254
639.350463867	12.4982175827
640.109680176	10.1143655777
640.868835449	3.20018291473
641.627990723	9.21698474884
642.387207031	6.87395000458
643.146362305	10.0042009354
643.905517578	6.7384557724
644.664672852	10.6012964249
645.42388916	7.6967382431
646.183044434	6.63964176178
646.942199707	11.9750776291
647.701416016	15.3589105606
648.460571289	12.6223249435
649.219726563	10.6812257767
649.978881836	11.3751363754
650.738098145	10.0178804398
651.497253418	6.98518276215
652.256408691	3.04162716866
653.015625	17.7409648895
653.774780273	12.2206888199
654.533935547	6.43104839325
655.293151855	14.6833963394
656.052307129	15.6489286423
656.811462402	11.4648942947
657.570617676	16.6354598999
658.329833984	17.0480537415
659.088989258	4.02744197845
659.848144531	8.34513187408
660.60736084	10.5495519638
661.366516113	8.42614078522
662.125671387	10.7484388351
662.884887695	6.75583696365
663.644042969	7.74431848526
664.403198242	11.3570375443
665.162353516	14.2959432602
665.921569824	9.70486164093
666.680725098	3.55248904228
667.439880371	11.1815500259
668.19909668	23.5745220184
668.958251953	15.4835214615
669.717407227	13.4321622849
670.4765625	7.8541765213
671.235778809	5.35713434219
671.994934082	13.1963853836
672.754089355	13.5808019638
673.513305664	11.9349565506
674.272460938	5.30467844009
675.031616211	9.94924259186
675.79083252	16.2572383881
676.549987793	10.43729496
677.309143066	11.8268079758
678.06829834	18.8130760193
678.827514648	22.3563785553
679.586669922	7.54584932327
680.345825195	16.7080974579
681.105041504	4.79223299026
681.864196777	1.39015054703
682.623352051	10.208741188
683.382568359	6.93952798843
684.141723633	6.56720018387
684.900878906	13.3132658005
685.66003418	14.9202928543
686.419250488	9.56450080872
687.178405762	6.76797914505
687.937561035	13.1327123642
688.696777344	17.9906806946
689.455932617	7.53246164322
690.215087891	1.240852952
690.974243164	4.44532299042
691.733459473	6.05410051346
692.492614746	9.39249706268
693.25177002	10.5849123001
694.010986328	11.7773990631
694.770141602	14.0309867859
695.529296875	13.1204366684
696.288513184	11.5976371765
697.047668457	13.717420578
697.80682373	5.37442064285
698.565979004	5.84593439102
699.325195313	14.2696533203
700.084350586	8.21179389954
700.843505859	12.1850481033
701.602722168	14.6454944611
702.361877441	4.89677858353
703.121032715	12.6307888031
703.880249023	14.6121864319
704.639404297	14.0154476166
705.39855957	15.1448898315
706.157714844	14.4410200119
706.916931152	20.8812484741
707.676086426	18.2257480621
708.435241699	11.7786216736
709.194458008	14.834695816
709.953613281	14.31823349
710.712768555	11.1459331512
711.471923828	8.46151733398
712.231140137	6.04319572449
712.99029541	15.7861633301
713.749450684	13.8027820587
714.508666992	20.2051391602
715.267822266	25.2635974884
716.026977539	20.8967018127
716.786193848	20.1231555939
717.545349121	10.557559967
718.304504395	22.937292099
719.063659668	26.9273300171
719.822875977	9.8895778656
720.58203125	15.6352920532
721.341186523	24.6191959381
722.100402832	9.74373626709
722.859558105	10.3982944489
723.618713379	16.6808738708
724.377929688	15.8615207672
725.137084961	18.238079071
725.896240234	18.4923992157
726.655395508	15.7527313232
727.414611816	20.6533946991
728.17376709	21.114364624
728.932922363	26.8694171906
729.692138672	15.4848022461
730.451293945	7.33937263489
731.210449219	8.21434402466
731.969604492	15.5732021332
732.728820801	9.92595291138
733.487976074	18.4225978851
734.247131348	23.6197433472
735.006347656	19.1687679291
735.76550293	19.931968689
736.524658203	21.2782688141
737.283874512	18.0648422241
738.043029785	23.6430301666
738.802185059	30.6637992859
739.561340332	17.6348400116
740.320556641	20.644329071
741.079711914	27.6054210663
741.838867188	19.4121856689
742.598083496	17.4153423309
743.35723877	24.1231231689
744.116394043	19.6187763214
744.875610352	24.1985473633
745.634765625	22.04646492
746.393920898	21.2849006653
747.153076172	26.6097011566
747.91229248	29.3761329651
748.671447754	24.7116146088
749.430603027	19.7722702026
750.189819336	24.3074398041
750.948974609	22.2706222534
751.708129883	31.6263980865
752.467285156	39.0088310242
753.226501465	31.4857883453
753.985656738	34.804561615
754.744812012	35.3531150818
755.50402832	24.8481559753
756.263183594	15.835477829
757.022338867	29.8112487793
757.781555176	39.5540122986
758.540710449	32.843170166
759.299865723	25.727388382
760.059020996	25.974155426
760.818237305	27.8491382599
761.577392578	23.2984199524
762.336547852	17.3687953949
763.09576416	19.4128608704
763.854919434	21.4451808929
764.614074707	19.2877120972
765.37322998	22.8070468903
766.132446289	33.395866394
766.891601563	29.4179172516
767.650756836	24.468624115
768.409973145	28.3455600739
769.169128418	29.1038475037
769.928283691	34.2860374451
770.6875	37.7683372498
771.446655273	31.2903423309
772.205810547	30.8352203369
772.96496582	34.1398773193
773.724182129	37.5112304688
774.483337402	27.8334369659
775.242492676	33.4795265198
776.001708984	28.979631424
776.760864258	32.6340522766
777.520019531	33.4001197815
778.27923584	39.082736969
779.038391113	39.9034919739
779.797546387	26.8210983276
780.55670166	29.0107059479
781.315917969	36.3930740356
782.075073242	32.0643692017
782.834228516	27.2582206726
783.593444824	27.0069217682
784.352600098	25.8116111755
785.111755371	34.2761039734
785.870910645	34.0143737793
786.630126953	36.5276298523
787.389282227	41.1777954102
788.1484375	46.0440826416
788.907653809	32.1258239746
789.666809082	37.1496429443
790.425964355	40.0658912659
791.185180664	35.6425018311
791.944335938	35.8409461975
792.703491211	28.6760616302
793.462646484	37.3125534058
794.221862793	43.949054718
794.981018066	36.4861221313
795.74017334	37.2561721802
796.499389648	40.6987991333
797.258544922	36.5923233032
798.017700195	32.1716575623
798.776916504	31.3991012573
799.536071777	38.1317558289
800.295227051	28.9272289276
801.054382324	34.6347503662
801.813598633	50.0801353455
802.572753906	50.5614471436
803.33190918	44.2887115479
804.091125488	44.7681274414
804.850280762	38.2991790771
805.609436035	33.8314094543
806.368591309	32.3730506897
807.127807617	39.8560676575
807.886962891	48.3627357483
808.646118164	47.2121963501
809.405334473	43.7864723206
810.164489746	30.6311855316
810.92364502	38.5947799683
811.682861328	36.1522293091
812.442016602	37.7608261108
813.201171875	51.8392295837
813.960327148	49.3066368103
814.719543457	46.0024375916
815.47869873	40.1880455017
816.237854004	39.3495330811
816.997070313	49.8222618103
817.756225586	40.4950561523
818.515380859	37.045135498
819.274597168	37.2095184326
820.033752441	43.5716400146
820.792907715	47.8280525208
821.552062988	41.934513092
822.311279297	43.4765815735
823.07043457	44.2434120178
823.829589844	47.5920181274
824.588806152	44.457660675
825.347961426	52.4633102417
826.107116699	51.1401748657
826.866271973	46.8295097351
827.625488281	45.7387008667
828.384643555	48.6151695251
829.143798828	40.5761833191
829.903015137	51.6390953064
830.66217041	44.9635887146
831.421325684	45.7501220703
832.180541992	46.9270439148
832.939697266	50.3094177246
833.698852539	52.3269958496
834.458007813	51.6079444885
835.217224121	51.5633544922
835.976379395	49.9898109436
836.735534668	51.8788795471
837.494750977	43.3299598694
838.25390625	47.0013771057
839.013061523	43.8642044067
839.772277832	48.7162666321
840.531433105	52.4514846802
841.290588379	46.3285598755
842.049743652	44.550868988
842.808959961	47.649559021
843.568115234	40.2813682556
844.327270508	40.3218955994
845.086486816	49.5654411316
845.84564209	47.5584373474
846.604797363	50.6224212646
847.363952637	53.0372161865
848.123168945	50.0966491699
848.882324219	50.2555541992
849.641479492	50.5479774475
850.400695801	48.9177398682
851.159851074	46.3917579651
851.919006348	43.9898872375
852.678222656	45.9741859436
853.43737793	39.692035675
854.196533203	41.5522384644
854.955688477	56.4426345825
855.714904785	45.7373428345
856.474060059	53.1728134155
857.233215332	44.524684906
857.992431641	41.5472946167
858.751586914	45.0960197449
859.510742188	44.8204917908
860.269958496	43.7562675476
861.02911377	35.8149986267
861.788269043	35.7600708008
862.547424316	43.6201629639
863.306640625	47.4448547363
864.065795898	42.7791748047
864.824951172	34.9171180725
865.58416748	38.4511108398
866.343322754	41.0253791809
867.102478027	27.2496528625
867.861633301	50.4769210815
868.620849609	45.5369300842
869.380004883	43.4767837524
870.139160156	39.620765686
870.898376465	35.7642593384
871.657531738	36.1941757202
872.416687012	30.0110874176
873.17590332	36.5843429565
873.935058594	41.0115318298
874.694213867	36.4584465027
875.453369141	29.0999584198
876.212585449	36.1516227722
876.971740723	33.3223571777
877.730895996	29.7104492188
878.490112305	29.8042583466
879.249267578	23.9535980225
880.008422852	18.0845508575
880.767578125	20.9185218811
881.526794434	32.7764930725
882.285949707	31.236530304
883.04510498	31.3149166107
883.804321289	26.0196418762
884.563476563	30.4952297211
885.322631836	37.7319564819
886.081848145	22.960515976
886.841003418	19.0879440308
887.600158691	19.5660953522
888.359313965	25.8727378845
889.118530273	35.6199417114
889.877685547	20.5433921814
890.63684082	22.4438152313
891.396057129	26.9229240417
892.155212402	31.6643047333
892.914367676	26.2675628662
893.673583984	22.7192821503
894.432739258	21.0973815918
895.191894531	19.4936389923
895.951049805	22.8733406067
896.710266113	25.7294178009
897.469421387	22.5464820862
898.22857666	16.5499477386
898.987792969	18.4802131653
899.746948242	17.7220211029
900.506103516	4.93625640869
901.265258789	12.8487491608
902.024475098	12.6562271118
902.783630371	16.7055912018
903.542785645	13.0649375916
904.302001953	8.95560646057
905.061157227	16.4725761414
905.8203125	16.0507030487
906.579528809	21.4417686462
907.338684082	26.7440624237
908.097839355	14.5075073242
908.856994629	14.4819049835
909.616210938	3.69895911217
910.375366211	2.23629927635
911.134521484	8.28702163696
911.893737793	8.48427009583
912.652893066	7.21057462692
913.41204834	3.5183160305
914.171264648	2.27998685837
914.930419922	11.9257717133
915.689575195	13.1357345581
916.448730469	3.18035316467
917.207946777	10.7586746216
917.967102051	6.48328542709
918.726257324	1.83706271648
919.485473633	-5.26781320572
920.244628906	2.19356870651
921.00378418	0.623685598373
921.762939453	6.08024597168
922.522155762	5.66819524765
923.281311035	6.93760633469
924.040466309	7.89129829407
924.799682617	5.92253065109
925.558837891	6.2048201561
926.317993164	4.51314115524
927.077209473	1.35489010811
927.836364746	-2.23003816605
928.59552002	1.92763292789
929.354675293	9.55309295654
930.113891602	2.33862805367
930.873046875	0.52014875412
931.632202148	3.58564162254
932.391418457	0.00842979457229
933.15057373	5.00136709213
933.909729004	6.92583799362
934.668945313	-5.73021602631
935.428100586	-9.35739612579
936.187255859	-1.55284357071
936.946411133	-2.08851647377
937.705627441	7.34811162949
938.464782715	5.45330762863
939.223937988	8.37903022766
939.983154297	7.49450588226
940.74230957	4.79278707504
941.501464844	2.09088468552
942.260620117	-5.79615259171
943.019836426	-2.24738764763
943.778991699	10.2860918045
944.538146973	5.5200009346
945.297363281	-3.61266613007
946.056518555	-5.4227104187
946.815673828	-1.04441547394
947.574890137	7.65017271042
948.33404541	9.66103649139
949.093200684	-2.85950303078
949.852355957	-5.16356611252
950.611572266	4.48356723785
951.370727539	0.624923944473
952.129882813	-6.04361009598
952.889099121	-1.34574151039
953.648254395	4.34825801849
954.407409668	5.91765403748
955.166625977	2.47128152847
955.92578125	-1.28413629532
956.684936523	-6.4377322197
957.444091797	-1.00172841549
958.203308105	8.85356521606
958.962463379	4.18815898895
959.721618652	-0.417707204819
960.480834961	9.38524913788
961.239990234	-1.84787583351
961.999145508	2.64925456047
962.758300781	5.03491973877
963.51751709	0.917206168175
964.276672363	7.96375989914
965.035827637	9.36054897308
965.795043945	5.97550106049
966.554199219	-0.42199125886
967.313354492	10.2016496658
968.072570801	-6.84486627579
968.831726074	-6.3044924736
969.590881348	-8.86828994751
970.350036621	0.276667445898
971.10925293	-2.72805476189
971.868408203	-11.7736492157
972.627563477	-8.37444972992
973.386779785	3.64205360413
974.145935059	7.72051334381
974.905090332	3.45664215088
975.664306641	-3.0657954216
976.423461914	-6.50695848465
977.182617188	-1.39660775661
977.941772461	3.55145049095
978.70098877	2.77765488625
979.460144043	-2.55897021294
980.219299316	-4.03005552292
980.978515625	2.19700312614
981.737670898	-1.54001247883
982.496826172	0.321345299482
983.255981445	-8.95631980896
984.015197754	-1.13511419296
984.774353027	-5.43961954117
985.533508301	4.6996922493
986.292724609	-8.51184749603
987.051879883	8.9242477417
987.811035156	2.39322590828
988.570251465	0.277282446623
989.329406738	6.0541677475
990.088562012	7.0451335907
990.847717285	-4.00725078583
991.606933594	-4.70865869522
992.366088867	4.48923158646
993.125244141	-3.82529878616
993.884460449	-5.54153823853
994.643615723	1.17895042896
995.402770996	7.78302955627
996.161987305	4.23579645157
996.921142578	-4.44412088394
997.680297852	0.971314251423
998.439453125	8.40451049805
999.198669434	4.89157915115
999.957824707	6.86823225021
1000.71697998	13.4663705826
1001.47619629	7.82845544815
1002.23535156	-3.16926145554
1002.99450684	1.60491764545
1003.75366211	7.73531341553
1004.51287842	-3.68382120132
1005.27203369	-3.97551417351
1006.03118896	2.84476184845
1006.79040527	0.330534607172
1007.54956055	-7.9887919426
1008.30871582	-1.51557719707
1009.06793213	-0.841709375381
1009.8270874	-6.78060388565
1010.58624268	6.62985134125
1011.34539795	1.62757205963
1012.10461426	7.99096918106
1012.86376953	8.51421737671
1013.6229248	6.20624351501
1014.38214111	-9.08853149414
1015.14129639	-6.38094186783
1015.90045166	4.32374858856
1016.65960693	7.84403705597
1017.41882324	-5.57822561264
1018.17797852	2.98782372475
1018.93713379	8.33576393127
1019.6963501	10.3865852356
1020.45550537	13.9528474808
1021.21466064	-1.96175467968
1021.97387695	-1.93579030037
1022.73303223	2.67463159561
1023.4921875	-1.48464560509
1024.25134277	7.73801994324
1025.01049805	5.62274885178
1025.76977539	5.11517429352
1026.52893066	5.63901805878
1027.28808594	11.2076005936
1028.04724121	11.9785900116
1028.80639648	6.76313018799
1029.56555176	3.84797859192
1030.32470703	3.76938962936
1031.08398438	5.80368518829
1031.84313965	9.44857692719
1032.60229492	7.21605730057
1033.3614502	6.31270074844
1034.12060547	12.3660392761
1034.87976074	4.26640892029
1035.63891602	-0.189072072506
1036.39819336	13.9107599258
1037.15734863	12.0993680954
1037.91650391	6.71149873734
1038.67565918	-0.670282065868
1039.43481445	11.2229766846
1040.19396973	14.8840579987
1040.953125	1.85683012009
1041.71240234	8.21018695831
1042.47155762	0.977606534958
1043.23071289	4.17987108231
1043.98986816	7.04018592834
1044.74902344	2.96260452271
1045.50817871	1.90720915794
1046.26745605	13.1715459824
1047.02661133	8.09340000153
1047.7857666	15.5718641281
1048.54492188	6.14882326126
1049.30407715	10.1349620819
1050.06323242	10.5647659302
1050.8223877	9.54413032532
1051.58166504	5.59209728241
1052.34082031	3.33592700958
1053.09997559	-12.1786661148
1053.85913086	-8.87941741943
1054.61828613	4.57797431946
1055.37744141	1.22293114662
1056.13659668	0.00374723807909
1056.89587402	-0.643909752369
1057.6550293	0.973179519176
1058.41418457	1.731351614
1059.17333984	1.17226290703
1059.93249512	5.047103405
1060.69165039	3.09854960442
1061.45080566	-5.46053934097
1062.21008301	5.40205764771
1062.96923828	2.46546673775
1063.72839355	-0.83056050539
1064.48754883	4.04888820648
1065.2467041	4.68590545654
1066.00585938	2.81294369698
1066.76513672	4.77600431442
1067.52429199	4.04632234573
1068.28344727	0.282064080238
1069.04260254	-0.957963347435
1069.80175781	5.92197370529
1070.56091309	9.53170871735
1071.32006836	1.96480715275
1072.0793457	1.63160336018
1072.83850098	1.27161133289
1073.59765625	2.0507183075
1074.35681152	2.1349401474
1075.1159668	2.09254455566
1075.87512207	9.91538333893
1076.63427734	1.91403400898
1077.39355469	2.27318239212
1078.15270996	1.94495916367
1078.91186523	-3.81243276596
1079.67102051	5.52096509933
1080.43017578	7.47545671463
1081.18933105	5.93394613266
1081.94848633	4.99836206436
1082.70776367	5.58486652374
1083.46691895	6.98808860779
1084.22607422	2.90525722504
1084.98522949	-6.78340911865
1085.74438477	-8.83547878265
1086.50354004	-1.40607261658
1087.26281738	5.15287446976
1088.02197266	3.12393712997
1088.78112793	2.29641580582
1089.5402832	-2.18039751053
1090.29943848	-1.76017725468
1091.05859375	1.70951211452
1091.81774902	12.5942707062
1092.57702637	9.62880420685
1093.33618164	16.991651535
1094.09533691	8.0964422226
1094.85449219	4.29132080078
1095.61364746	3.00136637688
1096.37280273	-0.259748578072
1097.13195801	0.263285517693
1097.89123535	7.62728643417
1098.65039063	10.4843654633
1099.4095459	4.06849622726
1100.16870117	0.253853142262
1100.92785645	-1.87319815159
1101.68701172	-0.866979300976
1102.44616699	8.8306760788
1103.20544434	14.6305294037
1103.96459961	13.5532522202
1104.72375488	20.8100814819
1105.48291016	5.35054111481
1106.24206543	8.47559547424
1107.0012207	8.12445354462
1107.76049805	15.6135759354
1108.51965332	12.8746471405
1109.27880859	10.2067327499
1110.03796387	10.8346862793
1110.79711914	12.5598993301
1111.55627441	13.6625843048
1112.31542969	15.7653913498
1113.07470703	15.1704692841
1113.8338623	16.7092189789
1114.59301758	14.750289917
1115.35217285	27.6947097778
1116.11132813	27.797700882
1116.8704834	23.0602054596
1117.62963867	22.462146759
1118.38891602	19.5681209564
1119.14807129	21.3486633301
1119.90722656	19.6697006226
1120.66638184	12.3777322769
1121.42553711	21.180398941
1122.18469238	18.9983253479
1122.94384766	19.2167625427
1123.703125	28.1135387421
1124.46228027	29.9457473755
1125.22143555	31.1892700195
1125.98059082	28.6860294342
1126.73974609	32.9573860168
1127.49890137	56.0111198425
1128.25817871	47.0470275879
1129.01733398	32.6728744507
1129.77648926	36.9542694092
1130.53564453	33.0664749146
1131.2947998	48.2189064026
1132.05395508	44.5685081482
1132.81311035	56.3921089172
1133.5723877	57.6206741333
1134.33154297	49.7559814453
1135.09069824	43.9795150757
1135.84985352	49.21534729
1136.60900879	59.6761283875
1137.36816406	60.74036026
1138.12731934	62.5355491638
1138.88659668	62.0084686279
1139.64575195	65.1918411255
1140.40490723	67.5254821777
1141.1640625	68.7499313354
1141.92321777	80.8525543213
1142.68237305	78.1488418579
1143.44152832	92.2007827759
1144.20080566	97.8589401245
1144.95996094	97.362411499
1145.71911621	75.4420852661
1146.47827148	90.6057739258
1147.23742676	99.355430603
1147.99658203	102.281181335
1148.75585938	110.329780579
1149.51501465	107.336578369
1150.27416992	102.429405212
1151.0333252	121.885238647
1151.79248047	130.945114136
1152.55163574	106.482391357
1153.31079102	118.232513428
1154.07006836	113.284255981
1154.82922363	126.845588684
1155.58837891	119.587005615
1156.34753418	109.862785339
1157.10668945	126.781295776
1157.86584473	116.719467163
1158.625	131.941009521
1159.38427734	122.453086853
1160.14343262	144.287063599
1160.90258789	140.459457397
1161.66174316	130.197814941
1162.42089844	134.328674316
1163.18005371	145.035476685
1163.93920898	143.879592896
1164.69848633	152.142211914
1165.4576416	146.910705566
1166.21679688	139.296005249
1166.97595215	141.87638855
1167.73510742	143.273590088
1168.4942627	145.13394165
1169.25354004	159.558914185
1170.01269531	157.528152466
1170.77185059	156.093200684
1171.53100586	155.754333496
1172.29016113	150.066879272
1173.04931641	162.357833862
1173.80847168	159.319976807
1174.56774902	143.106414795
1175.3269043	138.842422485
1176.08605957	149.653335571
1176.84521484	160.325317383
1177.60437012	145.754699707
1178.36352539	147.698226929
1179.12268066	145.015548706
1179.88195801	156.784759521
1180.64111328	154.963470459
1181.40026855	150.201675415
1182.15942383	161.541885376
1182.9185791	163.328796387
1183.67773438	176.149353027
1184.43688965	169.744369507
1185.19616699	158.392196655
1185.95532227	169.901885986
1186.71447754	176.080841064
1187.47363281	166.712112427
1188.23278809	165.317092896
1188.99194336	185.513305664
1189.7512207	157.092346191
1190.51037598	163.661972046
1191.26953125	160.652206421
1192.02868652	162.233673096
1192.7878418	206.873077393
1193.54699707	173.101394653
1194.30615234	173.100601196
1195.06542969	182.497558594
1195.82458496	172.695068359
1196.58374023	180.689437866
1197.34289551	193.994491577
1198.10205078	189.399383545
1198.86120605	179.019744873
1199.62036133	175.136245728
1200.37963867	174.626480103
1201.13879395	182.633911133
1201.89794922	180.491333008
1202.65710449	185.21055603
1203.41625977	187.387130737
1204.17541504	186.798065186
1204.93457031	189.98348999
1205.69384766	202.976455688
1206.45300293	194.991714478
1207.2121582	191.16418457
1207.97131348	201.627563477
1208.73046875	204.095321655
1209.48962402	199.090805054
1210.2487793	198.329498291
1211.00805664	199.727630615
1211.76721191	215.712234497
1212.52636719	228.752578735
1213.28552246	224.43572998
1214.04467773	220.323852539
1214.80383301	214.925460815
1215.56311035	215.502792358
1216.32226563	224.287200928
1217.0814209	226.847808838
1217.84057617	231.862625122
1218.59973145	233.907974243
1219.35888672	225.083190918
1220.11804199	227.477478027
1220.87731934	235.12449646
1221.63647461	236.156234741
1222.39562988	244.835357666
1223.15478516	250.960174561
1223.91394043	252.466567993
1224.6730957	250.541702271
1225.43225098	254.532058716
1226.19152832	250.951965332
1226.95068359	238.463668823
1227.70983887	248.451889038
1228.46899414	253.875946045
1229.22814941	256.474151611
1229.98730469	251.422012329
1230.74645996	258.261199951
1231.5057373	263.212097168
1232.26489258	265.533447266
1233.02404785	262.242248535
1233.78320313	274.259246826
1234.5423584	267.812957764
1235.30151367	265.434295654
1236.06079102	278.545013428
1236.81994629	272.57824707
1237.57910156	274.705200195
1238.33825684	281.430297852
1239.09741211	285.863830566
1239.85656738	283.861053467
1240.61572266	292.163299561
1241.375	286.30355835
1242.13415527	288.771453857
1242.89331055	279.657470703
1243.65246582	306.04888916
1244.41162109	304.369140625
1245.17077637	294.669677734
1245.92993164	303.912658691
1246.68920898	319.300018311
1247.44836426	298.467803955
1248.20751953	315.268280029
1248.9666748	325.988220215
1249.72583008	326.432067871
1250.48498535	342.970336914
1251.24414063	335.137878418
1252.00341797	320.813323975
1252.76257324	327.954803467
1253.52172852	342.311431885
1254.28088379	342.118682861
1255.04003906	344.995361328
1255.79919434	333.820068359
1256.55847168	342.389953613
1257.31762695	368.298217773
1258.07678223	385.092987061
1258.8359375	359.039520264
1259.59509277	382.47744751
1260.35424805	357.032989502
1261.11340332	385.345672607
1261.87268066	382.963623047
1262.63183594	379.780029297
1263.39099121	409.208374023
1264.15014648	392.628265381
1264.90930176	405.102630615
1265.66845703	399.375335693
1266.4276123	406.806243896
1267.18688965	402.60369873
1267.94604492	426.939453125
1268.7052002	419.322753906
1269.46435547	411.894165039
1270.22351074	448.569580078
1270.98266602	442.011566162
1271.74182129	459.887176514
1272.50109863	466.530609131
1273.26025391	482.734802246
1274.01940918	470.294555664
1274.77856445	481.578918457
1275.53771973	493.485961914
1276.296875	504.209228516
1277.05615234	500.125701904
1277.81530762	508.264923096
1278.57446289	514.368591309
1279.33361816	526.665466309
1280.09277344	548.054260254
1280.85192871	538.086791992
1281.61108398	530.49420166
1282.37036133	547.695922852
1283.1295166	556.587219238
1283.88867188	565.665100098
1284.64782715	593.057128906
1285.40698242	597.289001465
1286.1661377	577.889648438
1286.92529297	583.917053223
1287.68457031	591.647827148
1288.44372559	595.073303223
1289.20288086	618.173950195
1289.96203613	611.002746582
1290.72119141	622.057434082
1291.48034668	653.895996094
1292.23950195	646.679138184
1292.9987793	658.403442383
1293.75793457	666.418518066
1294.51708984	702.921020508
1295.27624512	683.766662598
1296.03540039	699.819091797
1296.79455566	731.160522461
1297.55383301	737.817687988
1298.31298828	740.405029297
1299.07214355	761.607971191
1299.83129883	738.827758789
1300.5904541	764.205627441
1301.34960938	758.460083008
1302.10876465	756.334411621
1302.86804199	776.670837402
1303.62719727	803.216552734
1304.38635254	813.224304199
1305.14550781	801.806396484
1305.90466309	820.511779785
1306.66381836	824.477905273
1307.42297363	866.33770752
1308.18225098	876.655456543
1308.94140625	862.915527344
1309.70056152	883.136657715
1310.4597168	897.185546875
1311.21887207	886.758117676
1311.97802734	922.107543945
1312.73718262	909.422058105
1313.49645996	925.039550781
1314.25561523	931.231445313
1315.01477051	957.829162598
1315.77392578	940.230712891
1316.53308105	976.167785645
1317.29223633	959.482055664
1318.05151367	978.91217041
1318.81066895	962.747680664
1319.56982422	971.181335449
1320.32897949	976.419921875
1321.08813477	995.375244141
1321.84729004	1017.98309326
1322.60644531	1018.15673828
1323.36572266	1028.06982422
1324.12487793	1026.81542969
1324.8840332	1047.33361816
1325.64318848	1054.20019531
1326.40234375	1034.95446777
1327.16149902	1050.08862305
1327.9206543	1011.08227539
1328.67993164	1033.38891602
1329.43908691	1014.23950195
1330.19824219	1016.47662354
1330.95739746	1055.51477051
1331.71655273	1011.27423096
1332.47570801	1040.99145508
1333.23486328	1032.12963867
1333.99414063	1035.33117676
1334.7532959	1060.4005127
1335.51245117	1036.13378906
1336.27160645	1020.27856445
1337.03076172	1015.76776123
1337.78991699	1048.20422363
1338.54919434	1033.69055176
1339.30834961	1021.75567627
1340.06750488	1015.36450195
1340.82666016	1035.0736084
1341.58581543	1016.56164551
1342.3449707	1025.53894043
1343.10412598	1018.72924805
1343.86340332	987.304138184
1344.62255859	982.391296387
1345.38171387	987.690063477
1346.14086914	982.330871582
1346.90002441	994.470703125
1347.65917969	1005.87005615
1348.41833496	960.564697266
1349.1776123	967.188171387
1349.93676758	958.235595703
1350.69592285	958.133728027
1351.45507813	953.451721191
1352.2142334	959.666748047
1352.97338867	919.325744629
1353.73254395	918.096679688
1354.49182129	926.733581543
1355.25097656	902.87121582
1356.01013184	883.777893066
1356.76928711	880.679199219
1357.52844238	870.651733398
1358.28759766	876.438171387
1359.046875	890.457519531
1359.80603027	869.091369629
1360.56518555	842.164794922
1361.32434082	817.785339355
1362.08349609	819.639648438
1362.84265137	825.425476074
1363.60180664	817.458190918
1364.36108398	800.006835938
1365.12023926	789.75970459
1365.87939453	786.536865234
1366.6385498	784.84161377
1367.39770508	778.489624023
1368.15686035	742.299743652
1368.91601563	734.006591797
1369.67529297	727.975708008
1370.43444824	726.778015137
1371.19360352	725.153320313
1371.95275879	695.679260254
1372.71191406	694.065795898
1373.47106934	700.180358887
1374.23022461	681.478637695
1374.98950195	657.55279541
1375.74865723	641.935119629
1376.5078125	648.003540039
1377.26696777	649.95111084
1378.02612305	618.077026367
1378.78527832	625.699401855
1379.54455566	606.511230469
1380.30371094	578.554870605
1381.06286621	545.879516602
1381.82202148	543.311279297
1382.58117676	549.852844238
1383.34033203	543.026367188
1384.0994873	536.798156738
1384.85876465	526.371459961
1385.61791992	520.679138184
1386.3770752	507.477020264
1387.13623047	495.787506104
1387.89538574	463.741424561
1388.65454102	465.345855713
1389.41369629	453.282775879
1390.17297363	439.169555664
1390.93212891	447.661071777
1391.69128418	456.424926758
1392.45043945	433.230743408
1393.20959473	399.725616455
1393.96875	411.016693115
1394.72790527	386.109771729
1395.48718262	377.455322266
1396.24633789	356.293884277
1397.00549316	365.414428711
1397.76464844	340.513305664
1398.52380371	351.2449646
1399.28295898	362.004241943
1400.04223633	340.20980835
1400.8013916	320.390106201
1401.56054688	305.419067383
1402.31970215	313.088378906
1403.07885742	306.697631836
1403.8380127	298.361572266
1404.59716797	286.008209229
1405.35644531	259.18661499
1406.11560059	264.934112549
1406.87475586	261.246856689
1407.63391113	252.780227661
1408.39306641	264.471557617
1409.15222168	247.64251709
1409.91137695	236.273910522
1410.6706543	240.961166382
1411.42980957	256.039337158
1412.18896484	238.64730835
1412.94812012	221.76423645
1413.70727539	225.182998657
1414.46643066	217.755737305
1415.22558594	207.83203125
1415.98486328	207.29649353
1416.74401855	198.074935913
1417.50317383	184.030426025
1418.2623291	180.367889404
1419.02148438	176.706619263
1419.78063965	158.687820435
1420.53991699	158.311950684
1421.29907227	161.469116211
1422.05822754	153.078536987
1422.81738281	127.509994507
1423.57653809	145.851837158
1424.33569336	144.343963623
1425.09484863	147.999771118
1425.85412598	122.086006165
1426.61328125	127.539123535
1427.37243652	112.506896973
1428.1315918	134.237167358
1428.89074707	141.840072632
1429.64990234	116.447731018
1430.40905762	133.786529541
1431.16833496	122.814102173
1431.92749023	117.116523743
1432.68664551	89.0172195435
1433.44580078	127.081176758
1434.20495605	105.906364441
1434.96411133	85.5748138428
1435.7232666	92.396156311
1436.48254395	78.6571884155
1437.24169922	78.4839096069
1438.00085449	78.1570587158
1438.76000977	64.5642776489
1439.51916504	78.4217529297
1440.27832031	83.6346969604
1441.03759766	71.6678237915
1441.79675293	68.848236084
1442.5559082	83.784576416
1443.31506348	84.0506210327
1444.07421875	72.6342926025
1444.83337402	66.6753616333
1445.5925293	63.653137207
1446.35180664	67.3941497803
1447.11096191	52.0830497742
1447.87011719	51.7444190979
1448.62927246	46.7102966309
1449.38842773	43.7455062866
1450.14758301	41.891494751
1450.90673828	57.6062698364
1451.66601563	44.1833457947
1452.4251709	22.1580696106
1453.18432617	39.1204032898
1453.94348145	18.0503902435
1454.70263672	27.5660095215
1455.46179199	21.2101669312
1456.22094727	23.3196582794
1456.98022461	8.5923500061
1457.73937988	33.028011322
1458.49853516	17.6970119476
1459.25769043	28.2424755096
1460.0168457	36.9609146118
1460.77600098	20.052154541
1461.53515625	15.3135623932
1462.29443359	7.3669552803
1463.05358887	27.898443222
1463.81274414	22.3522930145
1464.57189941	21.2382736206
1465.33105469	16.1199798584
1466.09020996	1.5286039114
1466.8494873	10.4366111755
1467.60864258	-17.0466117859
1468.36779785	-7.93754768372
1469.12695313	7.42908382416
1469.8861084	-2.37731957436
1470.64526367	-21.6040725708
1471.40441895	-11.1170787811
1472.16369629	16.6521949768
1472.92285156	0.445950776339
1473.68200684	-1.44626784325
1474.44116211	-6.9994969368
1475.20031738	-3.08978271484
1475.95947266	6.98406982422
1476.71862793	3.60070800781
1477.47790527	10.1171875
1478.23706055	17.0844726563
1478.99621582	2.48211669922
1479.75537109	12.3354492188
1480.51452637	-22.0919799805
1481.27368164	3.39947509766
1482.03283691	-14.6861572266
1482.79211426	8.86779785156
1483.55126953	-0.500061035156
1484.3104248	-9.61236572266
1485.06958008	-10.2356567383
1485.82873535	-6.50671386719
1486.58789063	-4.73187255859
1487.34716797	-7.5322265625
1488.10632324	7.41430664063
1488.86547852	-5.82177734375
1489.62463379	-11.0844116211
1490.38378906	-1.20361328125
1491.14294434	-7.79425048828
1491.90209961	-12.4170532227
1492.66137695	-12.4770507813
1493.42053223	9.89855957031
1494.1796875	5.24200439453
1494.93884277	-1.18737792969
1495.69799805	10.9885253906
1496.45715332	-8.25256347656
1497.21630859	-8.34381389618
1497.97558594	4.65582036972
1498.73474121	0.162366598845
1499.49389648	21.6383953094
1500.25305176	34.7552947998
1501.01220703	-5.86035299301
1501.7713623	27.8549938202
1502.53051758	-0.820160627365
1503.28979492	7.2971496582
1504.0489502	21.5829925537
1504.80810547	20.1211547852
1505.56726074	26.4503936768
1506.32641602	38.0010681152
1507.08557129	19.3616199493
1507.84484863	17.829454422
1508.60400391	12.355837822
1509.36315918	30.6205024719
1510.12231445	35.181186676
1510.88146973	33.9042243958
1511.640625	34.4437294006
1512.39978027	49.9465522766
1513.15905762	52.1235542297
1513.91821289	53.4495582581
1514.67736816	73.6088790894
1515.43652344	71.5362014771
1516.19567871	54.7007675171
1516.95483398	71.0463638306
1517.71398926	53.9927902222
1518.4732666	53.627494812
1519.23242188	64.8161087036
1519.99157715	81.4492416382
1520.75073242	52.6349258423
1521.5098877	47.9354171753
1522.26904297	70.1804885864
1523.02819824	84.1252670288
1523.78747559	79.4381332397
1524.54663086	70.6817398071
1525.30578613	93.0018844604
1526.06494141	112.072639465
1526.82409668	108.078208923
1527.58325195	97.0523452759
1528.3425293	107.471664429
1529.10168457	100.348510742
1529.86083984	120.755203247
1530.61999512	126.062042236
1531.37915039	116.357467651
1532.13830566	129.25958252
1532.89746094	145.925674438
1533.65673828	135.878494263
1534.41589355	132.065216064
1535.17504883	133.471725464
1535.9342041	134.508544922
1536.69335938	165.046585083
1537.45251465	170.497039795
1538.21166992	157.172103882
1538.97094727	166.898178101
1539.73010254	186.475585938
1540.48925781	179.708816528
1541.24841309	199.463653564
1542.00756836	201.379562378
1542.76672363	189.29296875
1543.52587891	202.985794067
1544.28515625	200.051712036
1545.04431152	213.501251221
1545.8034668	227.581588745
1546.56262207	226.034301758
1547.32177734	233.287002563
1548.08093262	233.396331787
1548.84020996	236.20980835
1549.59936523	242.917709351
1550.35852051	258.755493164
1551.11767578	278.29019165
1551.87683105	284.6590271
1552.63598633	293.551757813
1553.3951416	293.943664551
1554.15441895	286.206298828
1554.91357422	319.421661377
1555.67272949	302.368621826
1556.43188477	359.102600098
1557.19104004	358.824279785
1557.95019531	352.361297607
1558.70935059	353.12411499
1559.46862793	348.717010498
1560.2277832	383.660400391
1560.98693848	379.452697754
1561.74609375	386.544830322
1562.50524902	394.382720947
1563.2644043	421.391418457
1564.02355957	443.723632813
1564.78283691	444.864257813
1565.54199219	450.841339111
1566.30114746	468.711395264
1567.06030273	500.720275879
1567.81945801	489.74520874
1568.57861328	498.969207764
1569.33789063	536.994995117
1570.0970459	541.077575684
1570.85620117	587.607788086
1571.61535645	570.009216309
1572.37451172	603.836730957
1573.13366699	594.931396484
1573.89282227	641.898498535
1574.65209961	634.270324707
1575.41125488	667.000610352
1576.17041016	673.077148438
1576.92956543	691.057434082
1577.6887207	737.520263672
1578.44787598	752.411804199
1579.20703125	768.476257324
1579.96630859	788.621643066
1580.72546387	798.588745117
1581.48461914	833.974914551
1582.24377441	837.262084961
1583.00292969	871.000488281
1583.76208496	900.402648926
1584.52124023	956.553344727
1585.28051758	954.25793457
1586.03967285	954.524597168
1586.79882813	987.772766113
1587.5579834	1025.78637695
1588.31713867	1033.42224121
1589.07629395	1032.19824219
1589.83557129	1069.34326172
1590.59472656	1098.40893555
1591.35388184	1138.66479492
1592.11303711	1155.45617676
1592.87219238	1161.30932617
1593.63134766	1190.80004883
1594.39050293	1211.37341309
1595.14978027	1210.86022949
1595.90893555	1225.43005371
1596.66809082	1233.30627441
1597.42724609	1250.27429199
1598.18640137	1243.74023438
1598.94555664	1260.27648926
1599.70471191	1293.25402832
1600.46398926	1289.69909668
1601.22314453	1299.2232666
1601.9822998	1295.00512695
1602.74145508	1303.3861084
1603.50061035	1300.80102539
1604.25976563	1286.57751465
1605.0189209	1265.91552734
1605.77819824	1266.34118652
1606.53735352	1252.28979492
1607.29650879	1235.21411133
1608.05566406	1199.69348145
1608.81481934	1189.61450195
1609.57397461	1197.80700684
1610.33325195	1156.60827637
1611.09240723	1204.01013184
1611.8515625	1280.94677734
1612.61071777	1087.10668945
1613.36987305	1099.61938477
1614.12902832	1055.14221191
1614.88818359	1024.88476563
1615.64746094	995.604431152
1616.40661621	978.853393555
1617.16577148	947.612976074
1617.92492676	923.784118652
1618.68408203	882.861694336
1619.4432373	859.883972168
1620.20239258	822.234130859
1620.96166992	784.297363281
1621.7208252	754.223266602
1622.47998047	734.196716309
1623.23913574	715.56628418
1623.99829102	661.78338623
1624.75744629	641.361022949
1625.51660156	606.601623535
1626.27587891	575.558776855
1627.03503418	541.821716309
1627.79418945	525.858947754
1628.55334473	498.42868042
1629.3125	477.674133301
1630.07165527	463.932189941
1630.83093262	439.865722656
1631.59008789	416.9168396
1632.34924316	393.614685059
1633.10839844	368.939086914
1633.86755371	356.593414307
1634.62670898	346.031829834
1635.38586426	327.180969238
1636.1451416	320.050842285
1636.90429688	301.095703125
1637.66345215	295.456207275
1638.42260742	278.670806885
1639.1817627	276.694641113
1639.94091797	247.771606445
1640.70007324	254.032730103
1641.45935059	248.172012329
1642.21850586	239.032012939
1642.97766113	226.034835815
1643.73681641	220.897399902
1644.49597168	202.796035767
1645.25512695	191.426116943
1646.01428223	178.080062866
1646.77355957	173.609054565
1647.53271484	179.526199341
1648.29187012	145.871276855
1649.05102539	156.339706421
1649.81018066	147.953460693
1650.56933594	145.777359009
1651.32861328	133.135116577
1652.08776855	130.140136719
1652.84692383	123.759864807
1653.6060791	118.853294373
1654.36523438	118.99811554
1655.12438965	106.990409851
1655.88354492	99.6942596436
1656.64282227	87.6798248291
1657.40197754	87.8943481445
1658.16113281	76.1812896729
1658.92028809	78.7138061523
1659.67944336	71.4592437744
1660.43859863	60.4253234863
1661.19775391	65.8092803955
1661.95703125	68.3939056396
1662.71618652	58.970123291
1663.4753418	49.9463653564
1664.23449707	44.0584716797
1664.99365234	43.0435333252
1665.75280762	41.6971740723
1666.51196289	42.3802032471
1667.27124023	31.493516922
1668.03039551	20.7888813019
1668.78955078	28.8119373322
1669.54870605	29.5728797913
1670.30786133	18.5255012512
1671.0670166	17.476474762
1671.82629395	17.4353065491
1672.58544922	11.8670854568
1673.34460449	11.8192186356
1674.10375977	7.18471288681
1674.86291504	6.47250890732
1675.62207031	5.19856834412
1676.38122559	-0.316888511181
1677.14050293	-3.62877750397
1677.8996582	-0.0306478664279
1678.65881348	-10.7221755981
1679.41796875	-3.84415435791
1680.17712402	-5.33467817307
1680.9362793	-7.74510908127
1681.69543457	-16.5674819946
1682.45471191	-14.2190608978
1683.21386719	-15.7053432465
1683.97302246	-10.3962001801
1684.73217773	-15.8227586746
1685.49133301	-14.0266771317
1686.25048828	-12.8544359207
1687.00964355	-16.2086830139
1687.7689209	-12.2011299133
1688.52807617	-18.9730567932
1689.28723145	-9.44530010223
1690.04638672	-17.5863056183
1690.80554199	-13.303560257
1691.56469727	-10.2816181183
1692.32397461	-15.1509408951
1693.08312988	-14.522400856
1693.84228516	-10.0865945816
1694.60144043	-20.7776947021
1695.3605957	-11.8559417725
1696.11975098	-12.5333251953
1696.87890625	-11.1049489975
1697.63818359	-13.0479879379
1698.39733887	-15.0702342987
1699.15649414	-14.1939373016
1699.91564941	-15.2312145233
1700.67480469	-12.0014925003
1701.43395996	-9.96191120148
1702.19311523	-15.3731050491
1702.95239258	-8.67802047729
1703.71154785	-18.8814201355
1704.47070313	-10.4792890549
1705.2298584	-9.3107252121
1705.98901367	-11.6352796555
1706.74816895	-10.8100070953
1707.50732422	-6.09662818909
1708.26660156	-10.7778558731
1709.02575684	-9.87851810455
1709.78491211	-4.61295413971
1710.54406738	-1.02788591385
1711.30322266	-2.56729912758
1712.06237793	-9.80562591553
1712.82165527	0.688088357449
1713.58081055	-2.13765597343
1714.33996582	3.05171322823
1715.09912109	-0.881250441074
1715.85827637	-6.40218114853
1716.61743164	-3.92462253571
1717.37658691	-5.59116792679
1718.13586426	-3.01774930954
1718.89501953	-4.71559047699
1719.6541748	-5.65058374405
1720.41333008	-5.99623680115
1721.17248535	-3.47407650948
1721.93164063	-3.14303255081
1722.6907959	-3.80138397217
1723.45007324	-8.21110439301
1724.20922852	-10.1179761887
1724.96838379	-9.44748497009
1725.72753906	-5.3095870018
1726.48669434	-3.23867511749
1727.24584961	-8.44550323486
1728.00500488	-7.01408720016
1728.76428223	-9.0534620285
1729.5234375	-11.7231960297
1730.28259277	-14.9767017365
1731.04174805	-11.4555025101
1731.80090332	-12.7486505508
1732.56005859	-8.52693557739
1733.31921387	-9.15685939789
1734.07849121	-10.3110113144
1734.83764648	-7.95248603821
1735.59680176	-6.75646734238
1736.35595703	-9.51841068268
1737.1151123	-6.20665407181
1737.87426758	-8.30107116699
1738.63354492	-15.201300621
1739.3927002	-7.60771417618
1740.15185547	-14.4999980927
1740.91101074	-15.9575738907
1741.67016602	-15.8961687088
1742.42932129	-15.8388061523
1743.18847656	-11.2339887619
1743.94775391	-10.4541196823
1744.70690918	-10.1886730194
1745.46606445	-9.28760719299
1746.22521973	-12.3063402176
1746.984375	-11.1429748535
1747.74353027	-9.17959213257
1748.50268555	-11.8930425644
1749.26196289	-15.0402202606
1750.02111816	-10.2033176422
1750.78027344	-14.4483385086
1751.53942871	-10.6101541519
1752.29858398	-12.0764884949
1753.05773926	-18.6198654175
1753.81689453	-8.85664653778
1754.57617188	-6.71419715881
1755.33532715	-4.36850500107
1756.09448242	-9.66877841949
1756.8536377	-9.52349472046
1757.61279297	-9.28160858154
1758.37194824	-7.86542034149
1759.13122559	-2.37528467178
1759.89038086	-13.9765224457
1760.64953613	-14.0131387711
1761.40869141	-8.36472797394
1762.16784668	-9.1167678833
1762.92700195	-8.71361064911
1763.68615723	-6.86147975922
1764.44543457	-2.61752915382
1765.20458984	-2.671479702
1765.96374512	-8.11803913116
1766.72290039	-11.7196884155
1767.48205566	-5.85153532028
1768.24121094	-3.92262196541
1769.00036621	-10.3606214523
1769.75964355	-12.5258808136
1770.51879883	-16.0130901337
1771.2779541	-11.5122919083
1772.03710938	2.19753646851
1772.79626465	-13.5031423569
1773.55541992	-1.60531127453
1774.3145752	-2.37421250343
1775.07385254	-5.95548772812
1775.83300781	-11.0408716202
1776.59216309	-15.6333961487
1777.35131836	-15.285736084
1778.11047363	-5.70783519745
1778.86962891	-5.72461557388
1779.62890625	-6.01153373718
1780.38806152	-1.42916226387
1781.1472168	-6.7613568306
1781.90637207	2.57099294662
1782.66552734	1.96490120888
1783.42468262	-1.11232078075
1784.18383789	-0.304655134678
1784.94311523	-6.53609228134
1785.70227051	-0.908068358898
1786.46142578	-0.8064879179
1787.22058105	-2.98931598663
1787.97973633	-5.37212562561
1788.7388916	-5.35378217697
1789.49804688	-7.85083436966
1790.25732422	-3.94651412964
1791.01647949	-4.61068058014
1791.77563477	-8.85320091248
1792.53479004	-7.38215970993
1793.29394531	-0.960236132145
1794.05310059	-12.8216533661
1794.81225586	-6.56594371796
1795.5715332	-4.60385370255
1796.33068848	-4.33094739914
1797.08984375	-10.3033418655
1797.84899902	-12.3761081696
1798.6081543	-6.68732357025
1799.36730957	-1.20715725422
1800.12658691	-3.35332846642
1800.88574219	-10.2529840469
1801.64489746	-8.03880882263
1802.40405273	-4.47322368622
1803.16320801	-7.31675767899
1803.92236328	-2.21351385117
1804.68151855	-4.00718164444
1805.4407959	-1.16140937805
1806.19995117	-3.18725514412
1806.95910645	-6.80736970901
1807.71826172	-1.98708486557
1808.47741699	-4.2796998024
1809.23657227	-4.06216812134
1809.99572754	0.865904808044
1810.75500488	3.61897993088
1811.51416016	0.685266852379
1812.27331543	-3.47915911674
1813.0324707	-0.508438050747
1813.79162598	10.7989835739
1814.55078125	-3.80068421364
1815.30993652	-3.17635297775
1816.06921387	-5.58422756195
1816.82836914	2.67964553833
1817.58752441	-3.97004055977
1818.34667969	-8.05585289001
1819.10583496	-3.11214017868
1819.86499023	-2.82472300529
1820.62426758	-11.5806121826
1821.38342285	2.47165942192
1822.14257813	-5.17546319962
1822.9017334	-5.39414930344
1823.66088867	-4.82966327667
1824.42004395	3.87814903259
1825.17919922	8.10891056061
1825.93847656	-0.690107882023
1826.69763184	-3.75696921349
1827.45678711	-1.67723929882
1828.21594238	-4.89105796814
1828.97509766	-8.47749614716
1829.73425293	-6.34516954422
1830.4934082	-4.82677984238
1831.25268555	2.31492137909
1832.01184082	-2.66777253151
1832.77099609	-3.26644825935
1833.53015137	0.890719950199
1834.28930664	0.429373145103
1835.04846191	-0.693503141403
1835.80761719	-1.79495608807
1836.56689453	0.282017320395
1837.3260498	-1.73162126541
1838.08520508	-0.0603692233562
1838.84436035	-3.33607745171
1839.60351563	-11.0304946899
1840.3626709	-3.84744000435
1841.12194824	-3.27718043327
1841.88110352	2.78304886818
1842.64025879	-3.90217494965
1843.39941406	0.207416400313
1844.15856934	8.76868343353
1844.91772461	0.619638025761
1845.67687988	4.53902864456
1846.43615723	-0.175074651837
1847.1953125	-0.668083429337
1847.95446777	-7.3616232872
1848.71362305	-3.05256891251
1849.47277832	-4.46385145187
1850.23193359	-2.41378474236
1850.99108887	0.600469589233
1851.75036621	-0.891160488129
1852.50952148	2.90692257881
1853.26867676	-2.52952170372
1854.02783203	-2.36867618561
1854.7869873	-3.94798874855
1855.54614258	-2.83313298225
1856.30529785	8.36454772949
1857.0645752	-2.7162399292
1857.82373047	0.193049356341
1858.58288574	2.77656340599
1859.34204102	4.14147996902
1860.10119629	-0.215908572078
1860.86035156	-1.87674880028
1861.61962891	2.84385561943
1862.37878418	-0.697370827198
1863.13793945	-0.27369260788
1863.89709473	1.15332734585
1864.65625	-0.229650303721
1865.41540527	0.355923682451
1866.17456055	-2.51387023926
1866.93383789	7.27497148514
1867.69299316	2.98127293587
1868.45214844	-0.754579424858
1869.21130371	3.12742710114
1869.97045898	2.16041922569
1870.72961426	3.88487863541
1871.48876953	5.1252989769
1872.24804688	5.62861824036
1873.00720215	0.505513012409
1873.76635742	1.91324579716
1874.5255127	4.02614831924
1875.28466797	5.4163184166
1876.04382324	-1.24480414391
1876.80297852	9.94838237762
1877.56225586	2.42753171921
1878.32141113	5.58405923843
1879.08056641	6.93541097641
1879.83972168	5.64943313599
1880.59887695	4.33949947357
1881.35803223	8.15081214905
1882.11730957	5.62877130508
1882.87646484	-3.65608477592
1883.63562012	7.56237030029
1884.39477539	-3.51311230659
1885.15393066	-5.31350946426
1885.91308594	0.814911365509
1886.67224121	-1.56643354893
1887.43151855	-1.69738399982
1888.19067383	-4.13963460922
1888.9498291	4.69432210922
1889.70898438	11.1274757385
1890.46813965	-6.56755113602
1891.22729492	6.46726417542
1891.9864502	11.7935609818
1892.74572754	6.85275793076
1893.50488281	3.89136528969
1894.26403809	5.97223949432
1895.02319336	2.98544120789
1895.78234863	3.56701731682
1896.54150391	6.35068082809
1897.30065918	-1.51474142075
1898.05993652	4.68019008636
1898.8190918	1.04979121685
1899.57824707	1.46957087517
1900.33740234	3.28717756271
1901.09655762	-1.96338427067
1901.85571289	-1.50753283501
1902.61499023	4.07056236267
1903.37414551	4.25038957596
1904.13330078	6.71285581589
1904.89245605	12.4737377167
1905.65161133	0.222672626376
1906.4107666	-5.46813583374
1907.16992188	2.90195345879
1907.92919922	-0.0243078377098
1908.68835449	2.26736664772
1909.44750977	6.24850940704
1910.20666504	4.26984405518
1910.96582031	-0.824353456497
1911.72497559	0.172597512603
1912.48413086	4.25232744217
1913.2434082	6.89771366119
1914.00256348	4.09809494019
1914.76171875	-4.76915884018
1915.52087402	7.798432827
1916.2800293	-1.77041971684
1917.03918457	5.0688085556
1917.79833984	4.19652748108
1918.55761719	4.90449762344
1919.31677246	2.16097784042
1920.07592773	11.2949752808
1920.83508301	2.54146099091
1921.59423828	-0.0486927740276
1922.35339355	7.88377475739
1923.1126709	4.22897481918
1923.87182617	9.13305282593
1924.63098145	11.3854665756
1925.39013672	3.47113204002
1926.14929199	11.9117174149
1926.90844727	14.6915664673
1927.66760254	10.4037418365
1928.42687988	12.7829465866
1929.18603516	6.83821630478
1929.94519043	6.34262132645
1930.7043457	0.848361372948
1931.46350098	7.54533958435
1932.22265625	9.48710727692
1932.98181152	9.72800064087
1933.74108887	10.4399681091
1934.50024414	5.43319654465
1935.25939941	-2.67391753197
1936.01855469	9.6475725174
1936.77770996	2.47685217857
1937.53686523	5.31139612198
1938.29602051	6.84350347519
1939.05529785	6.30683708191
1939.81445313	11.675286293
1940.5736084	16.4332847595
1941.33276367	8.97769832611
1942.09191895	18.8073291779
1942.85107422	1.64680123329
1943.61035156	12.4048280716
1944.36950684	6.55090284348
1945.12866211	4.71616601944
1945.88781738	6.77703619003
1946.64697266	7.97122192383
1947.40612793	9.32764720917
1948.1652832	16.1239299774
1948.92456055	15.0299434662
1949.68371582	19.6366519928
1950.44287109	2.92106246948
1951.20202637	11.8373250961
1951.96118164	5.78228902817
1952.72033691	8.15223407745
1953.47949219	9.32262325287
1954.23876953	13.9044036865
1954.9979248	12.477183342
1955.75708008	11.6433620453
1956.51623535	7.4227604866
1957.27539063	8.90465068817
1958.0345459	8.79689598083
1958.79370117	16.1332569122
1959.55297852	10.5248889923
1960.31213379	14.3789176941
1961.07128906	19.179107666
1961.83044434	14.4520587921
1962.58959961	8.52478504181
1963.34875488	10.2477645874
1964.10803223	7.41607713699
1964.8671875	17.4605445862
1965.62634277	17.3969173431
1966.38549805	5.07762241364
1967.14465332	13.4035072327
1967.90380859	16.023191452
1968.66296387	11.5952005386
1969.42224121	20.6026706696
1970.18139648	10.8751955032
1970.94055176	13.0956497192
1971.69970703	8.03656959534
1972.4588623	5.90634632111
1973.21801758	10.9164428711
1973.97717285	17.842294693
1974.7364502	12.4641294479
1975.49560547	14.5965938568
1976.25476074	14.7733621597
1977.01391602	9.1340675354
1977.77307129	21.2420635223
1978.53222656	6.98035573959
1979.29138184	14.0875434875
1980.05065918	16.0716304779
1980.80981445	19.0943908691
1981.56896973	17.1551151276
1982.328125	16.4531230927
1983.08728027	20.0597763062
1983.84643555	6.08825206757
1984.60559082	15.9998607635
1985.36486816	9.57789516449
1986.12402344	14.8754892349
1986.88317871	10.5941123962
1987.64233398	17.95337677
1988.40148926	21.6533679962
1989.16064453	12.3794374466
1989.91992188	17.6721935272
1990.67907715	18.6813430786
1991.43823242	10.5324811935
1992.1973877	16.3670024872
1992.95654297	14.6314401627
1993.71569824	14.8985939026
1994.47485352	13.7578258514
1995.23413086	13.5763845444
1995.99328613	11.4567813873
1996.75244141	13.0732011795
1997.51159668	19.1920928955
1998.27075195	22.4407062531
1999.02990723	17.5046977997
1999.7890625	18.4447555542
2000.54833984	14.3221445084
2001.30749512	22.2374000549
2002.06665039	12.2123394012
2002.82580566	23.2330722809
2003.58496094	10.7989768982
2004.34411621	17.8015499115
2005.10327148	15.6636447906
2005.86254883	18.7620944977
2006.6217041	17.6964530945
2007.38085938	18.1753005981
2008.14001465	20.0825443268
2008.89916992	24.6361751556
2009.6583252	20.6241836548
2010.41760254	16.4667434692
2011.17675781	18.6527061462
2011.93591309	23.064458847
2012.69506836	17.2985172272
2013.45422363	17.5296821594
2014.21337891	14.1692419052
2014.97253418	18.8236103058
2015.73181152	21.0823535919
2016.4909668	20.3398952484
2017.25012207	19.7205886841
2018.00927734	24.918794632
2018.76843262	22.2544231415
2019.52758789	15.6711435318
2020.28674316	12.2454862595
2021.04602051	17.5380439758
2021.80517578	26.5089626312
2022.56433105	26.0868015289
2023.32348633	18.2479286194
2024.0826416	19.8149261475
2024.84179688	23.6933307648
2025.60095215	30.1840724945
2026.36022949	22.2049770355
2027.11938477	26.4153594971
2027.87854004	26.286365509
2028.63769531	23.6492595673
2029.39685059	15.2702188492
2030.15600586	18.3248786926
2030.9152832	20.0177574158
2031.67443848	19.0683135986
2032.43359375	21.3409442902
2033.19274902	26.6022605896
2033.9519043	25.804473877
2034.71105957	17.2564945221
2035.47021484	25.3538570404
2036.22949219	21.2066249847
2036.98864746	23.550239563
2037.74780273	26.9318122864
2038.50695801	23.8949184418
2039.26611328	22.5105838776
2040.02526855	19.0922584534
2040.78442383	21.3445339203
2041.54370117	16.6505966187
2042.30285645	26.1169376373
2043.06201172	22.3124217987
2043.82116699	25.6874008179
2044.58032227	33.8724250793
2045.33947754	26.5118465424
2046.09863281	21.7883682251
2046.85791016	25.8338336945
2047.61706543	21.3287315369
2048.3762207	21.7374019623
2049.13549805	32.3669281006
2049.89453125	24.5795631409
2050.65380859	28.387966156
2051.4128418	23.9212970734
2052.17211914	29.8401126862
2052.93115234	30.6255111694
2053.69042969	25.9464950562
2054.44970703	26.9377670288
2055.20874023	23.1541042328
2055.96801758	26.0591716766
2056.72705078	37.1209526062
2057.48632813	34.2283210754
2058.24536133	20.5433216095
2059.00463867	27.2263889313
2059.76391602	27.3455295563
2060.52294922	23.2384338379
2061.28222656	29.1641082764
2062.04125977	26.0623912811
2062.80053711	26.6970806122
2063.55957031	31.9397068024
2064.31884766	21.2209129333
2065.078125	29.2985496521
2065.8371582	30.9277439117
2066.59643555	30.8896884918
2067.35546875	28.1154766083
2068.11474609	29.7928771973
2068.8737793	33.634601593
2069.63305664	21.7644863129
2070.39233398	28.0587062836
2071.15136719	25.7468738556
2071.91064453	26.0936775208
2072.66967773	29.7558364868
2073.42895508	31.0796737671
2074.18798828	32.5556640625
2074.94726563	26.6457118988
2075.70654297	25.7964019775
2076.46557617	20.9762763977
2077.22485352	25.486782074
2077.98388672	28.9621753693
2078.74316406	27.8439884186
2079.50244141	32.4402503967
2080.26147461	33.0620498657
2081.02075195	37.1220169067
2081.77978516	31.6501750946
2082.5390625	33.5726089478
2083.2980957	38.4737663269
2084.05737305	31.3705329895
2084.81665039	24.3211250305
2085.57568359	27.8419513702
2086.33496094	30.3352832794
2087.09399414	33.6926116943
2087.85327148	31.3173065186
2088.61230469	29.9782848358
2089.37158203	32.5297279358
2090.13085938	30.3028316498
2090.88989258	30.888759613
2091.64916992	27.9447746277
2092.40820313	38.0546798706
2093.16748047	27.5753574371
2093.92651367	37.2194824219
2094.68579102	37.0910568237
2095.44506836	36.4344177246
2096.20410156	31.5990810394
2096.96337891	31.1581707001
2097.72241211	32.0342063904
2098.48168945	23.8451576233
2099.24072266	26.6968536377
2100	37.056022644
