300	219.666732788
301.30670166	219
302.613372803	219.560470581
303.920074463	225.877120972
305.226745605	235.745635986
306.533447266	236.539306641
307.840118408	223.145004272
309.146820068	231.131103516
310.453491211	237.381362915
311.760192871	235.589538574
313.066864014	241.963623047
314.373565674	244.411209106
315.680236816	240.628829956
316.986938477	232.498580933
318.293609619	223.121368408
319.600311279	225.088272095
320.906982422	261.725372314
322.213684082	257.261627197
323.520355225	230.063690186
324.827056885	230.152313232
326.133728027	243.961486816
327.440429688	248.905776978
328.747131348	241.981460571
330.05380249	237.503982544
331.36050415	244.453216553
332.667175293	251.116455078
333.973876953	260.963287354
335.280548096	249.404693604
336.587249756	243.275741577
337.893920898	239.95413208
339.200622559	240.731521606
340.507293701	248.621490479
341.813995361	253.417785645
343.120666504	254.033889771
344.427368164	261.555480957
345.734039307	228.688995361
347.040740967	239.446151733
348.347412109	251.905761719
349.65411377	254
350.960784912	273.961334229
352.267486572	273.101257324
353.574188232	266.941253662
354.880859375	264.962768555
356.187561035	251.697265625
357.494232178	253.480560303
358.800933838	250.027450562
360.10760498	250.925140381
361.414306641	274.043182373
362.720977783	291.25579834
364.027679443	294.761962891
365.334350586	275.870849609
366.641052246	261.501983643
367.947723389	262.476379395
369.254425049	258.926361084
370.561096191	265.548950195
371.867797852	262.127807617
373.174468994	272.030578613
374.481170654	246.233535767
375.787841797	269.834472656
377.094543457	269.177856445
378.4012146	246.192184448
379.70791626	241.02482605
381.01461792	256.793640137
382.321289063	259.19732666
383.627990723	250.006103516
384.934661865	289.48840332
386.241363525	248.918777466
387.548034668	263.708526611
388.854736328	237.257339478
390.161407471	243.479522705
391.468109131	247.755233765
392.774780273	249.80027771
394.081481934	267.449035645
395.388153076	273.433868408
396.694854736	255.737197876
398.001525879	267.411773682
399.308227539	247.57824707
400.614898682	246.000015259
401.921600342	231.316390991
403.228271484	238.093139648
404.534973145	247.696472168
405.841674805	247.347259521
407.148345947	249.863342285
408.455047607	259.011077881
409.76171875	257.421081543
411.06842041	281.549377441
412.375091553	274.326782227
413.681793213	260.186981201
414.988464355	240.343444824
416.295166016	253.148345947
417.601837158	253.936706543
418.908538818	252.320739746
420.215209961	262.774291992
421.521911621	270.260284424
422.828582764	266
424.135284424	264.294555664
425.441955566	248.903091431
426.748657227	233.509292603
428.055328369	242.619277954
429.362030029	242.109451294
430.668701172	244.771316528
431.975402832	236.308532715
433.282104492	235.373825073
434.588775635	246.694030762
435.895477295	250.787628174
437.202148438	259.799865723
438.508850098	263.73348999
439.81552124	260.106292725
441.1222229	256.478546143
442.428894043	248.913146973
443.735595703	243.526901245
445.042266846	241.39805603
446.348968506	243.550613403
447.655639648	248.091964722
448.962341309	261.761138916
450.269012451	277.683898926
451.575714111	256.857910156
452.882385254	255.94859314
454.189086914	255.040390015
455.495758057	247.188140869
456.802459717	242.89414978
458.109161377	248.174438477
459.41583252	235.523620605
460.72253418	225
462.029205322	248.167190552
463.335906982	267.082244873
464.642578125	240.565734863
465.949279785	246.269210815
467.255950928	230.85295105
468.562652588	245.428161621
469.86932373	243.377716064
471.176025391	255.544006348
472.482696533	242.319198608
473.789398193	249.556045532
475.096069336	254.343811035
476.402770996	243.145782471
477.709442139	234.679519653
479.016143799	245.028808594
480.322814941	282.737243652
481.629516602	344.118530273
482.936187744	419.846679688
484.242889404	385.055633545
485.549591064	309.711608887
486.856262207	288.664428711
488.162963867	252.683792114
489.46963501	248.358352661
490.77633667	259.155944824
492.083007813	262.229431152
493.389709473	265.261016846
494.696380615	253.405853271
496.003082275	261.972412109
497.309753418	253.497192383
498.616455078	237.069625854
499.923126221	249.673034668
501.229827881	255.075042725
502.536499023	230.725753784
503.843200684	247.682312012
505.149871826	269.560760498
506.456573486	251.509979248
507.763244629	233.568237305
509.069946289	243.785430908
510.376647949	225.669799805
511.683319092	252.564743042
512.989990234	247.985336304
514.296691895	242.492355347
515.603393555	234.49786377
516.910095215	234.498703003
518.21673584	242.982879639
519.5234375	244.093658447
520.83013916	230.559112549
522.13684082	219
523.443481445	229.942459106
524.750183105	245.796386719
526.056884766	227.164825439
527.363586426	228.326553345
528.670227051	231.99432373
529.976928711	228.332092285
531.283630371	230.502929688
532.590332031	248.288101196
533.896972656	242.608856201
535.203674316	233.471206665
536.510375977	235.552841187
537.817077637	251.457580566
539.123779297	257.734100342
540.430419922	238.170898438
541.737121582	233.539382935
543.043823242	236.298126221
544.350524902	238.623641968
545.657165527	219.305038452
546.963867188	247.130279541
548.270568848	258.214477539
549.577270508	242.59576416
550.883911133	236.232437134
552.190612793	227.35043335
553.497314453	234.053955078
554.804016113	247.858230591
556.110656738	243.07661438
557.417358398	250.178161621
558.724060059	254.110992432
560.030761719	230.886260986
561.337402344	244.709091187
562.644104004	259.436676025
563.950805664	263.468841553
565.257507324	238.682266235
566.564208984	240.667480469
567.870849609	238.343765259
569.17755127	247.295761108
570.48425293	257.109100342
571.79095459	241.707336426
573.097595215	225.776748657
574.404296875	233.601623535
575.710998535	237.235183716
577.017700195	244.180892944
578.32434082	208.173416138
579.63104248	264.090698242
580.937744141	257.137756348
582.244445801	251.043563843
583.551086426	239.393447876
584.857788086	231.652618408
586.164489746	237.663589478
587.471191406	265.014404297
588.777893066	267.637939453
590.084533691	226.567749023
591.391235352	231.54927063
592.697937012	248.230682373
594.004638672	267.512695313
595.311279297	244.387588501
596.617980957	245.819198608
597.924682617	232.642303467
599.231384277	233.041046143
600.538024902	249.087203979
601.844726563	240.692077637
603.151428223	240.157119751
604.458129883	246.606292725
605.764770508	241.093704224
607.071472168	243.56652832
608.378173828	262.978240967
609.684875488	263.777099609
610.991516113	254.466125488
612.298217773	267.871246338
613.604919434	263.237060547
614.911621094	243.649307251
616.218322754	260.388885498
617.524963379	259.852203369
618.831665039	251.362869263
620.138366699	261.017883301
621.445068359	254.916122437
622.751708984	243.242996216
624.058410645	239.967254639
625.365112305	232.141967773
626.671813965	237.703567505
627.97845459	241.311416626
629.28515625	246.335281372
630.59185791	230.201828003
631.89855957	238.571914673
633.205200195	262.797607422
634.511901855	253.82673645
635.818603516	238.386154175
637.125305176	231.313568115
638.431945801	224.583175659
639.738647461	228.990905762
641.045349121	242.491775513
642.352050781	250.394241333
643.658752441	251.973922729
644.965393066	260.656341553
646.272094727	277.186645508
647.578796387	267.026611328
648.885498047	281.133300781
650.192138672	265.290557861
651.498840332	265.913665771
652.805541992	274.457489014
654.112243652	251.880142212
655.418884277	260.631317139
656.725585938	285.007324219
658.032287598	273.117706299
659.338989258	254.456420898
660.645629883	257.300567627
661.952331543	259.876739502
663.259033203	250.535140991
664.565734863	251.03742981
665.872375488	268.4246521
667.179077148	259.584533691
668.485778809	249.494873047
669.792480469	281.248260498
671.099182129	250.081329346
672.405822754	237.69190979
673.712524414	262.538238525
675.019226074	273.58013916
676.325927734	267.838562012
677.632568359	266.928985596
678.93927002	260.669128418
680.24597168	255.28175354
681.55267334	258.392303467
682.859313965	264.24118042
684.166015625	269.205718994
685.472717285	251.800109863
686.779418945	248.763793945
688.08605957	259.069335938
689.39276123	247.115585327
690.699462891	259.284729004
692.006164551	257.352539063
693.312866211	257.819000244
694.619506836	273.132171631
695.926208496	273.144897461
697.232910156	245.118087769
698.539611816	237.393356323
699.846252441	253.636123657
701.152954102	256.001495361
702.459655762	252.880264282
703.766357422	265.605163574
705.072998047	271.076629639
706.379699707	275.616973877
707.686401367	267.264709473
708.993103027	248.48008728
710.299743652	230.621002197
711.606445313	271.964294434
712.913146973	247.195877075
714.219848633	263.167297363
715.526489258	276.267425537
716.833190918	270.454528809
718.139892578	275.481292725
719.446594238	276.442993164
720.753295898	256.931518555
722.059936523	252.903930664
723.366638184	268.319335938
724.673339844	266.594451904
725.980041504	255.889572144
727.286682129	257.052947998
728.593383789	256.494018555
729.900085449	268.23928833
731.206787109	272.329406738
732.513427734	307.914001465
733.820129395	281.541168213
735.126831055	286.218170166
736.433532715	265.402374268
737.74017334	263.319030762
739.046875	256.845458984
740.35357666	281.639099121
741.66027832	279.778106689
742.966918945	264.106933594
744.273620605	267.798065186
745.580322266	279.450073242
746.887023926	276.509033203
748.193725586	268.133758545
749.500366211	278.309570313
750.807067871	280.96673584
752.113769531	279.106323242
753.420471191	289.108581543
754.727111816	271.559356689
756.033813477	284.778533936
757.340515137	265.500152588
758.647216797	274.492126465
759.953857422	276
761.260559082	291.300994873
762.567260742	263.325531006
763.873962402	262.452148438
765.180603027	253.362792969
766.487304688	239.163085938
767.794006348	249.344711304
769.100708008	255.95223999
770.407348633	261.707427979
771.714050293	277.665344238
773.020751953	259.355072021
774.327453613	259.754241943
775.634155273	291.604125977
776.940795898	280.237823486
778.247497559	248.682281494
779.554199219	284.865509033
780.860900879	277.279907227
782.167541504	270.606414795
783.474243164	290.65423584
784.780944824	271.347259521
786.087646484	253.117584229
787.394287109	245.466644287
788.70098877	268.260925293
790.00769043	304.556243896
791.31439209	295.680053711
792.621032715	273.489257813
793.927734375	273.258666992
795.234436035	276
796.541137695	281.620910645
797.847839355	294.109008789
799.15447998	291.457275391
800.461181641	269.403411865
801.767883301	275.106140137
803.074584961	297.692169189
804.381225586	293.880584717
805.687927246	274.102966309
806.994628906	297.877349854
808.301330566	261.845733643
809.607971191	284.618011475
810.914672852	294.671569824
812.221374512	274.671508789
813.528076172	266.57321167
814.834716797	280.63394165
816.141418457	278.730072021
817.448120117	290.688995361
818.754821777	296.157897949
820.061462402	277.121459961
821.368164063	272.564605713
822.674865723	291.633209229
823.981567383	292.964050293
825.288269043	272.150909424
826.594909668	272.340301514
827.901611328	266.147613525
829.208312988	275.598724365
830.515014648	282.201751709
831.821655273	309.767456055
833.128356934	305.964324951
834.435058594	303.098632813
835.741760254	276.286468506
837.048400879	271.370330811
838.355102539	274.324157715
839.661804199	286.799041748
840.968505859	277.395050049
842.275146484	275.788574219
843.581848145	278.960021973
844.888549805	286.088317871
846.195251465	280.398895264
847.50189209	288.120391846
848.80859375	294.360748291
850.11529541	286.43359375
851.42199707	288.953216553
852.72869873	294.782714844
854.035339355	296.643249512
855.342041016	284.804199219
856.648742676	280.438842773
857.955444336	307.353057861
859.262084961	305.640441895
860.568786621	283.260772705
861.875488281	276.505493164
863.182189941	285.973419189
864.488830566	283.098114014
865.795532227	260.779449463
867.102233887	269.614990234
868.408935547	274.37387085
869.715576172	289.444152832
871.022277832	289.953674316
872.328979492	291.883514404
873.635681152	277.353485107
874.942321777	275.758422852
876.249023438	286.194335938
877.555725098	269.184387207
878.862426758	274.884002686
880.169128418	282.054046631
881.475769043	264.353057861
882.782470703	261.803131104
884.089172363	265.900909424
885.395874023	273.917724609
886.702514648	288.265655518
888.009216309	304.818725586
889.315917969	291.585296631
890.622619629	285.416778564
891.929260254	265.10055542
893.235961914	280.222595215
894.542663574	290.829833984
895.849365234	272.000244141
897.156005859	326.908752441
898.46270752	297.825744629
899.76940918	259.741149902
901.07611084	278.593811035
902.3828125	284.498016357
903.689453125	281.817810059
904.996154785	264.292327881
906.302856445	287.950561523
907.609558105	292.1277771
908.91619873	270.110992432
910.222900391	271.073364258
911.529602051	280.897491455
912.836303711	261.219177246
914.142944336	282.698181152
915.449645996	301.111633301
916.756347656	273.73236084
918.063049316	275.091125488
919.369689941	288.851348877
920.676391602	289.986175537
921.983093262	287.202728271
923.289794922	284.930419922
924.596435547	271.233093262
925.903137207	275.192382813
927.209838867	283.847991943
928.516540527	261.937835693
929.823242188	259.283874512
931.129882813	296.13494873
932.436584473	269.392333984
933.743286133	252.037734985
935.049987793	288.801269531
936.356628418	304.039764404
937.663330078	266.141418457
938.970031738	279.430419922
940.276733398	296.271820068
941.583374023	299
942.890075684	279.602478027
944.196777344	276.977172852
945.503479004	269.43347168
946.810119629	278.976531982
948.116821289	277.17855835
949.423522949	277.345275879
950.730224609	278.227844238
952.036865234	282.045227051
953.343566895	272.220275879
954.650268555	267.492919922
955.956970215	282.987854004
957.263671875	275.262634277
958.5703125	263.453430176
959.87701416	275.472137451
961.18371582	280.748474121
962.49041748	295.323059082
963.797058105	289.519470215
965.103759766	271.875061035
966.410461426	270.987609863
967.717163086	283.242340088
969.023803711	272.443908691
970.330505371	285.387115479
971.637207031	276.260925293
972.943908691	311.039123535
974.250549316	292.231933594
975.557250977	283.118164063
976.863952637	307.673278809
978.170654297	288.231079102
979.477294922	295.696746826
980.783996582	290.38470459
982.090698242	286.360809326
983.397399902	297.473846436
984.704101563	292.146759033
986.010742188	284.351959229
987.317443848	293.471801758
988.624145508	285.077972412
989.930847168	285.019805908
991.237487793	289.644073486
992.544189453	288.88949585
993.850891113	307.004089355
995.157592773	296.37802124
996.464233398	282.222564697
997.770935059	298.156829834
999.077636719	286.759521484
1000.38433838	276.126464844
1001.690979	293.792388916
1002.99768066	294.800811768
1004.30438232	300.098449707
1005.61108398	299.312194824
1006.91778564	283.081268311
1008.22442627	287
1009.53112793	291.727172852
1010.83782959	298.628448486
1012.14453125	302.196166992
1013.45117188	301.17010498
1014.75787354	292.135955811
1016.0645752	309.043701172
1017.37127686	296.385864258
1018.67791748	293.069274902
1019.98461914	299.685180664
1021.2913208	283.702301025
1022.59802246	313.105865479
1023.90466309	322.691558838
1025.21142578	322.341186523
1026.51806641	333.261627197
1027.82470703	346.709533691
1029.13146973	303.913330078
1030.43811035	289.151275635
1031.74475098	274.877716064
1033.05151367	301.59085083
1034.3581543	344.692993164
1035.66491699	304.07913208
1036.97155762	276.243041992
1038.27819824	303.073669434
1039.58496094	320.594909668
1040.89160156	316.604980469
1042.19836426	336.23727417
1043.50500488	326.072937012
1044.81164551	310.496154785
1046.1184082	297.256561279
1047.42504883	338.619934082
1048.73168945	337.148071289
1050.03845215	313.129211426
1051.34509277	309.267730713
1052.65185547	318.129455566
1053.95849609	300.775604248
1055.26513672	304.291412354
1056.57189941	316.581665039
1057.87854004	320
1059.18530273	316.720947266
1060.49194336	302.853668213
1061.79858398	295.375732422
1063.10534668	300.481750488
1064.4119873	320.024688721
1065.71862793	324.063110352
1067.02539063	319
1068.33203125	317.904785156
1069.63879395	319.130249023
1070.94543457	320.482299805
1072.2520752	326.04473877
1073.55883789	329.550628662
1074.86547852	326.524536133
1076.17211914	321.849700928
1077.47888184	324.161895752
1078.78552246	326.918029785
1080.09228516	312.691040039
1081.39892578	307.662231445
1082.70556641	318.908447266
1084.0123291	331.81350708
1085.31896973	327.677520752
1086.62573242	311.069335938
1087.93237305	322.630065918
1089.23901367	330.374206543
1090.54577637	317.315704346
1091.85241699	333.150421143
1093.15905762	322.184936523
1094.46582031	308.565979004
1095.77246094	324.021697998
1097.07922363	344.850128174
1098.38586426	336.25100708
1099.69250488	340.130310059
1100.99926758	357.603210449
1102.3059082	374.885223389
1103.61254883	341.59967041
1104.91931152	324.600860596
1106.22595215	325.644622803
1107.53271484	338.795776367
1108.83935547	346.659240723
1110.14599609	343.709503174
1111.45275879	336.23928833
1112.75939941	329.441772461
1114.06616211	318.807098389
1115.37280273	347.624237061
1116.67944336	334.851837158
1117.98620605	358.683258057
1119.29284668	318.516448975
1120.5994873	350.185211182
1121.90625	352.084838867
1123.21289063	352.304656982
1124.51965332	343.372039795
1125.82629395	335.687133789
1127.13293457	346.488647461
1128.43969727	353.397033691
1129.74633789	368.026824951
1131.05297852	372.048461914
1132.35974121	362.689880371
1133.66638184	368.463867188
1134.97314453	361.085083008
1136.27978516	371.84979248
1137.58642578	363.651763916
1138.89318848	368.395935059
1140.1998291	356.160797119
1141.5065918	365.294525146
1142.81323242	372.87902832
1144.11987305	370.423736572
1145.42663574	334.186157227
1146.73327637	363.985778809
1148.03991699	375.550537109
1149.34667969	343.67401123
1150.65332031	377.657104492
1151.96008301	377.195373535
1153.26672363	369.32019043
1154.57336426	386.214416504
1155.88012695	375.788574219
1157.18676758	394.905029297
1158.4934082	361.592468262
1159.8001709	419.465087891
1161.10681152	376.671661377
1162.41357422	392.659637451
1163.72021484	407.282287598
1165.02685547	360.838165283
1166.33361816	391.662414551
1167.64025879	396.931793213
1168.94702148	393.504364014
1170.25366211	416.579193115
1171.56030273	351.264343262
1172.86706543	390.965637207
1174.17370605	405.662109375
1175.48034668	381.298919678
1176.78710938	405.68762207
1178.09375	413.594421387
1179.4005127	407.062835693
1180.70715332	398.685699463
1182.01379395	398.032409668
1183.32055664	403.087982178
1184.62719727	379.288421631
1185.93383789	415.216430664
1187.24060059	411.837677002
1188.54724121	407.998809814
1189.85400391	405.184082031
1191.16064453	425.539276123
1192.46728516	379.30380249
1193.77404785	413.344329834
1195.08068848	383.753875732
1196.38745117	412.637237549
1197.6940918	411.924926758
1199.00073242	402.431915283
1200.30749512	424.32824707
1201.61413574	425.225524902
1202.92077637	400.986206055
1204.22753906	410.98336792
1205.53417969	373.331695557
1206.84094238	399.587890625
1208.14758301	423.569732666
1209.45422363	436.596313477
1210.76098633	407.848876953
1212.06762695	393.899719238
1213.37426758	415.979827881
1214.68103027	431.904571533
1215.9876709	439.955108643
1217.29443359	384.624206543
1218.60107422	441.997772217
1219.90771484	424.961090088
1221.21447754	440.342407227
1222.52111816	432.731109619
1223.82788086	442.888916016
1225.13452148	434.001678467
1226.44116211	426.242980957
1227.7479248	449.249084473
1229.05456543	457.398712158
1230.36120605	454.858428955
1231.66796875	466.744689941
1232.97460938	452.523498535
1234.28137207	454.448974609
1235.5880127	432.224914551
1236.89465332	462.602722168
1238.20141602	449.830474854
1239.50805664	488.662139893
1240.81469727	480.856140137
1242.12145996	462.170379639
1243.42810059	480.027496338
1244.73486328	462.775268555
1246.04150391	461.039733887
1247.34814453	474.094146729
1248.65490723	447.199279785
1249.96154785	465.931976318
1251.26831055	462.84387207
1252.57495117	492.409179688
1253.8815918	499.835754395
1255.18835449	518.324951172
1256.49499512	484.695098877
1257.80163574	489.270080566
1259.10839844	489.956115723
1260.41503906	480.205383301
1261.72180176	494.787109375
1263.02844238	493.496948242
1264.33508301	504.687042236
1265.6418457	505.718994141
1266.94848633	513.251647949
1268.25524902	522.581176758
1269.56188965	508.528106689
1270.86853027	524.954040527
1272.17529297	519.658325195
1273.48193359	524.338562012
1274.78857422	529.960327148
1276.09533691	525.855957031
1277.40197754	527.962646484
1278.70874023	523.418273926
1280.01538086	534.6015625
1281.32202148	543.248352051
1282.62878418	538.528808594
1283.9354248	548.655151367
1285.24206543	555.554199219
1286.54882813	549.094421387
1287.85546875	568.195800781
1289.16223145	579.843811035
1290.46887207	578.591247559
1291.7755127	583.087158203
1293.08227539	580.610961914
1294.38891602	581.575561523
1295.69567871	588.698852539
1297.00231934	602.329467773
1298.30895996	601.888977051
1299.61572266	614.406738281
1300.92236328	623.690856934
1302.22900391	630.109069824
1303.5357666	637.676025391
1304.84240723	636.241271973
1306.14916992	639.956359863
1307.45581055	631.642822266
1308.76245117	627.363525391
1310.06921387	634.655212402
1311.37585449	641.491088867
1312.68249512	656.573425293
1313.98925781	668.602478027
1315.29589844	628.695251465
1316.60266113	676.817260742
1317.90930176	687.602905273
1319.21594238	704.496520996
1320.52270508	696.909423828
1321.8293457	703.188171387
1323.1361084	686.505432129
1324.44274902	705.274047852
1325.74938965	676.967773438
1327.05615234	695.522705078
1328.36279297	690.689025879
1329.66943359	696.08807373
1330.97619629	717.671936035
1332.28283691	727.693359375
1333.58959961	727.138183594
1334.89624023	703.828979492
1336.20288086	728.41192627
1337.50964355	752.360961914
1338.81628418	740.398742676
1340.1229248	739.759277344
1341.4296875	727.288146973
1342.73632813	728.910522461
1344.04309082	721.480041504
1345.34973145	740.983032227
1346.65637207	764.40447998
1347.96313477	744.052124023
1349.26977539	742.853149414
1350.57653809	744.692749023
1351.88317871	756.759033203
1353.18981934	771.579956055
1354.49658203	738.917114258
1355.80322266	724.709228516
1357.10986328	744.825439453
1358.41662598	759.216064453
1359.7232666	736.035644531
1361.0300293	730.638244629
1362.33666992	681.184326172
1363.64331055	709.862670898
1364.95007324	712.234436035
1366.25671387	682.737121582
1367.56335449	739.614990234
1368.87011719	704.32989502
1370.17675781	728.959289551
1371.48352051	708.226379395
1372.79016113	689.76940918
1374.09680176	677.0390625
1375.40356445	652.998413086
1376.71020508	670.548706055
1378.01696777	670.702270508
1379.3236084	638.555053711
1380.63024902	632.361755371
1381.93701172	662.303833008
1383.24365234	655.378479004
1384.55029297	657.712280273
1385.85705566	641.907531738
1387.16369629	636.198120117
1388.47045898	627.211425781
1389.77709961	616.411499023
1391.08374023	606.972290039
1392.39050293	626.359985352
1393.69714355	611.847351074
1395.00378418	599.066467285
1396.31054688	601.443908691
1397.6171875	602.517944336
1398.9239502	610.440795898
1400.23059082	603.050415039
1401.53723145	595.456604004
1402.84399414	591.515563965
1404.15063477	583.246765137
1405.45739746	586.845336914
1406.76403809	577.685058594
1408.07067871	572.411621094
1409.37744141	556.360168457
1410.68408203	566.328308105
1411.99072266	577.981018066
1413.29748535	569.850952148
1414.60412598	579.410339355
1415.91088867	589.856323242
1417.2175293	588.481506348
1418.52416992	574.08190918
1419.83093262	564.627990723
1421.13757324	559.527893066
1422.44421387	555.987182617
1423.75097656	544.285827637
1425.05761719	536.90234375
1426.36437988	535.425720215
1427.67102051	540.635864258
1428.97766113	535.662536621
1430.28442383	548.530578613
1431.59106445	555.571350098
1432.89782715	569.555053711
1434.20446777	545.585449219
1435.5111084	528.948303223
1436.81787109	534.902282715
1438.12451172	531.349731445
1439.43115234	527.288574219
1440.73791504	537.147949219
1442.04455566	530.415771484
1443.35131836	536.062927246
1444.65795898	535.714050293
1445.96459961	539.185424805
1447.2713623	540.900939941
1448.57800293	512.746276855
1449.88464355	522.139038086
1451.19140625	537.399597168
1452.49804688	535.593566895
1453.80480957	555.62701416
1455.1114502	549.599914551
1456.41809082	546.993774414
1457.72485352	531.262084961
1459.03149414	548.758666992
1460.33825684	516.548339844
1461.64489746	519.086547852
1462.95153809	540.798461914
1464.25830078	559.934753418
1465.56494141	558.083557129
1466.87158203	551.689697266
1468.17834473	524.015319824
1469.48498535	516.547729492
1470.79174805	506.222961426
1472.09838867	548.745666504
1473.4050293	547.532775879
1474.71179199	539.677734375
1476.01843262	515.951416016
1477.32519531	558.955749512
1478.63183594	543.512390137
1479.93847656	534.727050781
1481.24523926	509.63458252
1482.55187988	520.01763916
1483.85852051	547.719055176
1485.1652832	528.199890137
1486.47192383	546.250549316
1487.77868652	535.422668457
1489.08532715	527.891845703
1490.39196777	542.470336914
1491.69873047	548.310241699
1493.00537109	533.124511719
1494.31201172	540.220214844
1495.61877441	530.85369873
1496.92541504	531.78137207
1498.23217773	546.743164063
1499.53881836	540.273498535
1500.84545898	528.659545898
1502.15222168	537.868896484
1503.4588623	518.408752441
1504.765625	525.616943359
1506.07226563	507.787719727
1507.37890625	539.063049316
1508.68566895	514.031677246
1509.99230957	511.852722168
1511.2989502	515.718505859
1512.60571289	528.174377441
1513.91235352	529.092407227
1515.21911621	530.519104004
1516.52575684	548.365661621
1517.83239746	530.016540527
1519.13916016	513.404785156
1520.44580078	524.965148926
1521.75244141	542.345703125
1523.0592041	534.996459961
1524.36584473	541.904785156
1525.67260742	549.727783203
1526.97924805	574.717712402
1528.28588867	564.929748535
1529.59265137	554.867126465
1530.89929199	555.600891113
1532.20605469	558.806030273
1533.51269531	549.768493652
1534.81933594	545.242919922
1536.12609863	546.512634277
1537.43273926	538.128356934
1538.73937988	541.615356445
1540.04614258	537.514221191
1541.3527832	552.359130859
1542.6595459	594.801879883
1543.96618652	555.328308105
1545.27282715	558.0703125
1546.57958984	599.927124023
1547.88623047	567.55279541
1549.19287109	593.997497559
1550.49963379	601.781982422
1551.80627441	602.457458496
1553.11303711	590.275695801
1554.41967773	604.694396973
1555.72631836	602.071716309
1557.03308105	639.043945313
1558.33972168	638.412597656
1559.64648438	636.903991699
1560.953125	617.318359375
1562.25976563	635.056884766
1563.56652832	654.628845215
1564.87316895	651.21081543
1566.17980957	655.321533203
1567.48657227	632.481994629
1568.79321289	651.527587891
1570.09997559	632.63848877
1571.40661621	688.031494141
1572.71325684	685.58001709
1574.02001953	709.16619873
1575.32666016	732.549865723
1576.63330078	694.465148926
1577.94006348	731.154968262
1579.2467041	747.71862793
1580.5534668	737.551208496
1581.86010742	751.827819824
1583.16674805	732.140258789
1584.47351074	739.326538086
1585.78015137	774.561035156
1587.08691406	783.260864258
1588.39355469	768.100280762
1589.70019531	795.639648438
1591.00695801	799.374633789
1592.31359863	795.842773438
1593.62023926	801.470092773
1594.92700195	813.782470703
1596.23364258	809.133239746
1597.54040527	768.283996582
1598.8470459	823.691955566
1600.15368652	826.180236816
1601.46044922	822.81036377
1602.76708984	822.052368164
1604.07373047	832.889038086
1605.38049316	840.837341309
1606.68713379	807.084411621
1607.99389648	815.368286133
1609.30053711	795.869506836
1610.60717773	799.574401855
1611.91394043	774.406677246
1613.22058105	801.174072266
1614.52734375	800.468811035
1615.83398438	783.874511719
1617.140625	739.843994141
1618.4473877	729.529052734
1619.75402832	721.853942871
1621.06066895	714.649475098
1622.36743164	682.396728516
1623.67407227	690.292297363
1624.98083496	712.667480469
1626.28747559	639.528564453
1627.59411621	631.407409668
1628.90087891	601.50982666
1630.20751953	588.779846191
1631.51416016	577.840393066
1632.82092285	595.23223877
1634.12756348	595.156799316
1635.43432617	582.762023926
1636.7409668	564.128295898
1638.04760742	573.13079834
1639.35437012	545.563781738
1640.66101074	522.65411377
1641.96777344	510.846221924
1643.27441406	538.554992676
1644.58105469	497.800323486
1645.88781738	526.144470215
1647.19445801	496.304382324
1648.50109863	509.267669678
1649.80786133	493.609588623
1651.11450195	500.090332031
1652.42126465	471.006103516
1653.72790527	461.312011719
1655.0345459	467.928833008
1656.34130859	438.827728271
1657.64794922	450.234893799
1658.95458984	471.442626953
1660.26135254	464.004272461
1661.56799316	442.882049561
1662.87475586	417.74017334
1664.18139648	436.95098877
1665.48803711	413.420166016
1666.7947998	416.331420898
1668.10144043	396.681365967
1669.40820313	404.492919922
1670.71484375	372.318572998
1672.02148438	395
1673.32824707	393.507293701
1674.6348877	380.64074707
1675.94152832	363.369537354
1677.24829102	363.254699707
1678.55493164	376.971313477
1679.86169434	374.211639404
1681.16833496	392.066955566
1682.47497559	386.19430542
1683.78173828	378.631164551
1685.08837891	378.305633545
1686.3951416	382.546508789
1687.70178223	348.684753418
1689.00842285	367.510894775
1690.31518555	352.999755859
1691.62182617	325.283905029
1692.9284668	352.342132568
1694.23522949	381
1695.54187012	374.254760742
1696.84863281	348.269104004
1698.15527344	348.66607666
1699.46191406	349.595581055
1700.76867676	349.679870605
1702.07531738	350.705627441
1703.38195801	349.24130249
1704.6887207	336.092559814
1705.99536133	332.452545166
1707.30212402	323.492523193
1708.60876465	393.963043213
1709.91540527	343.122375488
1711.22216797	342.96282959
1712.52880859	326.546051025
1713.83557129	362.717010498
1715.14221191	339.183288574
1716.44885254	358.984527588
1717.75561523	335.423156738
1719.06225586	325.571655273
1720.36889648	338.445251465
1721.67565918	323.011627197
1722.9822998	344.128601074
1724.2890625	343.837249756
1725.59570313	342.577911377
1726.90234375	352.660583496
1728.20910645	340.822479248
1729.51574707	342.789672852
1730.8223877	339.5909729
1732.12915039	317.17401123
1733.43579102	321.993988037
1734.74255371	332.545776367
1736.04919434	328.621826172
1737.35583496	345.650085449
1738.66259766	311.603210449
1739.96923828	329.007446289
1741.27600098	342.8487854
1742.5826416	331.771392822
1743.88928223	318.115661621
1745.19604492	346.715667725
1746.50268555	340.204101563
1747.80932617	352.12286377
1749.11608887	312.470611572
1750.42272949	344.389526367
1751.72949219	338
1753.03613281	342.436157227
1754.34277344	346.564849854
1755.64953613	322.238922119
1756.95617676	321.454284668
1758.26281738	329.394714355
1759.56958008	331.784088135
1760.8762207	320.20501709
1762.1829834	328.015289307
1763.48962402	321.26864624
1764.79626465	356.862915039
1766.10302734	327.795349121
1767.40966797	350.400115967
1768.71643066	321
1770.02307129	323.228271484
1771.32971191	335.351348877
1772.63647461	340.804748535
1773.94311523	340.17086792
1775.24975586	341.414825439
1776.55651855	319.044372559
1777.86315918	326.860961914
1779.16992188	336.260986328
1780.4765625	344.157653809
1781.78320313	329.908966064
1783.08996582	328
1784.39660645	320.74710083
1785.70324707	336.146453857
1787.01000977	341.731719971
1788.31665039	333.28427124
1789.62341309	322.359741211
1790.93005371	314.839050293
1792.23669434	318.479187012
1793.54345703	305.195098877
1794.85009766	300.596374512
1796.15686035	311.928863525
1797.46350098	321.887023926
1798.7701416	323.920227051
1800.0769043	338.993225098
1801.38354492	331.163635254
1802.69018555	329.741363525
1803.99694824	313.732757568
1805.30358887	319.577484131
1806.61035156	327
1807.91699219	320.174377441
1809.22363281	313
1810.53039551	317.56137085
1811.83703613	324.40322876
1813.14367676	317.836853027
1814.45043945	350.158294678
1815.75708008	332.402404785
1817.06384277	329.294952393
1818.3704834	343.075439453
1819.67712402	315.232421875
1820.98388672	318.526947021
1822.29052734	314.012390137
1823.59729004	307.698608398
1824.90393066	324.952697754
1826.21057129	340.792114258
1827.51733398	329.048461914
1828.82397461	332.0496521
1830.13061523	294.068634033
1831.43737793	327.708007813
1832.74401855	343.235992432
1834.05078125	346
1835.35742188	345.750549316
1836.6640625	341.640075684
1837.9708252	336.688751221
1839.27746582	335.94720459
1840.58410645	343.125579834
1841.89086914	338.400512695
1843.19750977	348.393951416
1844.50427246	337.560241699
1845.81091309	323.665618896
1847.11755371	351.101165771
1848.42431641	296.559082031
1849.73095703	314.049926758
1851.03771973	334.025421143
1852.34436035	325.842163086
1853.65100098	321.154327393
1854.95776367	342.237792969
1856.2644043	322.462371826
1857.57104492	325.02947998
1858.87780762	325.515960693
1860.18444824	310.180450439
1861.49121094	341.677703857
1862.79785156	313.286315918
1864.10449219	301.419342041
1865.41125488	303.767578125
1866.71789551	339.073059082
1868.02453613	306.20993042
1869.33129883	327.6690979
1870.63793945	345.193939209
1871.94470215	346.607208252
1873.25134277	319.034210205
1874.5579834	307.529205322
1875.86474609	316.377380371
1877.17138672	338.022216797
1878.47814941	325.973449707
1879.78479004	308.229156494
1881.09143066	323.39263916
1882.39819336	350.63482666
1883.70483398	336.081115723
1885.01147461	344.044433594
1886.3182373	348.190490723
1887.62487793	349.570281982
1888.93164063	342.394104004
1890.23828125	328.21673584
1891.54492188	313.965789795
1892.85168457	326.943634033
1894.1583252	319.414550781
1895.46508789	312.07019043
1896.77172852	333.087646484
1898.07836914	338.08782959
1899.38513184	325.012695313
1900.69177246	303.599487305
1901.99841309	328.094482422
1903.30517578	343.03729248
1904.61181641	351.077453613
1905.9185791	321.83190918
1907.22521973	306.938354492
1908.53186035	308.671295166
1909.83862305	324.395904541
1911.14526367	332.355072021
1912.4519043	325.766448975
1913.75866699	324.35269165
1915.06530762	301.158081055
1916.37207031	326.474517822
1917.67871094	331.514221191
1918.98535156	328.523651123
1920.29211426	321.26385498
1921.59875488	293.86038208
1922.90551758	326.562957764
1924.2121582	322.105316162
1925.51879883	327.48034668
1926.82556152	333.342315674
1928.13220215	321.662231445
1929.43884277	324.909057617
1930.74560547	324.586456299
1932.05224609	324.071014404
1933.35900879	343.144744873
1934.66564941	339.412780762
1935.97229004	328.020629883
1937.27905273	352.458007813
1938.58569336	331.14364624
1939.89233398	347.473846436
1941.19909668	292.142791748
1942.5057373	333.942840576
1943.8125	316.211639404
1945.11914063	318.419647217
1946.42578125	324.696868896
1947.73254395	324.154724121
1949.03918457	329.322265625
1950.34594727	337.998321533
1951.65258789	319.595275879
1952.95922852	333.369537354
1954.26599121	326.669555664
1955.57263184	310.938751221
1956.87927246	331.450836182
1958.18603516	331.195129395
1959.49267578	316.859954834
1960.79943848	313.947967529
1962.1060791	319.556060791
1963.41271973	334.672821045
1964.71948242	305.268920898
1966.02612305	312.861083984
1967.33276367	300.011199951
1968.63952637	337.892303467
1969.94616699	336.569610596
1971.25292969	324.345245361
1972.55957031	328.706665039
1973.86621094	335.442779541
1975.17297363	333.000152588
1976.47961426	341.978240967
1977.78637695	341.864013672
1979.09301758	315.697113037
1980.3996582	324.498626709
1981.7064209	327.308868408
1983.01306152	325.044067383
1984.31970215	341.473693848
1985.62646484	327.17074585
1986.93310547	309.260131836
1988.23986816	320.084838867
1989.54650879	321.73348999
1990.85314941	319.072937012
1992.15991211	326.283050537
1993.46655273	337.713256836
1994.77319336	322.282623291
1996.07995605	334.100036621
1997.38659668	336.867828369
1998.69335938	333.365692139
2000	299.415588379
