200	328.703552246
200.769882202	344.545532227
201.539779663	347.873687744
202.309661865	344.696960449
203.079559326	353.560668945
203.849441528	358.957305908
204.619338989	352.192749023
205.389221191	367.984161377
206.159103394	363.20715332
206.929000854	374.841278076
207.698883057	363.398498535
208.468780518	349.651153564
209.23866272	349.355804443
210.008560181	356.345336914
210.778442383	351.546295166
211.548324585	333.238952637
212.318222046	368.523345947
213.088104248	371.157714844
213.858001709	354.525299072
214.627883911	367.978271484
215.397781372	377.996795654
216.167663574	362.060882568
216.937561035	356.579833984
217.707443237	351.364471436
218.477325439	379.697723389
219.2472229	358.21182251
220.017105103	358.441589355
220.787002563	368.215881348
221.556884766	368.772521973
222.326782227	359.594085693
223.096664429	354.60446167
223.866546631	363.327392578
224.636444092	354.969421387
225.406326294	345.704711914
226.176223755	351.415893555
226.946105957	352.324401855
227.716003418	344.707092285
228.48588562	343.734832764
229.255767822	354.64276123
230.025665283	353.554290771
230.795547485	356.817657471
231.565444946	356.973175049
232.335327148	347.829498291
233.105224609	342.483825684
233.875106812	348.977416992
234.644989014	357.379150391
235.414886475	349.012939453
236.184768677	355.782043457
236.954666138	347.915344238
237.72454834	354.755859375
238.494445801	352.445526123
239.264328003	350.647521973
240.034210205	353.903137207
240.804107666	350.31817627
241.573989868	342.666351318
242.343887329	341.355285645
243.113769531	333.211029053
243.883666992	340.403900146
244.653549194	344.473846436
245.423431396	343.396728516
246.193328857	344.95916748
246.96321106	350.942932129
247.733108521	349.049987793
248.502990723	341.178588867
249.272888184	340.699829102
250.042770386	351.871612549
250.812667847	355.054595947
251.582550049	353.780975342
252.352432251	352.241607666
253.122329712	344.533782959
253.892211914	333.140991211
254.662109375	335.547729492
255.431991577	348.777679443
256.201873779	351.490997314
256.97177124	344.175933838
257.741668701	342.695526123
258.511535645	350.319488525
259.281433105	350.955078125
260.051330566	333.699676514
260.821228027	343.989898682
261.591094971	345.156555176
262.360992432	341.457885742
263.130889893	338.053619385
263.900756836	337.303222656
264.670654297	345.601013184
265.440551758	354.57043457
266.210449219	326.373382568
266.980316162	339.51864624
267.750213623	338.383239746
268.520111084	341.709442139
269.289978027	332.170654297
270.059875488	339.458709717
270.829772949	358.014282227
271.59967041	358.300811768
272.369537354	354.808441162
273.139434814	362.280212402
273.909332275	342.070556641
274.679199219	340.325134277
275.44909668	347.53427124
276.218994141	346.88772583
276.988891602	343.852355957
277.758758545	346.827636719
278.528656006	344.933349609
279.298553467	346.228363037
280.06842041	335.892059326
280.838317871	337.164489746
281.608215332	349.672821045
282.378112793	354.305053711
283.147979736	349.510345459
283.917877197	343.536987305
284.687774658	339.908416748
285.457641602	340.914703369
286.227539063	344.87600708
286.997436523	342.858276367
287.767333984	337.167510986
288.537200928	340.610626221
289.307098389	333.185455322
290.07699585	325.733673096
290.846862793	341.702209473
291.616760254	337.656860352
292.386657715	339.418670654
293.156555176	324.165710449
293.926422119	324.315307617
294.69631958	334.836303711
295.466217041	333.384887695
296.236083984	331.541320801
297.005981445	339.794036865
297.775878906	328.602142334
298.545776367	309.039306641
299.315643311	337.979095459
300.085540771	329.110717773
300.855438232	328.615936279
301.625335693	328.502410889
302.395202637	324.587646484
303.165100098	319.140045166
303.934997559	316.175476074
304.704864502	323.948486328
305.474761963	313.143066406
306.244659424	305.638580322
307.014556885	318.536834717
307.784423828	323.056671143
308.554321289	321.2918396
309.32421875	319.978179932
310.094085693	317.466583252
310.863983154	313.573699951
311.633880615	329.226348877
312.403778076	327.456542969
313.17364502	315.357879639
313.94354248	306.035614014
314.713439941	312.982849121
315.483306885	320.172119141
316.253204346	320.167663574
317.023101807	322.850250244
317.792999268	321.499511719
318.562866211	324.149536133
319.332763672	329.361938477
320.102661133	317.74041748
320.872528076	314.026153564
321.642425537	314.879089355
322.412322998	313.396911621
323.182220459	307.470825195
323.952087402	302.093902588
324.721984863	315.487182617
325.491882324	310.392028809
326.261749268	311.224151611
327.031646729	310.271606445
327.801544189	309.016387939
328.57144165	315.112609863
329.341308594	317.924865723
330.111206055	305.159362793
330.881103516	295.797271729
331.650970459	327.680389404
332.42086792	310.3878479
333.190765381	305.932281494
333.960662842	305.08114624
334.730529785	304.157501221
335.500427246	303.275634766
336.270324707	300.732513428
337.04019165	294.46887207
337.810089111	289.438964844
338.579986572	299.200164795
339.349884033	309.404022217
340.119750977	310.172119141
340.889648438	303.912475586
341.659545898	303.342590332
342.429412842	303.006988525
343.199310303	301.999786377
343.969207764	309.680328369
344.739105225	317.952667236
345.508972168	292.421264648
346.278869629	304.447540283
347.04876709	299.775482178
347.818634033	295.962493896
348.588531494	299.57611084
349.358428955	302.112945557
350.128326416	301.826416016
350.898193359	304.689331055
351.66809082	301.089019775
352.437988281	287.535858154
353.207855225	285.074859619
353.977752686	288.544647217
354.747650146	297.038726807
355.517547607	295.214355469
356.287414551	293.891387939
357.057312012	299.464538574
357.827209473	298.466400146
358.597076416	288.292266846
359.366973877	284.0574646
360.136871338	297.161102295
360.906768799	308.586853027
361.676635742	295.906555176
362.446533203	288.571380615
363.216430664	287.715484619
363.986328125	283.123840332
364.756195068	280.155731201
365.526092529	287.09173584
366.29598999	273.752075195
367.065856934	276.651916504
367.835754395	292.86328125
368.605651855	295.73425293
369.375549316	287.226043701
370.14541626	284.676513672
370.915313721	288.66293335
371.685211182	284.834564209
372.455078125	275.153961182
373.224975586	287.695678711
373.994873047	285.691375732
374.764770508	290.548614502
375.534637451	297.882629395
376.304534912	286.129058838
377.074432373	287.038818359
377.844299316	289.067321777
378.614196777	276.663085938
379.384094238	284.721343994
380.153991699	282.224243164
380.923858643	285.790252686
381.693756104	281.584014893
382.463653564	275.054534912
383.233520508	276.920196533
384.003417969	284.322479248
384.77331543	278.850921631
385.543212891	270.280761719
386.313079834	281.377319336
387.082977295	275.422576904
387.852874756	288.581970215
388.622741699	289.191467285
389.39263916	278.561035156
390.162536621	280.539215088
390.932434082	271.103668213
391.702301025	269.954925537
392.472198486	277.47052002
393.242095947	276.694610596
394.011962891	283.053588867
394.781860352	277.053588867
395.551757813	267.2081604
396.321655273	274.391906738
397.091522217	282.714904785
397.861419678	271.428497314
398.631317139	261.450408936
399.401184082	259.691040039
400.171081543	263.938446045
400.940979004	274.70300293
401.710876465	276.264373779
402.480743408	283.206176758
403.250640869	275.683746338
404.02053833	275.929016113
404.790405273	275.738525391
405.560302734	265.650970459
406.330200195	261.477935791
407.100097656	263.632080078
407.8699646	260.808990479
408.639862061	260.27355957
409.409759521	271.101776123
410.179626465	279.863311768
410.949523926	276.39352417
411.719421387	272.923919678
412.489318848	267.599822998
413.259185791	273.492126465
414.029083252	277.125793457
414.798980713	267.400939941
415.568847656	260.132019043
416.338745117	272.355010986
417.108642578	272.852935791
417.878540039	269.488433838
418.648406982	275.711364746
419.418304443	274.618225098
420.188201904	272.803588867
420.958068848	264.303924561
421.727966309	265.283752441
422.49786377	278.860534668
423.26776123	282.826599121
424.037628174	274.446502686
424.807525635	261.554504395
425.577423096	254.35345459
426.347320557	261.566650391
427.1171875	259.998077393
427.887084961	264.49899292
428.656982422	270.474945068
429.426849365	262.105865479
430.196746826	248.223052979
430.966644287	251.843719482
431.736541748	259.34085083
432.506408691	260.37286377
433.276306152	275.688110352
434.046203613	281.930877686
434.816070557	272.344238281
435.585968018	256.091308594
436.355865479	251.767120361
437.125762939	256.416931152
437.895629883	258.18371582
438.665527344	258.310424805
439.435424805	263.797149658
440.205291748	258.985321045
440.975189209	258.534484863
441.74508667	254.336364746
442.514984131	270.027008057
443.284851074	261.044403076
444.054748535	248.327865601
444.824645996	247.06187439
445.594512939	251.883605957
446.3644104	256.539733887
447.134307861	259.162506104
447.904205322	255.676193237
448.674072266	254.322601318
449.443969727	258.947387695
450.213867188	260.317474365
450.983734131	260.335174561
451.753631592	255.894973755
452.523529053	249.006225586
453.293426514	250.827316284
454.063293457	258.157196045
454.833190918	251.074111938
455.603088379	250.447509766
456.372955322	252.705413818
457.142852783	252.528121948
457.912750244	252.697784424
458.682647705	253.270858765
459.452514648	247.221496582
460.222412109	246.770202637
460.99230957	253.148773193
461.762176514	259.100585938
462.532073975	262.403289795
463.301971436	256.288024902
464.071868896	247.399612427
464.84173584	243.78364563
465.611633301	252.478210449
466.381530762	248.332199097
467.151397705	254.480133057
467.921295166	246.610473633
468.691192627	240.148880005
469.461090088	244.228591919
470.230957031	240.545455933
471.000854492	233.830764771
471.770751953	243.397918701
472.540618896	239.316650391
473.310516357	250.153320313
474.080413818	248.312484741
474.850311279	246.619949341
475.620178223	253.872680664
476.390075684	253.975234985
477.159973145	246.534912109
477.929840088	241.509246826
478.699737549	243.455871582
479.46963501	253.733627319
480.239532471	238.082107544
481.009399414	226.30960083
481.779296875	244.340820313
482.549194336	247.829452515
483.319061279	232.856323242
484.08895874	242.634658813
484.858856201	245.723312378
485.628753662	237.555374146
486.398620605	236.417663574
487.168518066	232.620986938
487.938415527	238.234985352
488.708282471	242.995544434
489.478179932	236.635162354
490.248077393	245.426773071
491.017974854	239.013870239
491.787841797	239.342666626
492.557739258	242.627792358
493.327636719	239.618927002
494.09753418	237.276199341
494.867401123	237.318695068
495.637298584	229.39263916
496.407196045	230.479736328
497.177062988	240.12322998
497.946960449	223.980682373
498.71685791	228.97996521
499.486755371	223.697814941
500.256622314	230.001449585
501.026519775	237.354263306
501.796417236	237.653945923
502.56628418	233.378616333
503.336181641	227.173858643
504.106079102	222.417221069
504.875976563	228.525054932
505.645843506	225.695678711
506.415740967	229.573776245
507.185638428	233.660476685
507.955505371	222.557998657
508.725402832	224.769851685
509.495300293	221.3800354
510.265197754	227.260360718
511.035064697	234.372589111
511.804962158	230.824615479
512.574829102	228.132705688
513.344726563	224.719787598
514.114624023	228.664352417
514.884521484	230.71446228
515.654418945	223.569122314
516.424316406	228.211669922
517.194152832	237.264083862
517.964050293	230.25881958
518.733947754	230.245834351
519.503845215	231.205734253
520.273742676	225.353271484
521.043640137	225.071502686
521.813537598	228.319198608
522.583435059	220.3878479
523.353271484	219.539413452
524.123168945	220.907516479
524.893066406	217.37677002
525.662963867	229.40473938
526.432861328	221.013092041
527.202758789	226.083633423
527.97265625	234.008285522
528.742492676	233.44241333
529.512390137	226.944885254
530.282287598	220.69128418
531.052185059	231.1302948
531.82208252	228.160598755
532.59197998	229.990661621
533.361877441	232.731796265
534.131713867	239.17906189
534.901611328	223.138015747
535.671508789	236.136444092
536.44140625	236.707077026
537.211303711	228.65071106
537.981201172	230.857437134
538.751098633	233.916732788
539.520935059	231.952911377
540.29083252	234.079162598
541.06072998	219.393051147
541.830627441	228.553497314
542.600524902	214.18145752
543.370422363	225.300125122
544.140319824	231.71270752
544.91015625	233.48399353
545.680053711	231.783798218
546.449951172	232.641265869
547.219848633	231.291992188
547.989746094	223.209243774
548.759643555	220.018814087
549.529541016	223.991912842
550.299377441	223.641998291
551.069274902	239.918655396
551.839172363	240.024856567
552.609069824	229.980255127
553.378967285	232.528533936
554.148864746	239.306137085
554.918762207	229.149169922
555.688598633	225.130691528
556.458496094	229.473266602
557.228393555	226.598968506
557.998291016	228.065170288
558.768188477	235.528030396
559.538085938	229.767456055
560.307983398	235.486419678
561.077819824	217.815032959
561.847717285	229.669891357
562.617614746	230.735427856
563.387512207	234.990020752
564.157409668	229.648269653
564.927307129	230.431777954
565.69720459	235.455749512
566.467041016	233.330780029
567.236938477	231.439071655
568.006835938	233.29901123
568.776733398	234.708618164
569.546630859	243.828475952
570.31652832	239.453140259
571.086425781	235.525344849
571.856262207	231.810562134
572.626159668	231.5390625
573.396057129	232.548309326
574.16595459	232.860183716
574.935852051	231.06690979
575.705749512	230.053192139
576.475646973	231.008590698
577.245483398	229.220245361
578.015380859	224.587356567
578.78527832	222.104766846
579.555175781	231.033874512
580.325073242	234.261581421
581.094970703	235.991073608
581.864868164	248.633255005
582.63470459	246.679351807
583.404602051	238.062088013
584.174499512	235.332687378
584.944396973	237.641906738
585.714294434	244.856277466
586.484191895	249.340866089
587.254089355	235.609558105
588.023925781	224.108154297
588.793823242	231.245910645
589.563720703	228.255722046
590.333618164	232.409866333
591.103515625	241.227081299
591.873413086	231.156143188
592.643310547	228.621109009
593.413146973	233.96282959
594.183044434	233.736694336
594.952941895	233.92199707
595.722839355	235.293777466
596.492736816	234.934265137
597.262634277	239.302200317
598.032531738	235.534820557
598.802368164	239.611602783
599.572265625	240.793579102
600.342163086	243.804351807
601.112060547	233.629669189
601.881958008	236.731292725
602.651855469	237.82131958
603.42175293	237.75
604.191589355	236.056686401
604.961486816	234.137161255
605.731384277	229.441574097
606.501281738	228.279937744
607.271179199	235.121459961
608.04107666	229.37008667
608.810974121	228.229446411
609.580810547	238.988494873
610.350708008	238.756637573
611.120605469	242.12059021
611.89050293	235.890792847
612.660400391	246.156082153
613.430297852	236.247009277
614.200195313	237.489562988
614.970031738	243.834091187
615.739929199	240.625366211
616.50982666	237.442825317
617.279724121	239.789138794
618.049621582	237.522506714
618.819519043	235.420837402
619.589416504	234.814682007
620.35925293	222.223587036
621.129150391	239.633529663
621.899047852	230.351928711
622.668945313	234.272186279
623.438842773	241.788955688
624.208740234	243.499633789
624.978637695	242.952362061
625.748474121	247.075454712
626.518371582	244.65234375
627.288269043	242.547332764
628.058166504	251.188186646
628.828063965	249.173812866
629.597961426	242.057952881
630.367858887	229.475784302
631.137695313	244.770584106
631.907592773	237.566131592
632.677490234	243.02835083
633.447387695	243.340606689
634.217285156	242.126983643
634.987182617	247.009353638
635.757080078	241.130630493
636.526916504	241.946456909
637.296813965	244.553085327
638.066711426	241.400177002
638.836608887	242.403701782
639.606506348	241.230834961
640.376403809	234.193374634
641.14630127	246.036499023
641.916137695	242.967041016
642.686035156	246.690200806
643.455932617	250.422302246
644.225830078	253.934448242
644.995727539	242.992477417
645.765625	242.061630249
646.535522461	246.541854858
647.305358887	251.236282349
648.075256348	245.748062134
648.845153809	242.580871582
649.61505127	250.73109436
650.38494873	253.462875366
651.154846191	248.84564209
651.924743652	249.131912231
652.694641113	242.578155518
653.464477539	253.89175415
654.234375	251.089035034
655.004272461	244.908676147
655.774169922	259.726135254
656.544067383	253.520812988
657.313964844	260.768188477
658.083862305	261.978607178
658.85369873	252.414031982
659.623596191	247.004653931
660.393493652	249.911376953
661.163391113	256.813171387
661.933288574	258.414520264
662.703186035	249.914764404
663.473083496	258.243011475
664.242919922	260.291931152
665.012817383	249.315872192
665.782714844	266.153442383
666.552612305	258.045623779
667.322509766	260.222625732
668.092407227	255.647521973
668.862304688	251.727584839
669.632141113	251.406478882
670.402038574	247.307342529
671.171936035	249.388671875
671.941833496	251.690368652
672.711730957	252.283706665
673.481628418	256.414428711
674.251525879	254.006134033
675.021362305	252.206848145
675.791259766	253.286605835
676.561157227	255.518539429
677.331054688	261.336273193
678.100952148	251.969726563
678.870849609	248.163101196
679.64074707	254.983123779
680.410583496	253.246887207
681.180480957	252.953018188
681.950378418	249.88961792
682.720275879	245.402603149
683.49017334	246.586578369
684.260070801	251.645843506
685.029968262	248.607345581
685.799804688	247.116699219
686.569702148	260.38394165
687.339599609	254.943725586
688.10949707	252.185211182
688.879394531	244.043807983
689.649291992	258.679992676
690.419189453	267.121337891
691.189025879	258.742767334
691.95892334	258.795623779
692.728820801	259.193664551
693.498718262	259.786010742
694.268615723	258.529083252
695.038513184	257.453918457
695.808410645	257.914978027
696.57824707	260.032958984
697.348144531	262.572662354
698.118041992	261.465087891
698.887939453	257.177246094
699.657836914	254.213088989
700.427734375	246.644546509
701.197631836	254.331329346
701.967468262	252.758209229
702.737365723	248.53163147
703.507263184	259.247833252
704.277160645	259.561889648
705.047058105	252.971740723
705.816955566	253.204193115
706.586853027	257.945922852
707.356689453	272.065216064
708.126586914	266.218841553
708.896484375	261.838897705
709.666381836	260.898406982
710.436279297	255.461685181
711.206176758	258.846466064
711.976074219	265.062957764
712.745910645	269.732635498
713.515808105	269.273010254
714.285705566	262.585144043
715.055603027	255.552352905
715.825500488	252.57409668
716.595397949	271.387390137
717.36529541	267.620117188
718.135131836	268.453125
718.905029297	255.405654907
719.674926758	260.281921387
720.444824219	269.527313232
721.21472168	262.237030029
721.984619141	254.402862549
722.754516602	259.419036865
723.524353027	264.298461914
724.294250488	267.889434814
725.064147949	275.195251465
725.83404541	276.087188721
726.603942871	280.144927979
727.373840332	267.483337402
728.143737793	282.690612793
728.913574219	252.385848999
729.68347168	280.008514404
730.453369141	261.761108398
731.223266602	266.444458008
731.993164063	274.281463623
732.763061523	266.675476074
733.532958984	272.066467285
734.30279541	285.699310303
735.072692871	284.146728516
735.842590332	281.966674805
736.612487793	280.247009277
737.382385254	275.968170166
738.152282715	279.420654297
738.922180176	282.257904053
739.692016602	274.857269287
740.461914063	276.623901367
741.231811523	279.858001709
742.001708984	281.088623047
742.771606445	278.268127441
743.541503906	278.474365234
744.311401367	277.292022705
745.081237793	283.651611328
745.851135254	276.699920654
746.621032715	281.772369385
747.390930176	285.711456299
748.160827637	283.507019043
748.930725098	285.67376709
749.700622559	278.636993408
750.470458984	279.758850098
751.240356445	280.401519775
752.010253906	280.369445801
752.780151367	284.384796143
753.550048828	281.179168701
754.319946289	281.561157227
755.08984375	280.861938477
755.859680176	280.630889893
756.629577637	277.515930176
757.399475098	293.124359131
758.169372559	277.027160645
758.93927002	296.733673096
759.70916748	289.738555908
760.479064941	279.937713623
761.248901367	287.327392578
762.018798828	295.098236084
762.788696289	284.220947266
763.55859375	302.943084717
764.328491211	292.463470459
765.098388672	286.084594727
765.868286133	292.287719727
766.638122559	299.137939453
767.40802002	294.143707275
768.17791748	286.223571777
768.947814941	291.351989746
769.717712402	288.823852539
770.487609863	296.654510498
771.257507324	300.965454102
772.02734375	297.565979004
772.797241211	295.710968018
773.567138672	289.073120117
774.337036133	299.468597412
775.106933594	290.667755127
775.876831055	301.606689453
776.646728516	280.811523438
777.416564941	304.45324707
778.186462402	299.073516846
778.956359863	293.34588623
779.726257324	302.742004395
780.496154785	300.725341797
781.266052246	297.797058105
782.035949707	304.181640625
782.805847168	306.100311279
783.575683594	303.545837402
784.345581055	298.588165283
785.115478516	293.531494141
785.885375977	301.347290039
786.655273438	304.710754395
787.425170898	305.39642334
788.195068359	288.688293457
788.964904785	304.22833252
789.734802246	305.444549561
790.504699707	298.19821167
791.274597168	305.823059082
792.044494629	305.766662598
792.81439209	300.638000488
793.584289551	306.335540771
794.354125977	312.890258789
795.124023438	326.690124512
795.893920898	311.404907227
796.663818359	311.15838623
797.43371582	307.535400391
798.203613281	303.432647705
798.973510742	303.217895508
799.743347168	300.42980957
800.513244629	307.899291992
801.28314209	312.923858643
802.053039551	300.746826172
802.822937012	299.916412354
803.592834473	304.90057373
804.362731934	313.19732666
805.132568359	323.629364014
805.90246582	322.676086426
806.672363281	325.382995605
807.442260742	313.169921875
808.212158203	316.121887207
808.982055664	324.498046875
809.751953125	313.578186035
810.521789551	312.75
811.291687012	312.75
812.061584473	313.553924561
812.831481934	320.415039063
813.601379395	316.18838501
814.371276855	309.330474854
815.141174316	311.555969238
815.911010742	315.489959717
816.680908203	318.305389404
817.450805664	319.75
818.220703125	322.825836182
818.990600586	325.060150146
819.760498047	321.929718018
820.530395508	318.973236084
821.300231934	319.319915771
822.070129395	321.16595459
822.840026855	316.521911621
823.609924316	311.753753662
824.379821777	317.091461182
825.149719238	322.831054688
825.919616699	319.979370117
826.689453125	326.445220947
827.459350586	332.201293945
828.229248047	311.984649658
828.999145508	335.03137207
829.769042969	321.933502197
830.53894043	325.399353027
831.308837891	323.31161499
832.078674316	329.139221191
832.848571777	324.400421143
833.618469238	323.800109863
834.388366699	323.300537109
835.15826416	314.32131958
835.928161621	318.378997803
836.698059082	319.525238037
837.467895508	320.530944824
838.237792969	327.908447266
839.00769043	332.754302979
839.777587891	337.049682617
840.547485352	334.556152344
841.317382813	327.771362305
842.087280273	316.702209473
842.857116699	321.85043335
843.62701416	335.18359375
844.396911621	328.469207764
845.166809082	332.280853271
845.936706543	331.999298096
846.706604004	325.911529541
847.476501465	310.64666748
848.246337891	336.671234131
849.016235352	337.485656738
849.786132813	318.914428711
850.556030273	325.27230835
851.325927734	332.136291504
852.095825195	335.048583984
852.865722656	332.820251465
853.635559082	319.760498047
854.405456543	327.59173584
855.175354004	331.185089111
855.945251465	329.936889648
856.715148926	328.270080566
857.485046387	328.920532227
858.254943848	329.336791992
859.024780273	321.056182861
859.794677734	321.090789795
860.564575195	324.503509521
861.334472656	317.800170898
862.104370117	320.25
862.874267578	314.104980469
863.644165039	307.731201172
864.414001465	325.258148193
865.183898926	324.250701904
865.953796387	312.003723145
866.723693848	308.016448975
867.493591309	304.33190918
868.26348877	308.795776367
869.03338623	327.885223389
869.803222656	296.525115967
870.573120117	317.836608887
871.343017578	299.300170898
872.112915039	312.879302979
872.8828125	316.01751709
873.652709961	311.500518799
874.422607422	302.010650635
875.192443848	301.452270508
875.962341309	303.676971436
876.73223877	312.002319336
877.50213623	302.021514893
878.272033691	280.678375244
879.041931152	282.694244385
879.811828613	296.93145752
880.581665039	299.432403564
881.3515625	298.6328125
882.121459961	294.649871826
882.891357422	294.068237305
883.661254883	295.354858398
884.431152344	287.123840332
885.201049805	286.704925537
885.97088623	294.938873291
886.740783691	298.650939941
887.510681152	301.514221191
888.280578613	283.715026855
889.050476074	272.647186279
889.820373535	280.031585693
890.590270996	296.149780273
891.360107422	295.535736084
892.130004883	293.04019165
892.899902344	285.101348877
893.669799805	289.631317139
894.439697266	268.126586914
895.209594727	291.160552979
895.979492188	288.243011475
896.749328613	282.899719238
897.519226074	287.00012207
898.289123535	273.244262695
899.059020996	270.887054443
899.828918457	279.58795166
900.598815918	273.682678223
901.368713379	270.632568359
902.138549805	271.032745361
902.908447266	273.894134521
903.678344727	274.931945801
904.448242188	276.579193115
905.218139648	277.418762207
905.988037109	276.039276123
906.75793457	265.4425354
907.527832031	269.348297119
908.297668457	269.707519531
909.067565918	265
909.837463379	265.520172119
910.60736084	263.157012939
911.377258301	265.874694824
912.147155762	268.58416748
912.917053223	265.361755371
913.686889648	266.856658936
914.456787109	263.758117676
915.22668457	262.002044678
915.996582031	265.388397217
916.766479492	262.131500244
917.536376953	261.046783447
918.306274414	263.652435303
919.07611084	270.34286499
919.846008301	262.595581055
920.615905762	272.174163818
921.385803223	271.642791748
922.155700684	263.936279297
922.925598145	262.613739014
923.695495605	254.797119141
924.465332031	252.659759521
925.235229492	255.82069397
926.005126953	271.454193115
926.775024414	267.789459229
927.544921875	259.773986816
928.314819336	276.258056641
929.084716797	258.12713623
929.854553223	255.825668335
930.624450684	266.516876221
931.394348145	259.21585083
932.164245605	267.975921631
932.934143066	264.920776367
933.704040527	272.84197998
934.473937988	270.061553955
935.243774414	273.553436279
936.013671875	270.339416504
936.783569336	260.383483887
937.553466797	263.516082764
938.323364258	259.017089844
939.093261719	246.559921265
939.86315918	249.236480713
940.632995605	263.708007813
941.402893066	265.445800781
942.172790527	254.826721191
942.942687988	254.405639648
943.712585449	254.042388916
944.48248291	255.161148071
945.252380371	261.22567749
946.022216797	261.883911133
946.792114258	267.31149292
947.562011719	272.227539063
948.33190918	265.233306885
949.101806641	261.039215088
949.871704102	266.098419189
950.641601563	266.00894165
951.411437988	261.99130249
952.181335449	265.531005859
952.95123291	265.902069092
953.721130371	268.347412109
954.491027832	265.220703125
955.260925293	263.601837158
956.030822754	264.438110352
956.80065918	262.659881592
957.570556641	268.15222168
958.340454102	262.832275391
959.110351563	270.957855225
959.880249023	249.025421143
960.650146484	258.900817871
961.420043945	250.627868652
962.189880371	264.467681885
962.959777832	261.215423584
963.729675293	266.34777832
964.499572754	266.770843506
965.269470215	249.223800659
966.039367676	256.947296143
966.809265137	258.477416992
967.579101563	273.621887207
968.348999023	282.059417725
969.118896484	270.975006104
969.888793945	256.605224609
970.658691406	271.633514404
971.428588867	263.008453369
972.198486328	262.655578613
972.968322754	274.701141357
973.738220215	268.897277832
974.508117676	273.788635254
975.278015137	262.99319458
976.047912598	261.180908203
976.817810059	269.226654053
977.58770752	266.28427124
978.357543945	263.907012939
979.127441406	262.428283691
979.897338867	265.40435791
980.667236328	269.131286621
981.437133789	265.932983398
982.20703125	266.579925537
982.976928711	270.666992188
983.746765137	278.648132324
984.516662598	271.726043701
985.286560059	273.196014404
986.05645752	279.238525391
986.82635498	281.359741211
987.596252441	280.522979736
988.366149902	266.359466553
989.135986328	272.505493164
989.905883789	281.402618408
990.67578125	268.409423828
991.445678711	284.007354736
992.215576172	282.196075439
992.985473633	271.379333496
993.755371094	271.652801514
994.52520752	276.649414063
995.29510498	277.853973389
996.065002441	277.785919189
996.834899902	279.803466797
997.604797363	280.565795898
998.374694824	281.30078125
999.144592285	280.6484375
999.914428711	279.210876465
1000.68432617	284.433685303
1001.45422363	291.847564697
1002.22412109	287.906982422
1002.99401855	285.12487793
1003.76391602	286.587280273
1004.53381348	287.484191895
1005.3036499	288.316650391
1006.07354736	291.200164795
1006.84344482	287.750396729
1007.61334229	286.512756348
1008.38323975	295.634399414
1009.15313721	290.62789917
1009.92303467	290.984344482
1010.69287109	289.934753418
1011.46276855	292.143218994
1012.23266602	297.006164551
1013.00256348	292.765594482
1013.77246094	295.368041992
1014.5423584	296.578521729
1015.31225586	304.668334961
1016.08209229	294.225219727
1016.85198975	300.271179199
1017.62188721	299.667205811
1018.39178467	306.74420166
1019.16168213	305.878448486
1019.93157959	305.816925049
1020.70147705	304.315704346
1021.47131348	302.705322266
1022.24121094	304.980407715
1023.0111084	306.338287354
1023.78100586	302.743927002
1024.55090332	311.573669434
1025.32080078	308.664642334
1026.09069824	313.672088623
1026.8605957	314.833282471
1027.63049316	315.215026855
1028.40039063	321.676147461
1029.17028809	317.241119385
1029.94006348	315.977142334
1030.70996094	318.010131836
1031.4798584	323.130310059
1032.24975586	318.806213379
1033.01965332	312.802764893
1033.78955078	321.832885742
1034.55944824	322.054199219
1035.3293457	312.983215332
1036.09924316	326.566345215
1036.86914063	318.05078125
1037.63903809	326.136871338
1038.40893555	313.19708252
1039.17883301	322.875396729
1039.94873047	330.539276123
1040.71850586	326.330352783
1041.48840332	321.58505249
1042.25830078	314.650970459
1043.02819824	327.109130859
1043.7980957	335.399749756
1044.56799316	322.488800049
1045.33789063	326.477325439
1046.10778809	343.615478516
1046.87768555	328.951782227
1047.64758301	322.844482422
1048.41748047	330.592773438
1049.18737793	336.946472168
1049.95727539	329.695861816
1050.72717285	335.283996582
1051.49694824	344.427825928
1052.2668457	341.104400635
1053.03674316	341.308807373
1053.80664063	342.946990967
1054.57653809	335.318603516
1055.34643555	339.09677124
1056.11633301	335.246704102
1056.88623047	338.692657471
1057.65612793	345.015350342
1058.42602539	339.68157959
1059.19592285	348.838165283
1059.96582031	352.270599365
1060.73571777	340.711212158
1061.50561523	341.570098877
1062.27539063	346.629821777
1063.04528809	340.933349609
1063.81518555	336.790252686
1064.58508301	337.669647217
1065.35498047	338.695220947
1066.12487793	332.027404785
1066.89477539	341.900665283
1067.66467285	332.49786377
1068.43457031	338.166503906
1069.20446777	350.812469482
1069.97436523	350.580352783
1070.7442627	338.873291016
1071.51416016	344.071838379
1072.28405762	346.24206543
1073.05383301	333.895904541
1073.82373047	350.464355469
1074.59362793	333.956939697
1075.36352539	354.27633667
1076.13342285	349.415802002
1076.90332031	350.197631836
1077.67321777	355.361236572
1078.44311523	350.069580078
1079.2130127	349.5
1079.98291016	340.145324707
1080.75280762	342.788482666
1081.52270508	355.120178223
1082.29260254	359.326690674
1083.0625	360.938415527
1083.83227539	359.31451416
1084.60217285	358.561248779
1085.37207031	357.213500977
1086.14196777	354.957061768
1086.91186523	350.58404541
1087.6817627	355.293823242
1088.45166016	358.415435791
1089.22155762	355.602233887
1089.99145508	360.741149902
1090.76135254	365.206634521
1091.53125	364.021942139
1092.30114746	356.407897949
1093.07104492	356.639862061
1093.84094238	366.815551758
1094.61071777	370.305053711
1095.38061523	370.514465332
1096.1505127	372.737945557
1096.92041016	366.543304443
1097.69030762	366.70703125
1098.46020508	372.828369141
1099.23010254	369.276977539
1100	374.048095703
1100.76989746	373.699127197
1101.53979492	361.516998291
1102.30969238	361.583892822
1103.07958984	367.98815918
1103.8494873	372.29498291
1104.61938477	381.623321533
1105.38928223	376.681488037
1106.15905762	370.581787109
1106.92895508	367.73336792
1107.69885254	384.348571777
1108.46875	389.018188477
1109.23864746	376.191162109
1110.00854492	394.393310547
1110.77844238	387.698791504
1111.54833984	370.420501709
1112.3182373	394.956695557
1113.08813477	389.061462402
1113.85803223	389.014068604
1114.62792969	403.454620361
1115.39782715	386.533874512
1116.16772461	370.83026123
1116.9375	380.528381348
1117.70739746	397.837341309
1118.47729492	387.930969238
1119.24719238	382.377197266
1120.01708984	391.677368164
1120.7869873	398.408782959
1121.55688477	410.743286133
1122.32678223	397.15826416
1123.09667969	391.147583008
1123.86657715	402.066314697
1124.63647461	391.081298828
1125.40637207	403.878753662
1126.17626953	427.203308105
1126.94616699	420.990356445
1127.71594238	398.12802124
1128.48583984	416.054931641
1129.2557373	405.95401001
1130.02563477	413.797393799
1130.79553223	424.47064209
1131.56542969	426.422943115
1132.33532715	404.560455322
1133.10522461	409.520202637
1133.87512207	424.320526123
1134.64501953	403.917144775
1135.41491699	414.116394043
1136.18481445	418.837585449
1136.95471191	427.495849609
1137.72460938	441.059112549
1138.49438477	436.210174561
1139.26428223	426.999633789
1140.03417969	428.233520508
1140.80407715	426.420623779
1141.57397461	434.019836426
1142.34387207	438.381896973
1143.11376953	440.664764404
1143.88366699	443.90737915
1144.65356445	451.454925537
1145.42346191	456.341369629
1146.19335938	444.037811279
1146.96325684	436.434295654
1147.7331543	458.721435547
1148.50305176	460.746246338
1149.27282715	456.007598877
1150.04272461	447.27935791
1150.81262207	443.800201416
1151.58251953	447.370544434
1152.35241699	450.545043945
1153.12231445	449.977233887
1153.89221191	451.230499268
1154.66210938	457.035095215
1155.43200684	470.530822754
1156.2019043	459.525665283
1156.97180176	460.576263428
1157.74169922	468.31427002
1158.51159668	463.979187012
1159.28149414	466.023193359
1160.05126953	469.452575684
1160.82116699	465.259063721
1161.59106445	469.439727783
1162.36096191	477.232940674
1163.13085938	481.298614502
1163.90075684	477.371765137
1164.6706543	474.445465088
1165.44055176	482.81842041
1166.21044922	482.962432861
1166.98034668	477.258270264
1167.75024414	470.799224854
1168.5201416	483.297698975
1169.29003906	495.815032959
1170.05993652	489.70993042
1170.82971191	490.136077881
1171.59960938	490.000030518
1172.36950684	490.559387207
1173.1394043	492.137481689
1173.90930176	486.983581543
1174.67919922	486.632659912
1175.44909668	495.311157227
1176.21899414	493.321044922
1176.9888916	494.451263428
1177.75878906	491.896240234
1178.52868652	495.60760498
1179.29858398	493.069091797
1180.06848145	485.941680908
1180.83837891	495.285430908
1181.6081543	489.988922119
1182.37805176	507.444244385
1183.14794922	498.791259766
1183.91784668	500.412139893
1184.68774414	501.109954834
1185.4576416	492.320159912
1186.22753906	489.395111084
1186.99743652	510.288024902
1187.76733398	530.917663574
1188.53723145	510.21572876
1189.30712891	508.64932251
1190.07702637	512.677307129
1190.84692383	508.379486084
1191.61682129	514.842651367
1192.38659668	520.522094727
1193.15649414	526.280883789
1193.9263916	528.299377441
1194.69628906	521.925048828
1195.46618652	524.903747559
1196.23608398	520.036621094
1197.00598145	516.251464844
1197.77587891	518.304748535
1198.54577637	518.257263184
1199.31567383	538.654541016
1200.08557129	545.608215332
1200.85546875	535.077331543
1201.62536621	545.166870117
1202.39526367	539.705444336
1203.16503906	536.376281738
1203.93493652	546.621276855
1204.70483398	546.709411621
1205.47473145	555.32421875
1206.24462891	544.148498535
1207.01452637	544.533813477
1207.78442383	545.175537109
1208.55432129	558.449157715
1209.32421875	551.063659668
1210.09411621	541.174560547
1210.86401367	552.143615723
1211.63391113	563.186279297
1212.40380859	552.049255371
1213.17370605	554.873962402
1213.94348145	559.314697266
1214.71337891	555.060852051
1215.48327637	559.645263672
1216.25317383	577.29119873
1217.02307129	561.693603516
1217.79296875	555.985839844
1218.56286621	566.381286621
1219.33276367	579.099304199
1220.10266113	591.488891602
1220.87255859	583.522949219
1221.64245605	575.628601074
1222.41235352	576.461486816
1223.18225098	575.252197266
1223.95214844	586.989196777
1224.72192383	599.55657959
1225.49182129	614.274902344
1226.26171875	612.931762695
1227.03161621	604.696411133
1227.80151367	607.12878418
1228.57141113	609.756408691
1229.34130859	616.30078125
1230.11120605	612.56072998
1230.88110352	611.583557129
1231.65100098	623.546630859
1232.42089844	620.618469238
1233.1907959	603.085632324
1233.96069336	608.20324707
1234.73059082	634.496337891
1235.50048828	634.630249023
1236.27026367	635.859619141
1237.04016113	646.249267578
1237.81005859	649.051330566
1238.57995605	645.755004883
1239.34985352	654.31036377
1240.11975098	660.44934082
1240.88964844	666.086730957
1241.6595459	663.26953125
1242.42944336	662.955688477
1243.19934082	670.703918457
1243.96923828	677.262268066
1244.73913574	663.53314209
1245.5090332	669.125366211
1246.27893066	682.985046387
1247.04870605	667.060241699
1247.81860352	686.788879395
1248.58850098	694.7109375
1249.35839844	691.899597168
1250.1282959	681.464233398
1250.89819336	696.68560791
1251.66809082	728.132324219
1252.43798828	703.05078125
1253.20788574	716.645874023
1253.9777832	711.598999023
1254.74768066	714.174194336
1255.51757813	718.392456055
1256.28747559	721.370849609
1257.05737305	717.598754883
1257.82714844	725.405334473
1258.5970459	723.189086914
1259.36694336	726.832580566
1260.13684082	745.461120605
1260.90673828	773.124633789
1261.67663574	774.653808594
1262.4465332	781.709655762
1263.21643066	778.310546875
1263.98632813	746.689331055
1264.75622559	778.17364502
1265.52612305	762.567443848
1266.29602051	795.874633789
1267.06591797	811.065246582
1267.83581543	787.691711426
1268.60559082	798.426452637
1269.37548828	800.476074219
1270.14538574	814.993591309
1270.9152832	826.54901123
1271.68518066	792.825073242
1272.45507813	806.018920898
1273.22497559	807.877319336
1273.99487305	834.602966309
1274.76477051	853.327758789
1275.53466797	847.897766113
1276.30456543	868.034973145
1277.07446289	849.320495605
1277.84436035	904.428344727
1278.61425781	882.050537109
1279.3840332	871.183044434
1280.15393066	859.486755371
1280.92382813	901.088439941
1281.69372559	900.731384277
1282.46362305	899.180053711
1283.23352051	917.606506348
1284.00341797	919.31854248
1284.77331543	919.326843262
1285.54321289	928.570129395
1286.31311035	960.344665527
1287.08300781	957.026245117
1287.85290527	963.26574707
1288.62280273	961.464599609
1289.3927002	976.071960449
1290.16247559	985.293518066
1290.93237305	976.495178223
1291.70227051	985.924133301
1292.47216797	994.80682373
1293.24206543	996.514282227
1294.01196289	1012.27020264
1294.78186035	1028.35668945
1295.55175781	1024.65393066
1296.32165527	1028.73132324
1297.09155273	1043
1297.8614502	1042.17236328
1298.63134766	1037.22570801
1299.40124512	1067.6439209
1300.17114258	1095.18884277
1300.94091797	1092.44677734
1301.71081543	1092.4621582
1302.48071289	1108.11804199
1303.25061035	1122.55224609
1304.02050781	1125.47570801
1304.79040527	1151.0690918
1305.56030273	1145.60046387
1306.3302002	1170.82763672
1307.10009766	1167.96691895
1307.86999512	1181.72705078
1308.63989258	1203.15734863
1309.40979004	1195.72424316
1310.1796875	1210.35876465
1310.94958496	1201.671875
1311.71936035	1196.86901855
1312.48925781	1259.65771484
1313.25915527	1261.98962402
1314.02905273	1256.24633789
1314.7989502	1280.88110352
1315.56884766	1282.99511719
1316.33874512	1318.53369141
1317.10864258	1306.62182617
1317.87854004	1304.53222656
1318.6484375	1319.32702637
1319.41833496	1311.54882813
1320.18823242	1357.81494141
1320.95812988	1362.70739746
1321.72802734	1370.70361328
1322.49780273	1387.24157715
1323.2677002	1412.12512207
1324.03759766	1431.9666748
1324.80749512	1426.83483887
1325.57739258	1422.50085449
1326.34729004	1413.11486816
1327.1171875	1430.68261719
1327.88708496	1439.1619873
1328.65698242	1439
1329.42687988	1442.97668457
1330.19677734	1470.7076416
1330.9666748	1482.77539063
1331.73657227	1465.79162598
1332.50646973	1471.86999512
1333.27624512	1481.95788574
1334.04614258	1505.60913086
1334.81604004	1521.53625488
1335.5859375	1523.51208496
1336.35583496	1537.77062988
1337.12573242	1521.55737305
1337.89562988	1496.93408203
1338.66552734	1540.75109863
1339.4354248	1531.78820801
1340.20532227	1509.68640137
1340.97521973	1536.14733887
1341.74511719	1524.4765625
1342.51501465	1547.21228027
1343.28491211	1524.22436523
1344.0546875	1510.05883789
1344.82458496	1521.74487305
1345.59448242	1525.55297852
1346.36437988	1522.90527344
1347.13427734	1480.30957031
1347.9041748	1533.23876953
1348.67407227	1513.3996582
1349.44396973	1459.42163086
1350.21386719	1480.5657959
1350.98376465	1487.55993652
1351.75366211	1433.609375
1352.52355957	1469.86572266
1353.29345703	1473.71923828
1354.06335449	1466.30383301
1354.83312988	1447.43884277
1355.60302734	1439.5682373
1356.3729248	1428.32348633
1357.14282227	1423.09655762
1357.91271973	1402.99499512
1358.68261719	1409.48852539
1359.45251465	1385
1360.22241211	1375.2755127
1360.99230957	1370.58190918
1361.76220703	1369.79638672
1362.53210449	1358.28442383
1363.30200195	1340.17797852
1364.07189941	1333.58081055
1364.84179688	1327.82019043
1365.61169434	1315.19714355
1366.38146973	1318.21447754
1367.15136719	1315.04833984
1367.92126465	1286.36816406
1368.69116211	1276.33227539
1369.46105957	1266.69616699
1370.23095703	1263.66088867
1371.00085449	1264.58935547
1371.77075195	1245.35473633
1372.54064941	1226.69763184
1373.31054688	1228.39599609
1374.08044434	1210.82055664
1374.8503418	1221.9362793
1375.62023926	1209.03320313
1376.39013672	1187.02246094
1377.15991211	1193.83837891
1377.92980957	1173.4798584
1378.69970703	1189.0814209
1379.46960449	1167.45678711
1380.23950195	1159.2734375
1381.00939941	1150.1072998
1381.77929688	1134.14147949
1382.54919434	1098.92504883
1383.3190918	1090.80163574
1384.08898926	1101.34936523
1384.85888672	1106.74255371
1385.62878418	1087.13964844
1386.39868164	1078.35400391
1387.1685791	1090.03344727
1387.93835449	1076.20007324
1388.70825195	1061.52368164
1389.47814941	1052.98254395
1390.24804688	1024.52355957
1391.01794434	1019.53375244
1391.7878418	1003.1762085
1392.55773926	998.642822266
1393.32763672	1006.68908691
1394.09753418	1006.51654053
1394.86743164	1011.43798828
1395.6373291	1014.81378174
1396.40722656	999.176086426
1397.17712402	975.261474609
1397.94702148	950.431396484
1398.71679688	943.607055664
1399.48669434	944.031066895
1400.2565918	960.058349609
1401.02648926	961.930419922
1401.79638672	950.716552734
1402.56628418	947.836486816
1403.33618164	932.44732666
1404.1060791	918.319519043
1404.87597656	930.550598145
1405.64587402	907.468200684
1406.41577148	902.037231445
1407.18566895	908.621337891
1407.95556641	897.526245117
1408.72546387	896.732055664
1409.49523926	888.973693848
1410.26513672	891.869384766
1411.03503418	890.064147949
1411.80493164	870.742553711
1412.5748291	877.10369873
1413.34472656	889.605895996
1414.11462402	869.852905273
1414.88452148	864.188415527
1415.65441895	882.027160645
1416.42431641	865.159545898
1417.19421387	862.514465332
1417.96411133	857.157958984
1418.73400879	839.87298584
1419.50390625	843.602722168
1420.27368164	834.726379395
1421.0435791	838.69152832
1421.81347656	848.310424805
1422.58337402	835.456665039
1423.35327148	816.39276123
1424.12316895	820.622497559
1424.89306641	824.082763672
1425.66296387	823.386779785
1426.43286133	823.319946289
1427.20275879	815.382019043
1427.97265625	800.867919922
1428.74255371	796.57220459
1429.51245117	818.295959473
1430.28234863	816.811584473
1431.05212402	797.628234863
1431.82202148	807.52911377
1432.59191895	800.417236328
1433.36181641	781.280883789
1434.13171387	804.553588867
1434.90161133	792.672363281
1435.67150879	782.889526367
1436.44140625	765.156433105
1437.21130371	779.305236816
1437.98120117	779.290893555
1438.75109863	798.328430176
1439.52099609	789.963378906
1440.29089355	778.296813965
1441.06079102	796.114013672
1441.83056641	779.46862793
1442.60046387	760.971191406
1443.37036133	772.098510742
1444.14025879	795.876708984
1444.91015625	777.081115723
1445.68005371	770.214538574
1446.44995117	772.956481934
1447.21984863	784.871459961
1447.98974609	780.304199219
1448.75964355	763.151367188
1449.52954102	765.924987793
1450.29943848	770.862792969
1451.06933594	775.008850098
1451.8392334	795.794006348
1452.60900879	756.518127441
1453.37890625	769.576171875
1454.14880371	774.358276367
1454.91870117	770.485595703
1455.68859863	756.468811035
1456.45849609	755.356445313
1457.22839355	742.812255859
1457.99829102	751.956604004
1458.76818848	754.885620117
1459.53808594	749.833496094
1460.3079834	759.359924316
1461.07788086	754.00604248
1461.84777832	742.397094727
1462.61767578	752.696594238
1463.38745117	763.128112793
1464.15734863	759.717102051
1464.92724609	766.891113281
1465.69714355	751.227050781
1466.46704102	759.068786621
1467.23693848	762.049255371
1468.00683594	763.477294922
1468.7767334	767.641601563
1469.54663086	737.674621582
1470.31652832	761.072509766
1471.08642578	768.036560059
1471.85632324	762.872375488
1472.6262207	755.591552734
1473.39611816	755.83984375
1474.16589355	748.932495117
1474.93579102	750.197143555
1475.70568848	753.295043945
1476.47558594	760.958068848
1477.2454834	752.968078613
1478.01538086	752.603027344
1478.78527832	745.673156738
1479.55517578	744.409667969
1480.32507324	752.407409668
1481.0949707	767.952331543
1481.86486816	745.123352051
1482.63476563	758.605834961
1483.40466309	742.388366699
1484.17456055	764.325866699
1484.94433594	738.857543945
1485.7142334	755.821960449
1486.48413086	734.315185547
1487.25402832	755.933227539
1488.02392578	751.418823242
1488.79382324	782.812194824
1489.5637207	757.959472656
1490.33361816	736.770141602
1491.10351563	749.834594727
1491.87341309	754.759033203
1492.64331055	756.282348633
1493.41320801	743.950500488
1494.18310547	750.692687988
1494.95300293	761.739624023
1495.72290039	759.974914551
1496.49267578	751.756286621
1497.26257324	747.087524414
1498.0324707	773.612182617
1498.80236816	756.589172363
1499.57226563	769.461975098
1500.34216309	767.746765137
1501.11206055	762.473205566
1501.88195801	762.187988281
1502.65185547	752.323181152
1503.42175293	743.876953125
1504.19165039	765.30657959
1504.96154785	772.946166992
1505.73144531	783.95300293
1506.50134277	790.706237793
1507.27111816	773.434631348
1508.04101563	780.127990723
1508.81091309	773.593566895
1509.58081055	768.625915527
1510.35070801	776.163757324
1511.12060547	761.490722656
1511.89050293	757.73815918
1512.66040039	777.42565918
1513.43029785	769.287719727
1514.20019531	767.354248047
1514.97009277	771.53717041
1515.73999023	779.799194336
1516.5098877	778.38861084
1517.27978516	786.289428711
1518.04956055	784.41418457
1518.81945801	776.162536621
1519.58935547	768.318725586
1520.35925293	777.828186035
1521.12915039	793.932006836
1521.89904785	790.135314941
1522.66894531	790.562561035
1523.43884277	798.713439941
1524.20874023	803.983276367
1524.9786377	810.690734863
1525.74853516	806.677978516
1526.51843262	820.163085938
1527.28833008	817.65045166
1528.05822754	799.714355469
1528.82800293	807.170715332
1529.59790039	823.816772461
1530.36779785	832.972106934
1531.13769531	843.622009277
1531.90759277	847.180297852
1532.67749023	848.451843262
1533.4473877	830.534851074
1534.21728516	844.967102051
1534.98718262	865.679382324
1535.75708008	852.423950195
1536.52697754	864.283935547
1537.296875	840.720031738
1538.06677246	856.821228027
1538.83666992	887.30480957
1539.60644531	879.357910156
1540.37634277	885.840209961
1541.14624023	897.919616699
1541.9161377	911.88873291
1542.68603516	902.492004395
1543.45593262	904.926696777
1544.22583008	922.677612305
1544.99572754	925.367614746
1545.765625	934.271179199
1546.53552246	929.68170166
1547.30541992	932.849060059
1548.07531738	970.254333496
1548.84521484	969.259155273
1549.6151123	956.644958496
1550.3848877	977.419677734
1551.15478516	988.3359375
1551.92468262	1014.1307373
1552.69458008	1023.26922607
1553.46447754	1035.93530273
1554.234375	1038.3560791
1555.00427246	1041.84667969
1555.77416992	1049.9597168
1556.54406738	1065.59448242
1557.31396484	1079.55847168
1558.0838623	1096.49804688
1558.85375977	1092.94677734
1559.62365723	1101.93493652
1560.39355469	1106.58520508
1561.16333008	1112.15991211
1561.93322754	1112.42297363
1562.703125	1150.23217773
1563.47302246	1148.88037109
1564.24291992	1149.17224121
1565.01281738	1157.59814453
1565.78271484	1174.74060059
1566.5526123	1188.92822266
1567.32250977	1203.2331543
1568.09240723	1210.19104004
1568.86230469	1219.12756348
1569.63220215	1244.56140137
1570.40209961	1250.61889648
1571.17199707	1257.33911133
1571.94177246	1259.45788574
1572.71166992	1297.68457031
1573.48156738	1276.53625488
1574.25146484	1288.08276367
1575.0213623	1313.16113281
1575.79125977	1310.79968262
1576.56115723	1311.73986816
1577.33105469	1318.9831543
1578.10095215	1347.0222168
1578.87084961	1351.12268066
1579.64074707	1347.86633301
1580.41064453	1354.24536133
1581.18054199	1375.47802734
1581.95043945	1368.76367188
1582.72021484	1372.79211426
1583.4901123	1381.85778809
1584.26000977	1372.02966309
1585.02990723	1369.9140625
1585.79980469	1380.11938477
1586.56970215	1396.64331055
1587.33959961	1396.6907959
1588.10949707	1409.1973877
1588.87939453	1410.43798828
1589.64929199	1407.63830566
1590.41918945	1419.7623291
1591.18908691	1394.40698242
1591.95898438	1406.6541748
1592.72888184	1407.30090332
1593.49865723	1383.59790039
1594.26855469	1410.69873047
1595.03845215	1383.31762695
1595.80834961	1398.35791016
1596.57824707	1385.5447998
1597.34814453	1382.77954102
1598.11804199	1382.96484375
1598.88793945	1366.76220703
1599.65783691	1353.63293457
1600.42773438	1367.48925781
1601.19763184	1345.95825195
1601.9675293	1334.28149414
1602.73742676	1323.01342773
1603.50732422	1319.12109375
1604.27709961	1287.43029785
1605.04699707	1317.31542969
1605.81689453	1292.96765137
1606.58679199	1268.02380371
1607.35668945	1280.89477539
1608.12658691	1249.65026855
1608.89648438	1218.20300293
1609.66638184	1224.13708496
1610.4362793	1205.68310547
1611.20617676	1196.40673828
1611.97607422	1171.77844238
1612.74597168	1161.6829834
1613.51586914	1140.26940918
1614.2857666	1127.80163574
1615.05566406	1108.3515625
1615.82543945	1086.8704834
1616.59533691	1072.09301758
1617.36523438	1045.86901855
1618.13513184	1022.04650879
1618.9050293	1019.38439941
1619.67492676	1014.01019287
1620.44482422	982.440734863
1621.21472168	949.194335938
1621.98461914	932.977905273
1622.7545166	915.554016113
1623.52441406	888.503479004
1624.29431152	880.866210938
1625.06420898	843.717041016
1625.83410645	840.565124512
1626.60388184	836.833251953
1627.3737793	827.002197266
1628.14367676	808.723937988
1628.91357422	781.186767578
1629.68347168	756.780395508
1630.45336914	752.401062012
1631.2232666	729.926086426
1631.99316406	714.59954834
1632.76306152	707.32043457
1633.53295898	682.631286621
1634.30285645	686.72467041
1635.07275391	664.102294922
1635.84265137	648.376525879
1636.61254883	641.440246582
1637.38232422	627.981994629
1638.15222168	611.942932129
1638.92211914	604.157897949
1639.6920166	600.572570801
1640.46191406	592.906188965
1641.23181152	580.698547363
1642.00170898	576.000427246
1642.77160645	571.879272461
1643.54150391	548.441955566
1644.31140137	530.103515625
1645.08129883	529.579772949
1645.85119629	523.406433105
1646.62109375	523.092834473
1647.39099121	504.744415283
1648.1607666	509.299438477
1648.93066406	492.0859375
1649.70056152	486.536315918
1650.47045898	471.747161865
1651.24035645	459.988769531
1652.01025391	464.752288818
1652.78015137	455.05078125
1653.55004883	443.550842285
1654.31994629	439.66696167
1655.08984375	429.470184326
1655.85974121	428.931152344
1656.62963867	423.969329834
1657.39953613	412.831207275
1658.16943359	416.000335693
1658.93920898	404.962280273
1659.70910645	393.479217529
1660.47900391	385.579864502
1661.24890137	383.533752441
1662.01879883	379.286590576
1662.78869629	382.74520874
1663.55859375	379.108673096
1664.32849121	370.015716553
1665.09838867	365.355407715
1665.86828613	347.885681152
1666.63818359	354.782623291
1667.40808105	344.569763184
1668.17797852	341.344696045
1668.94787598	329.002929688
1669.71765137	328.170257568
1670.48754883	324.211151123
1671.25744629	323.359527588
1672.02734375	314.413360596
1672.79724121	316.05682373
1673.56713867	311.519805908
1674.33703613	300.600799561
1675.10693359	299.424560547
1675.87683105	301.388000488
1676.64672852	295.560577393
1677.41662598	272.11831665
1678.18652344	294.313873291
1678.9564209	296.506896973
1679.72631836	278.361938477
1680.49609375	272.792022705
1681.26599121	282.789855957
1682.03588867	276.277404785
1682.80578613	277.055236816
1683.57568359	263.474243164
1684.34558105	263.171905518
1685.11547852	268.391235352
1685.88537598	266.99710083
1686.65527344	267.995544434
1687.4251709	259.397888184
1688.19506836	256.290435791
1688.96496582	248.542526245
1689.73486328	252.584762573
1690.50476074	253.393508911
1691.27453613	248.527160645
1692.04443359	238.631744385
1692.81433105	241.299209595
1693.58422852	242.388885498
1694.35412598	238.369140625
1695.12402344	233.905197144
1695.8939209	230.105957031
1696.66381836	238.284118652
1697.43371582	239.138397217
1698.20361328	235.014770508
1698.97351074	233.853683472
1699.7434082	222.253662109
1700.51330566	230.151046753
1701.28320313	229.607543945
1702.05297852	232.919067383
1702.82287598	225.687713623
1703.59277344	219.601242065
1704.3626709	219.528640747
1705.13256836	221.501419067
1705.90246582	212.873138428
1706.67236328	218.548034668
1707.44226074	218.669662476
1708.2121582	220.805099487
1708.98205566	219.395065308
1709.75195313	209.444671631
1710.52185059	214.927246094
1711.29174805	210.57484436
1712.06164551	210.218414307
1712.8314209	209.580108643
1713.60131836	210.174209595
1714.37121582	204.593414307
1715.14111328	211.284759521
1715.91101074	215.03527832
1716.6809082	212.37437439
1717.45080566	201.722335815
1718.22070313	212.162857056
1718.99060059	208.58972168
1719.76049805	207.167755127
1720.53039551	205.009658813
1721.30029297	195.753768921
1722.07019043	195.59336853
1722.84008789	194.495742798
1723.60986328	194.342895508
1724.37976074	191.649475098
1725.1496582	189.965591431
1725.91955566	198.19190979
1726.68945313	195.544540405
1727.45935059	201.872634888
1728.22924805	209.844085693
1728.99914551	207.189605713
1729.76904297	205.288208008
1730.53894043	199.780715942
1731.30883789	195.689254761
1732.07873535	186.875640869
1732.84863281	187.347137451
1733.61853027	187.41418457
1734.38830566	188.034515381
1735.15820313	181.448944092
1735.92810059	185.934890747
1736.69799805	179.515289307
1737.46789551	194.75062561
1738.23779297	185.475250244
1739.00769043	195.630401611
1739.77758789	184.944534302
1740.54748535	190.972579956
1741.31738281	184.27130127
1742.08728027	182.512466431
1742.85717773	185.050354004
1743.6270752	187.733673096
1744.39697266	183.809555054
1745.16687012	182.657424927
1745.93664551	177.354522705
1746.70654297	194.249832153
1747.47644043	191.950683594
1748.24633789	186.115844727
1749.01623535	177.634185791
1749.78613281	186.527633667
1750.55603027	194.974807739
1751.32592773	192.872695923
1752.0958252	188.576675415
1752.86572266	181.344360352
1753.63562012	178.440032959
1754.40551758	188.033035278
1755.17541504	167.591186523
1755.9453125	184.396224976
1756.71508789	189.288513184
1757.48498535	172.856506348
1758.25488281	175.637359619
1759.02478027	180.807067871
1759.79467773	172.47492981
1760.5645752	176.968734741
1761.33447266	181.225204468
1762.10437012	178.881774902
1762.87426758	180.344100952
1763.64416504	176.04119873
1764.4140625	181.691268921
1765.18395996	173.779876709
1765.95385742	175.646530151
1766.72375488	169.969772339
1767.49353027	175.187210083
1768.26342773	181.282089233
1769.0333252	182.590759277
1769.80322266	180.148208618
1770.57312012	176.878387451
1771.34301758	177.395019531
1772.11291504	187.509674072
1772.8828125	178.705856323
1773.65270996	175.759567261
1774.42260742	181.536193848
1775.19250488	175.934936523
1775.96240234	172.793945313
1776.7322998	180.548828125
1777.50219727	180.710861206
1778.27197266	168.808334351
1779.04187012	163.147399902
1779.81176758	181.180236816
1780.58166504	180.895507813
1781.3515625	181.482803345
1782.12145996	163.863418579
1782.89135742	181.798782349
1783.66125488	174.153488159
1784.43115234	173.020782471
1785.2010498	179.349349976
1785.97094727	176.483657837
1786.74084473	174.84072876
1787.51074219	172.559844971
1788.28063965	172.574356079
1789.05041504	180.544677734
1789.8203125	171.587234497
1790.59020996	177.868515015
1791.36010742	170.000106812
1792.13000488	173.095489502
1792.89990234	180.668945313
1793.6697998	171.806015015
1794.43969727	172.318847656
1795.20959473	170.462463379
1795.97949219	176.2474823
1796.74938965	177.635025024
1797.51928711	161.643707275
1798.28918457	174.299835205
1799.05908203	172.225418091
1799.82885742	177.391906738
1800.59875488	171.640060425
1801.36865234	168.898605347
1802.1385498	175.424133301
1802.90844727	171.787200928
1803.67834473	166.663696289
1804.44824219	171.761001587
1805.21813965	173.21257019
1805.98803711	169.177505493
1806.75793457	165.700881958
1807.52783203	164.098297119
1808.29772949	164.585739136
1809.06762695	162.865737915
1809.83752441	167.293167114
1810.6072998	165.644683838
1811.37719727	178.719940186
1812.14709473	169.64932251
1812.91699219	163.053848267
1813.68688965	161.565841675
1814.45678711	174.087234497
1815.22668457	164.2550354
1815.99658203	163.586120605
1816.76647949	165.981994629
1817.53637695	169.096923828
1818.30627441	169.478317261
1819.07617188	160.227310181
1819.84606934	149.089950562
1820.6159668	162.645492554
1821.38574219	167.237686157
1822.15563965	162.244491577
1822.92553711	164.154800415
1823.69543457	158.062606812
1824.46533203	165.509490967
1825.23522949	165.99571228
1826.00512695	163.768814087
1826.77502441	165.167327881
1827.54492188	169.709518433
1828.31481934	158.15447998
1829.0847168	173.104064941
1829.85461426	177.350265503
1830.62451172	165.747177124
1831.39440918	167.74319458
1832.16418457	164.508209229
1832.93408203	157.508300781
1833.70397949	162.713653564
1834.47387695	157.736740112
1835.24377441	166.674301147
1836.01367188	170.179351807
1836.78356934	173.263168335
1837.5534668	166.758499146
1838.32336426	160.322128296
1839.09326172	168.110992432
1839.86315918	161.965072632
1840.63305664	163.299667358
1841.4029541	164.393661499
1842.17285156	159.749755859
1842.94262695	159.853302002
1843.71252441	159.259384155
1844.48242188	169.930618286
1845.25231934	166.477020264
1846.0222168	155.02104187
1846.79211426	157.886611938
1847.56201172	158.623443604
1848.33190918	159.099472046
1849.10180664	161.021240234
1849.8717041	168.891662598
1850.64160156	165.560668945
1851.41149902	164.188415527
1852.18139648	162.612167358
1852.95129395	160.892959595
1853.72106934	162.554992676
1854.4909668	161.232131958
1855.26086426	158.018600464
1856.03076172	162.34147644
1856.80065918	164.5
1857.57055664	162.004989624
1858.3404541	152.858657837
1859.11035156	159.533706665
1859.88024902	161.967056274
1860.65014648	162.044006348
1861.42004395	155.755187988
1862.18994141	162.580505371
1862.95983887	160.7056427
1863.72973633	159.978683472
1864.49951172	158.137832642
1865.26940918	158.248596191
1866.03930664	155.488540649
1866.8092041	163.784240723
1867.57910156	160.773254395
1868.34899902	169
1869.11889648	162.828384399
1869.88879395	157.090423584
1870.65869141	158.869674683
1871.42858887	160.1615448
1872.19848633	149.596115112
1872.96838379	162.275619507
1873.73828125	162.178985596
1874.50817871	161.488586426
1875.27807617	159.655715942
1876.04785156	155.038482666
1876.81774902	156.234237671
1877.58764648	161.708450317
1878.35754395	160.33555603
1879.12744141	156.506454468
1879.89733887	165.803466797
1880.66723633	150.218338013
1881.43713379	151.024353027
1882.20703125	156.194290161
1882.97692871	158.391479492
1883.74682617	155.953887939
1884.51672363	166.82585144
1885.28662109	156.844726563
1886.05651855	162.484451294
1886.82629395	160.944000244
1887.59619141	160.626068115
1888.36608887	170.524719238
1889.13598633	156.630401611
1889.90588379	149.016555786
1890.67578125	150.835800171
1891.44567871	164.766403198
1892.21557617	163.270080566
1892.98547363	160.943389893
1893.75537109	153.473358154
1894.52526855	161.961990356
1895.29516602	155.546066284
1896.06506348	157.22026062
1896.83496094	161.974319458
1897.60473633	156.489517212
1898.37463379	161.411987305
1899.14453125	158.556518555
1899.91442871	159.030639648
1900.68432617	147.863067627
1901.45422363	157.528121948
1902.22412109	168.028625488
1902.99401855	159.650085449
1903.76391602	157.351593018
1904.53381348	161.20199585
1905.30371094	160.55506897
1906.0736084	159.551651001
1906.84350586	168.586029053
1907.61340332	153.347930908
1908.38317871	153.943466187
1909.15307617	160.379608154
1909.92297363	164.484954834
1910.69287109	162.965560913
1911.46276855	163.064376831
1912.23266602	154.536895752
1913.00256348	161.0884552
1913.77246094	163.163696289
1914.5423584	152.019561768
1915.31225586	158.312316895
1916.08215332	158.704971313
1916.85205078	152.441360474
1917.62194824	150.459915161
1918.3918457	152.660873413
1919.16162109	154.975067139
1919.93151855	151.169494629
1920.70141602	157.479125977
1921.47131348	150.190307617
1922.24121094	152.531448364
1923.0111084	155.888397217
1923.78100586	161.999191284
1924.55090332	151.591293335
1925.32080078	152.153198242
1926.09069824	151.171432495
1926.8605957	153.421279907
1927.63049316	151.71232605
1928.40039063	157.476516724
1929.17028809	159.653152466
1929.94006348	154.330154419
1930.70996094	152.330871582
1931.4798584	150.458587646
1932.24975586	150.498352051
1933.01965332	155.063766479
1933.78955078	156.381652832
1934.55944824	155.70413208
1935.3293457	152.25
1936.09924316	154.219497681
1936.86914063	160.231109619
1937.63903809	156.622924805
1938.40893555	153.5
1939.17883301	153.932510376
1939.94873047	158.93649292
1940.71850586	153.284103394
1941.48840332	151.916870117
1942.25830078	153.224563599
1943.02819824	149.971359253
1943.7980957	154.796066284
1944.56799316	154.109741211
1945.33789063	151.564697266
1946.10778809	161.016189575
1946.87768555	154.787109375
1947.64758301	154.020278931
1948.41748047	152.68359375
1949.18737793	157.637573242
1949.95727539	155.572463989
1950.72717285	160.393920898
1951.49694824	157.885238647
1952.2668457	150.913818359
1953.03674316	149.922515869
1953.80664063	155.847991943
1954.57653809	156.208557129
1955.34643555	156.472854614
1956.11633301	149.696304321
1956.88623047	157.327713013
1957.65612793	151.58782959
1958.42602539	150.667724609
1959.19592285	155.761642456
1959.96582031	155.115875244
1960.73571777	155.894943237
1961.50561523	153.744125366
1962.27539063	151.546295166
1963.04528809	150.409164429
1963.81518555	147.747665405
1964.58508301	154.635177612
1965.35498047	152.5
1966.12487793	150.334121704
1966.89477539	152.740066528
1967.66467285	154.813278198
1968.43457031	157.779647827
1969.20446777	148.041900635
1969.97436523	152.627807617
1970.7442627	154.540664673
1971.51416016	150.738800049
1972.28405762	154.473709106
1973.05383301	162.583816528
1973.82373047	150.493408203
1974.59362793	153.831375122
1975.36352539	150.431243896
1976.13342285	147.739471436
1976.90332031	153.371673584
1977.67321777	154.22026062
1978.44311523	152.359451294
1979.2130127	154.87210083
1979.98291016	150.758651733
1980.75280762	148.332489014
1981.52270508	155.277435303
1982.29260254	152.689208984
1983.0625	154.262542725
1983.83227539	152.609573364
1984.60217285	155.718566895
1985.37207031	156.542938232
1986.14196777	161.772262573
1986.91186523	158.74281311
1987.6817627	154.621520996
1988.45166016	162.181472778
1989.22155762	158.548049927
1989.99145508	156.471603394
1990.76135254	151.351791382
1991.53125	153.153656006
1992.30114746	158.257598877
1993.07104492	164.113037109
1993.84094238	154.753601074
1994.61071777	156.05291748
1995.38061523	159.834838867
1996.1505127	151.975357056
1996.92041016	163.458496094
1997.69030762	152.059005737
1998.46020508	165.927124023
1999.23010254	160.615509033
2000	152.531539917
