300	65.0113449097
300.759185791	66.9258575439
301.518341064	71.213508606
302.277526855	70.8018188477
303.036682129	71.5695266724
303.79586792	74.5280685425
304.555053711	74.5121917725
305.314208984	67.7618942261
306.073394775	68.5948181152
306.832550049	66.3941421509
307.59173584	74.0983428955
308.350921631	77.4373397827
309.110076904	74.2809829712
309.869262695	73.2238311768
310.628417969	78.3112258911
311.38760376	76.7193527222
312.146759033	72.547744751
312.905944824	64.5060195923
313.665130615	61.868560791
314.424285889	62.2743759155
315.18347168	62.0534515381
315.942626953	62.4848747253
316.701812744	65.9997024536
317.460998535	64.7225952148
318.220153809	75.7913589478
318.9793396	69.6150360107
319.738494873	67.7538299561
320.497680664	65.1923065186
321.256866455	62.5113639832
322.016021729	62.5123825073
322.77520752	62.4383125305
323.534362793	58.2615432739
324.293548584	56.9070472717
325.052734375	59.9957542419
325.811889648	66.7741622925
326.571075439	64.3463592529
327.330230713	62.1977310181
328.089416504	68.9380950928
328.848602295	65.3054122925
329.607757568	75.0798721313
330.366943359	61.6010894775
331.126098633	63.1314468384
331.885284424	66.2937469482
332.644439697	62.550075531
333.403625488	56.3616218567
334.162811279	57.3449707031
334.921966553	64.6148300171
335.681152344	60.4326477051
336.440307617	62.5619316101
337.199493408	57.9271125793
337.958679199	53.3093528748
338.717834473	58.8307113647
339.477020264	64.2936401367
340.236175537	55.8779563904
340.995361328	60.7080421448
341.754547119	48.6637229919
342.513702393	44.3863296509
343.272888184	43.368560791
344.032043457	52.0823173523
344.791229248	53.8309669495
345.550415039	46.3613853455
346.309570313	47.8815841675
347.068756104	50.4563560486
347.827911377	52.8225021362
348.587097168	55.3852424622
349.346252441	61.1047477722
350.105438232	58.3640365601
350.864624023	55.1969413757
351.623779297	54.9096603394
352.382965088	49.8088874817
353.142120361	56.0728416443
353.901306152	49.915058136
354.660491943	48.840801239
355.419647217	51.1576156616
356.178833008	48.6885375977
356.937988281	49.4412956238
357.697174072	54.0596504211
358.456359863	50.1254425049
359.215515137	46.8478622437
359.974700928	55.7797241211
360.733856201	45.6980857849
361.493041992	55.6947059631
362.252227783	53.2550315857
363.011383057	45.8404426575
363.770568848	47.4047393799
364.529724121	48.9680137634
365.288909912	46.5921821594
366.048095703	54.8930473328
366.807250977	51.8728675842
367.566436768	49.3450622559
368.325592041	44.8738670349
369.084777832	43.8997650146
369.843933105	44.2573204041
370.603118896	40.1843948364
371.362304688	47.7947807312
372.121459961	41.6102523804
372.880645752	48.1829223633
373.639801025	49.6365013123
374.398986816	44.723274231
375.158172607	43.8569145203
375.917327881	45.3725204468
376.676513672	41.5026092529
377.435668945	43.2797813416
378.194854736	36.2120399475
378.954040527	43.4949302673
379.713195801	37.7432479858
380.472381592	37.369644165
381.231536865	39.3053817749
381.990722656	40.0055580139
382.749908447	42.6179618835
383.509063721	46.2721786499
384.268249512	32.8242034912
385.027404785	42.8346176147
385.786590576	35.2115936279
386.545776367	37.9611740112
387.304931641	44.1298713684
388.064117432	46.7004547119
388.823272705	46.7549972534
389.582458496	45.5402832031
390.34161377	39.4640769958
391.100799561	50.867603302
391.859985352	41.1258544922
392.619140625	39.0303764343
393.378326416	38.6611938477
394.137481689	40.9262199402
394.89666748	39.5048103333
395.655853271	27.2794780731
396.415008545	34.9898605347
397.174194336	43.3190155029
397.933349609	35.6937217712
398.6925354	34.3631477356
399.451721191	41.2201194763
400.210876465	45.4390487671
400.970062256	42.7581939697
401.729217529	38.2654533386
402.48840332	36.3295936584
403.247589111	39.8174705505
404.006744385	37.8753128052
404.765930176	42.9825401306
405.525085449	36.3870010376
406.28427124	37.8839149475
407.043426514	39.8765983582
407.802612305	35.388004303
408.561798096	38.574596405
409.320953369	32.0332107544
410.08013916	36.405582428
410.839294434	43.0102043152
411.598480225	37.7281532288
412.357666016	41.9747123718
413.116821289	39.7511062622
413.87600708	33.6545715332
414.635162354	38.1773796082
415.394348145	35.2844734192
416.153533936	52.2754364014
416.912689209	36.1124000549
417.671875	39.5092010498
418.431030273	34.6764335632
419.190216064	32.9288673401
419.949401855	33.6887931824
420.708557129	34.4097328186
421.46774292	39.4937438965
422.226898193	36.1770591736
422.986083984	39.6724700928
423.745269775	32.0164909363
424.504425049	39.3890419006
425.26361084	39.0291442871
426.022766113	37.0998153687
426.781951904	38.6111450195
427.541107178	38.3752403259
428.300292969	34.7350959778
429.05947876	36.9167747498
429.818634033	39.5375137329
430.577819824	34.0562896729
431.336975098	28.6195926666
432.096160889	33.4355506897
432.85534668	34.4357414246
433.614501953	30.3035354614
434.373687744	31.7286529541
435.132843018	29.5434055328
435.892028809	37.9281654358
436.6512146	25.0706443787
437.410369873	25.301733017
438.169555664	36.4685821533
438.928710938	35.9806900024
439.687896729	33.4321784973
440.44708252	39.3818321228
441.206237793	43.0964393616
441.965423584	38.8662872314
442.724578857	34.8372573853
443.483764648	28.2404346466
444.242950439	17.4619846344
445.002105713	25.4328804016
445.761291504	30.2356243134
446.520446777	29.6259689331
447.279632568	32.9818725586
448.038787842	34.9751396179
448.797973633	24.9686794281
449.557159424	25.8195171356
450.316314697	23.2945022583
451.075500488	26.8151092529
451.834655762	22.983089447
452.593841553	26.4471168518
453.353027344	27.7780284882
454.112182617	22.5227718353
454.871368408	27.7194976807
455.630523682	21.4012393951
456.389709473	26.0287208557
457.148895264	25.4034233093
457.908050537	20.6500453949
458.667236328	23.0901470184
459.426391602	25.1253299713
460.185577393	25.8889484406
460.944763184	23.8674125671
461.703918457	14.5504207611
462.463104248	17.136259079
463.222259521	19.0997848511
463.981445313	10.2847766876
464.740600586	18.7503623962
465.499786377	19.0488643646
466.258972168	20.9192485809
467.018127441	23.1931991577
467.777313232	24.0506744385
468.536468506	28.9099998474
469.295654297	21.0737495422
470.054840088	20.1470470428
470.813995361	21.3699703217
471.573181152	9.90188598633
472.332336426	12.7514600754
473.091522217	26.3371162415
473.850708008	29.5169639587
474.609863281	20.0094833374
475.369049072	16.9617004395
476.128204346	22.8468112946
476.887390137	20.8064136505
477.646575928	12.1431837082
478.405731201	17.3541927338
479.164916992	18.0063781738
479.924072266	17.6647129059
480.683258057	25.7478199005
481.442443848	30.672952652
482.201599121	22.303686142
482.960784912	24.2122173309
483.719940186	25.6038761139
484.479125977	21.5468616486
485.23828125	12.6601371765
485.997467041	14.2616472244
486.756652832	15.6547517776
487.515808105	9.43434906006
488.274993896	5.6407327652
489.03414917	11.2436943054
489.793334961	12.6876573563
490.552520752	3.41738605499
491.311676025	11.6500015259
492.070861816	5.90028429031
492.83001709	9.20691871643
493.589202881	10.4025449753
494.348388672	5.81020784378
495.107543945	6.77785348892
495.866729736	10.3300924301
496.62588501	4.94307899475
497.385070801	8.14457988739
498.144256592	0.73673582077
498.903411865	-3.32656288147
499.662597656	0.928297758102
500.42175293	2.48148465157
501.180938721	7.69424629211
501.940124512	5.93346643448
502.699279785	2.93057751656
503.458465576	4.97428703308
504.21762085	0.0945667400956
504.976806641	12.7065591812
505.735961914	2.14840292931
506.495147705	-2.66410398483
507.254333496	-1.19861090183
508.01348877	2.74298834801
508.772674561	1.77845823765
509.531829834	2.06278514862
510.291015625	4.4917640686
511.050201416	2.33244013786
511.809356689	2.09305477142
512.56854248	7.01914978027
513.327697754	-4.02260398865
514.086853027	-2.37041807175
514.846069336	-6.63173341751
515.605224609	0.114004448056
516.364379883	7.39340305328
517.123596191	7.1443862915
517.882751465	4.21199274063
518.641906738	4.75736665726
519.401123047	7.58879470825
520.16027832	6.4308757782
520.919433594	-12.877448082
521.678588867	-6.81596040726
522.437805176	-1.74204003811
523.196960449	-3.12537670135
523.956115723	-0.978592634201
524.715332031	2.04497385025
525.474487305	-1.39828407764
526.233642578	-3.43121790886
526.992858887	4.21345758438
527.75201416	-5.24801158905
528.511169434	-7.90252017975
529.270324707	-3.96999979019
530.029541016	3.48174381256
530.788696289	-5.01974916458
531.547851563	-6.91285943985
532.307067871	2.35994458199
533.066223145	4.23855543137
533.825378418	-1.7721310854
534.584533691	-7.52258634567
535.34375	-4.63297700882
536.102905273	-1.74311256409
536.862060547	-6.84020233154
537.621276855	0.416831642389
538.380432129	-1.10780143738
539.139587402	-5.00683164597
539.898803711	-4.97341537476
540.657958984	-3.21208357811
541.417114258	0.320869922638
542.176269531	-8.18587970734
542.93548584	-11.3770885468
543.694641113	-7.03871488571
544.453796387	-2.37187314034
545.213012695	0.601995706558
545.972167969	6.58561754227
546.731323242	2.26465892792
547.490539551	0.393694221973
548.249694824	7.77175569534
549.008850098	1.38626778126
549.768005371	-2.63598489761
550.52722168	-6.06520748138
551.286376953	-9.93584156036
552.045532227	0.326184749603
552.804748535	-4.61411619186
553.563903809	-0.200791165233
554.323059082	-3.97310471535
555.082214355	-6.27683639526
555.841430664	0.7253677845
556.600585938	-0.841348946095
557.359741211	0.198272749782
558.11895752	-4.13074541092
558.878112793	3.95794820786
559.637268066	4.92490768433
560.396484375	3.85785245895
561.155639648	2.94804167747
561.914794922	0.310371607542
562.673950195	-2.09541082382
563.433166504	-2.94739341736
564.192321777	-1.30805563927
564.951477051	5.03675699234
565.710693359	6.40724754333
566.469848633	5.69268798828
567.229003906	-1.1848347187
567.988220215	-1.56231498718
568.747375488	3.73469185829
569.506530762	8.84824180603
570.265686035	5.12101840973
571.024902344	2.59474992752
571.784057617	7.00927972794
572.543212891	5.22535467148
573.302429199	0.913670063019
574.061584473	6.73838710785
574.820739746	4.43494558334
575.57989502	1.50174295902
576.339111328	-0.545689642429
577.098266602	-3.53347253799
577.857421875	-8.08610534668
578.616638184	-11.2468271255
579.375793457	-4.85090494156
580.13494873	6.63712644577
580.894165039	5.29228496552
581.653320313	6.27683782578
582.412475586	2.15702033043
583.171630859	4.14265632629
583.930847168	-1.3487610817
584.690002441	-1.99537289143
585.449157715	2.47216653824
586.208374023	-0.103281401098
586.967529297	-0.273788481951
587.72668457	4.79003381729
588.485900879	1.72624349594
589.245056152	-2.7534828186
590.004211426	8.65250205994
590.763366699	-2.28182911873
591.522583008	-2.54581427574
592.281738281	5.59306573868
593.040893555	3.39391803741
593.800109863	0.517948389053
594.559265137	0.590956330299
595.31842041	-1.42839729786
596.077575684	-3.74117732048
596.836791992	0.377344638109
597.595947266	4.93459033966
598.355102539	1.85343885422
599.114318848	-5.22873830795
599.873474121	6.52366733551
600.632629395	2.43502402306
601.391845703	1.15030157566
602.151000977	-1.58088958263
602.91015625	-1.5144276619
603.669311523	-1.0830975771
604.428527832	-1.46356844902
605.187683105	-0.488048970699
605.946838379	-3.79255867004
606.706054688	-0.935801267624
607.465209961	6.0784907341
608.224365234	-4.62320518494
608.983581543	-4.68215799332
609.742736816	3.12237167358
610.50189209	6.50386619568
611.261047363	-0.0344387069345
612.020263672	-4.32260894775
612.779418945	0.148225978017
613.538574219	5.98577547073
614.297790527	7.53854799271
615.056945801	2.10668802261
615.816101074	4.81920671463
616.575256348	9.11897563934
617.334472656	0.274835884571
618.09362793	4.38393068314
618.852783203	1.59028553963
619.611999512	-0.0553224161267
620.371154785	-2.11176991463
621.130310059	-1.11204993725
621.889526367	0.539461553097
622.648681641	-7.03453350067
623.407836914	-0.203163951635
624.166992188	3.79159712791
624.926208496	2.38730692863
625.68536377	0.323626846075
626.444519043	-1.17824006081
627.203735352	1.98054969311
627.962890625	2.66169691086
628.722045898	3.72902822495
629.481201172	-2.19703292847
630.24041748	-8.93134021759
630.999572754	-0.599817454815
631.758728027	7.93376159668
632.517944336	-0.969795823097
633.277099609	-9.17001152039
634.036254883	0.373760551214
634.795471191	4.04553556442
635.554626465	0.208692461252
636.313781738	0.286110192537
637.072937012	1.42752349377
637.83215332	3.83390212059
638.591308594	4.76619386673
639.350463867	6.70007181168
640.109680176	11.7335119247
640.868835449	5.71139574051
641.627990723	6.69185876846
642.387207031	-5.47619438171
643.146362305	7.21334552765
643.905517578	-3.18627285957
644.664672852	1.99096775055
645.42388916	4.74579715729
646.183044434	-0.0978061184287
646.942199707	6.23450946808
647.701416016	9.39700698853
648.460571289	-0.246109932661
649.219726563	2.04761648178
649.978881836	6.28560209274
650.738098145	9.89982128143
651.497253418	10.7793483734
652.256408691	0.0488430857658
653.015625	3.10756611824
653.774780273	6.72317647934
654.533935547	4.3219871521
655.293151855	10.7400388718
656.052307129	9.57290458679
656.811462402	3.15270233154
657.570617676	1.80677998066
658.329833984	-2.48396921158
659.088989258	-0.969341278076
659.848144531	5.11176919937
660.60736084	-0.106363505125
661.366516113	6.2944188118
662.125671387	6.34461450577
662.884887695	9.86415195465
663.644042969	9.74679279327
664.403198242	7.3490357399
665.162353516	10.6863870621
665.921569824	11.8569259644
666.680725098	8.49614238739
667.439880371	10.16984272
668.19909668	11.9223833084
668.958251953	8.85558986664
669.717407227	2.88291287422
670.4765625	8.36981487274
671.235778809	5.27302074432
671.994934082	13.1798286438
672.754089355	13.9914388657
673.513305664	10.5812587738
674.272460938	6.68055868149
675.031616211	7.78583860397
675.79083252	13.0685462952
676.549987793	13.8156404495
677.309143066	7.61425018311
678.06829834	5.56888008118
678.827514648	9.64009952545
679.586669922	8.93278884888
680.345825195	10.5087108612
681.105041504	1.43884801865
681.864196777	5.99501037598
682.623352051	3.07726502419
683.382568359	5.92137241364
684.141723633	8.13766002655
684.900878906	8.10164451599
685.66003418	10.9819965363
686.419250488	12.0425348282
687.178405762	7.19792413712
687.937561035	7.83482074738
688.696777344	4.02969694138
689.455932617	4.68635463715
690.215087891	1.4289482832
690.974243164	-2.6806306839
691.733459473	4.81211280823
692.492614746	4.87894153595
693.25177002	2.06649708748
694.010986328	6.07076072693
694.770141602	6.51585531235
695.529296875	1.89234483242
696.288513184	2.39360260963
697.047668457	3.80102205276
697.80682373	4.49249982834
698.565979004	4.12509298325
699.325195313	2.69258952141
700.084350586	0.11560369283
700.843505859	9.28748893738
701.602722168	12.7942714691
702.361877441	14.891295433
703.121032715	6.2542514801
703.880249023	6.13070774078
704.639404297	6.14185619354
705.39855957	3.93717026711
706.157714844	4.25196886063
706.916931152	-0.175422862172
707.676086426	5.47735834122
708.435241699	-0.723010540009
709.194458008	7.56062650681
709.953613281	2.9004034996
710.712768555	15.0420007706
711.471923828	4.26428508759
712.231140137	10.3533735275
712.99029541	11.882938385
713.749450684	11.5953054428
714.508666992	17.0004177094
715.267822266	19.6859455109
716.026977539	14.6404361725
716.786193848	11.0280942917
717.545349121	11.451625824
718.304504395	7.53391218185
719.063659668	7.53669881821
719.822875977	8.00061798096
720.58203125	13.0675535202
721.341186523	9.50080680847
722.100402832	15.3635606766
722.859558105	13.8341674805
723.618713379	1.0650113821
724.377929688	3.49206614494
725.137084961	12.3381910324
725.896240234	16.6040096283
726.655395508	13.9132223129
727.414611816	7.11313533783
728.17376709	12.6523752213
728.932922363	10.7044944763
729.692138672	13.2484006882
730.451293945	13.4263439178
731.210449219	9.440741539
731.969604492	15.8166379929
732.728820801	12.0692081451
733.487976074	12.7833757401
734.247131348	14.1604595184
735.006347656	19.126531601
735.76550293	19.4931182861
736.524658203	12.2254133224
737.283874512	12.8621692657
738.043029785	21.1261119843
738.802185059	17.6085720062
739.561340332	22.0963306427
740.320556641	18.6171035767
741.079711914	17.6437416077
741.838867188	16.4440574646
742.598083496	14.3536272049
743.35723877	23.0690288544
744.116394043	21.2825260162
744.875610352	13.3490762711
745.634765625	16.9413566589
746.393920898	26.0671596527
747.153076172	22.5086517334
747.91229248	14.501074791
748.671447754	16.3326435089
749.430603027	18.2930107117
750.189819336	19.8496265411
750.948974609	29.8549480438
751.708129883	23.0125808716
752.467285156	24.3758716583
753.226501465	29.4737930298
753.985656738	34.3442115784
754.744812012	28.4140605927
755.50402832	23.9732570648
756.263183594	18.2764587402
757.022338867	18.5947971344
757.781555176	23.4275054932
758.540710449	22.1047325134
759.299865723	15.3362493515
760.059020996	15.8351287842
760.818237305	24.4018478394
761.577392578	26.9784584045
762.336547852	26.7997703552
763.09576416	24.5694923401
763.854919434	24.0532531738
764.614074707	20.5107498169
765.37322998	11.9460630417
766.132446289	23.8424625397
766.891601563	31.5655879974
767.650756836	33.13230896
768.409973145	24.0424575806
769.169128418	27.3674621582
769.928283691	31.3807945251
770.6875	30.673034668
771.446655273	30.4340782166
772.205810547	21.2061080933
772.96496582	20.7391529083
773.724182129	31.0526695251
774.483337402	29.3780384064
775.242492676	27.8395061493
776.001708984	29.9084377289
776.760864258	13.6291036606
777.520019531	14.8498477936
778.27923584	27.6563282013
779.038391113	21.2162895203
779.797546387	21.7030391693
780.55670166	29.6096630096
781.315917969	26.3586349487
782.075073242	25.6183490753
782.834228516	31.7410106659
783.593444824	30.258638382
784.352600098	30.2293682098
785.111755371	33.6711349487
785.870910645	30.2670478821
786.630126953	30.1241397858
787.389282227	41.8925971985
788.1484375	40.9184417725
788.907653809	33.1478157043
789.666809082	30.4130401611
790.425964355	34.9050865173
791.185180664	33.5358161926
791.944335938	30.47407341
792.703491211	30.0108852386
793.462646484	31.1810302734
794.221862793	26.0123844147
794.981018066	26.206653595
795.74017334	34.5379753113
796.499389648	31.8457393646
797.258544922	30.8033905029
798.017700195	33.6699333191
798.776916504	31.6206512451
799.536071777	42.9249382019
800.295227051	35.8492202759
801.054382324	36.9234161377
801.813598633	31.7232112885
802.572753906	25.4280719757
803.33190918	33.2032279968
804.091125488	34.1964263916
804.850280762	38.7335472107
805.609436035	31.2361831665
806.368591309	34.0176582336
807.127807617	39.4567947388
807.886962891	36.7251167297
808.646118164	35.9495391846
809.405334473	28.2756271362
810.164489746	29.1441364288
810.92364502	30.0327701569
811.682861328	37.6261177063
812.442016602	38.1232719421
813.201171875	27.4869308472
813.960327148	26.6765594482
814.719543457	28.1284561157
815.47869873	34.0489692688
816.237854004	43.661529541
816.997070313	34.5873756409
817.756225586	36.6631622314
818.515380859	36.7127799988
819.274597168	33.5847167969
820.033752441	40.3896446228
820.792907715	45.5523719788
821.552062988	38.0161132813
822.311279297	33.8613624573
823.07043457	40.3826446533
823.829589844	42.9614830017
824.588806152	39.1814918518
825.347961426	40.0573692322
826.107116699	45.1702041626
826.866271973	41.1132049561
827.625488281	24.6828556061
828.384643555	28.9880275726
829.143798828	41.5882377625
829.903015137	35.9018745422
830.66217041	41.4281463623
831.421325684	43.9057121277
832.180541992	42.9488067627
832.939697266	39.2508049011
833.698852539	39.7442550659
834.458007813	44.475528717
835.217224121	48.3553848267
835.976379395	52.8219032288
836.735534668	52.1401634216
837.494750977	50.0926399231
838.25390625	45.255657196
839.013061523	53.7605705261
839.772277832	51.8095855713
840.531433105	39.6940536499
841.290588379	45.8860054016
842.049743652	43.608505249
842.808959961	30.1268386841
843.568115234	36.9837646484
844.327270508	44.3645744324
845.086486816	41.2389259338
845.84564209	36.5004577637
846.604797363	39.728477478
847.363952637	41.5744628906
848.123168945	36.1425552368
848.882324219	37.9363899231
849.641479492	47.250579834
850.400695801	46.626865387
851.159851074	41.7101135254
851.919006348	39.1026725769
852.678222656	52.3833618164
853.43737793	49.8954124451
854.196533203	57.5172805786
854.955688477	45.1451416016
855.714904785	50.0735855103
856.474060059	42.0110473633
857.233215332	55.4080657959
857.992431641	42.2759437561
858.751586914	36.5229759216
859.510742188	45.802116394
860.269958496	49.8029327393
861.02911377	39.6551170349
861.788269043	33.3433876038
862.547424316	39.3158073425
863.306640625	40.6427993774
864.065795898	36.6688079834
864.824951172	40.2801017761
865.58416748	42.1303405762
866.343322754	39.4104118347
867.102478027	36.4929122925
867.861633301	35.1142311096
868.620849609	29.0794448853
869.380004883	34.4545326233
870.139160156	30.1458721161
870.898376465	31.7724647522
871.657531738	34.0812072754
872.416687012	32.1453323364
873.17590332	25.4840259552
873.935058594	34.0220413208
874.694213867	34.5021858215
875.453369141	36.7052764893
876.212585449	34.4953994751
876.971740723	23.8158721924
877.730895996	17.6551952362
878.490112305	22.4760932922
879.249267578	27.0615386963
880.008422852	24.836648941
880.767578125	29.0951557159
881.526794434	35.9474449158
882.285949707	19.2373085022
883.04510498	18.0337047577
883.804321289	28.4320735931
884.563476563	15.4171609879
885.322631836	19.5117759705
886.081848145	16.8734912872
886.841003418	17.5525016785
887.600158691	20.2926540375
888.359313965	26.3710803986
889.118530273	26.3974838257
889.877685547	14.9015369415
890.63684082	9.08086872101
891.396057129	7.76573562622
892.155212402	14.1671590805
892.914367676	13.1467514038
893.673583984	13.8765115738
894.432739258	16.4539432526
895.191894531	15.1159267426
895.951049805	12.4663095474
896.710266113	11.6889572144
897.469421387	14.0672311783
898.22857666	11.6691246033
898.987792969	7.35562419891
899.746948242	8.15417289734
900.506103516	8.08292293549
901.265258789	13.93268013
902.024475098	10.2236413956
902.783630371	8.71890640259
903.542785645	15.1376791
904.302001953	8.67241477966
905.061157227	1.69987535477
905.8203125	16.683008194
906.579528809	9.25277900696
907.338684082	18.901638031
908.097839355	20.9160366058
908.856994629	2.85650706291
909.616210938	3.19669318199
910.375366211	3.59965801239
911.134521484	0.510098516941
911.893737793	7.6810503006
912.652893066	8.55541801453
913.41204834	0.172585710883
914.171264648	0.823852717876
914.930419922	3.12385106087
915.689575195	1.70320641994
916.448730469	3.4222407341
917.207946777	-6.63736820221
917.967102051	-1.03814542294
918.726257324	7.99360132217
919.485473633	5.33595609665
920.244628906	9.67196369171
921.00378418	-2.15491485596
921.762939453	5.4752073288
922.522155762	11.7121677399
923.281311035	4.39105510712
924.040466309	-0.567872822285
924.799682617	-0.444361567497
925.558837891	3.02334618568
926.317993164	-1.09807360172
927.077209473	-3.40365481377
927.836364746	0.818004071712
928.59552002	2.26767587662
929.354675293	0.882126450539
930.113891602	3.64507341385
930.873046875	5.55008077621
931.632202148	0.543957531452
932.391418457	-4.24317550659
933.15057373	-2.84935092926
933.909729004	0.340020179749
934.668945313	2.07113647461
935.428100586	0.969812452793
936.187255859	-4.4163312912
936.946411133	-5.78035020828
937.705627441	-0.435861349106
938.464782715	0.762544035912
939.223937988	1.91762876511
939.983154297	-0.271268457174
940.74230957	-17.8127002716
941.501464844	-4.85154008865
942.260620117	-6.50108146667
943.019836426	4.59918308258
943.778991699	-7.06441688538
944.538146973	-11.7132616043
945.297363281	-4.67893362045
946.056518555	-7.70695877075
946.815673828	0.332566022873
947.574890137	-1.36189615726
948.33404541	-7.53129482269
949.093200684	-4.4309630394
949.852355957	-11.4513597488
950.611572266	-12.3626947403
951.370727539	-6.52450942993
952.129882813	-1.27348351479
952.889099121	-4.32809686661
953.648254395	-9.2126455307
954.407409668	-1.32738637924
955.166625977	-3.73969841003
955.92578125	-8.15932559967
956.684936523	-9.82605361938
957.444091797	-9.39372158051
958.203308105	-6.46330595016
958.962463379	-11.6350545883
959.721618652	-18.4882125854
960.480834961	-11.7855491638
961.239990234	-14.0168380737
961.999145508	-10.8270616531
962.758300781	-14.1795816422
963.51751709	-8.3770647049
964.276672363	-16.7594909668
965.035827637	-16.4642753601
965.795043945	-15.0375671387
966.554199219	-17.5164756775
967.313354492	-18.0319442749
968.072570801	-16.4714012146
968.831726074	-19.8383255005
969.590881348	-21.9059638977
970.350036621	-20.3290405273
971.10925293	-28.9987831116
971.868408203	-27.6958618164
972.627563477	-23.3461265564
973.386779785	-23.3190917969
974.145935059	-19.4520225525
974.905090332	-15.8850183487
975.664306641	-19.1357841492
976.423461914	-22.9604110718
977.182617188	-22.5453834534
977.941772461	-22.6196899414
978.70098877	-26.3247413635
979.460144043	-30.0952148438
980.219299316	-23.8943595886
980.978515625	-13.8155040741
981.737670898	-13.6541700363
982.496826172	-27.3749313354
983.255981445	-21.0351600647
984.015197754	-21.6370773315
984.774353027	-23.0499153137
985.533508301	-21.7816314697
986.292724609	-20.1985969543
987.051879883	-23.5661773682
987.811035156	-15.7965202332
988.570251465	-20.2105388641
989.329406738	-16.6138877869
990.088562012	-25.9133987427
990.847717285	-22.4914131165
991.606933594	-22.271490097
992.366088867	-10.4252958298
993.125244141	-15.9995565414
993.884460449	-20.0480384827
994.643615723	-28.1893005371
995.402770996	-16.0300559998
996.161987305	-18.9903087616
996.921142578	-27.0327262878
997.680297852	-24.6130447388
998.439453125	-20.888507843
999.198669434	-20.935918808
999.957824707	-20.8034553528
1000.71697998	-21.2896728516
1001.47619629	-22.7596149445
1002.23535156	-24.8651256561
1002.99450684	-25.3550052643
1003.75366211	-24.1399917603
1004.51287842	-22.896572113
1005.27203369	-21.3152236938
1006.03118896	-27.0404701233
1006.79040527	-20.8399543762
1007.54956055	-24.1358070374
1008.30871582	-21.1641216278
1009.06793213	-23.4072761536
1009.8270874	-26.9488964081
1010.58624268	-27.5428276062
1011.34539795	-30.4375991821
1012.10461426	-27.0719852448
1012.86376953	-24.1996536255
1013.6229248	-20.6419391632
1014.38214111	-34.6552200317
1015.14129639	-23.1694221497
1015.90045166	-12.8935375214
1016.65960693	-21.7765922546
1017.41882324	-23.0791606903
1018.17797852	-26.9813785553
1018.93713379	-25.1190567017
1019.6963501	-33.4232292175
1020.45550537	-28.2759475708
1021.21466064	-25.7654438019
1021.97387695	-24.0707759857
1022.73303223	-9.24342727661
1023.4921875	-17.2123241425
1024.25134277	-27.1501579285
1025.01049805	-24.5994033813
1025.76977539	-18.8183612823
1026.52893066	-20.7929496765
1027.28808594	-28.752664566
1028.04724121	-26.5527992249
1028.80639648	-21.15782547
1029.56555176	-18.336561203
1030.32470703	-15.3407402039
1031.08398438	-19.5934658051
1031.84313965	-24.924987793
1032.60229492	-19.1363677979
1033.3614502	-19.7349185944
1034.12060547	-22.8085708618
1034.87976074	-16.5878772736
1035.63891602	-21.1972980499
1036.39819336	-25.3854446411
1037.15734863	-18.6202449799
1037.91650391	-14.8858795166
1038.67565918	-16.3106060028
1039.43481445	-12.4113092422
1040.19396973	-21.8270645142
1040.953125	-18.0101184845
1041.71240234	-13.2659883499
1042.47155762	-18.004907608
1043.23071289	-16.6841182709
1043.98986816	-20.5853309631
1044.74902344	-22.2301311493
1045.50817871	-23.2221794128
1046.26745605	-19.9587135315
1047.02661133	-6.79839849472
1047.7857666	-6.44250488281
1048.54492188	-14.1568088531
1049.30407715	-29.7867012024
1050.06323242	-13.013258934
1050.8223877	-13.0030078888
1051.58166504	-17.6340141296
1052.34082031	-16.9351558685
1053.09997559	-16.5956420898
1053.85913086	-21.2557830811
1054.61828613	-25.8893222809
1055.37744141	-18.5775985718
1056.13659668	-20.5973377228
1056.89587402	-19.9343547821
1057.6550293	-15.734000206
1058.41418457	-14.2969684601
1059.17333984	-11.4485054016
1059.93249512	-9.44976711273
1060.69165039	-10.3760919571
1061.45080566	-18.8726387024
1062.21008301	-20.8789043427
1062.96923828	-18.0603790283
1063.72839355	-22.6294956207
1064.48754883	-22.7019557953
1065.2467041	-16.9196472168
1066.00585938	-17.7348804474
1066.76513672	-18.6779518127
1067.52429199	-14.8671483994
1068.28344727	-10.3266000748
1069.04260254	-11.1596946716
1069.80175781	-8.87015342712
1070.56091309	-16.5052871704
1071.32006836	-26.8894538879
1072.0793457	-22.8655071259
1072.83850098	-15.2571334839
1073.59765625	-19.5201435089
1074.35681152	-15.7514848709
1075.1159668	-12.0465230942
1075.87512207	-12.988702774
1076.63427734	-8.22130203247
1077.39355469	-6.27651834488
1078.15270996	-13.0983362198
1078.91186523	-19.9081687927
1079.67102051	-10.3251094818
1080.43017578	-6.37518310547
1081.18933105	-13.2587690353
1081.94848633	-12.8500490189
1082.70776367	-11.8566207886
1083.46691895	-13.1634845734
1084.22607422	-12.3379325867
1084.98522949	-15.4530706406
1085.74438477	-12.3435144424
1086.50354004	-9.92230606079
1087.26281738	-7.76479911804
1088.02197266	-8.90577030182
1088.78112793	-14.7921476364
1089.5402832	-11.892285347
1090.29943848	-15.9352264404
1091.05859375	-15.4764957428
1091.81774902	-11.1076250076
1092.57702637	-13.733382225
1093.33618164	-10.2094659805
1094.09533691	-13.1294670105
1094.85449219	-11.5299739838
1095.61364746	-19.9789123535
1096.37280273	-12.6578779221
1097.13195801	-17.5999126434
1097.89123535	-13.6550521851
1098.65039063	-10.059709549
1099.4095459	-8.62327289581
1100.16870117	-8.47768306732
1100.92785645	-14.340089798
1101.68701172	-6.04503250122
1102.44616699	-5.41944742203
1103.20544434	-7.67966556549
1103.96459961	-8.93120098114
1104.72375488	-14.3727092743
1105.48291016	-3.65588402748
1106.24206543	-8.63032054901
1107.0012207	-10.9538469315
1107.76049805	-6.85562086105
1108.51965332	-5.98510169983
1109.27880859	-4.3718380928
1110.03796387	-9.10828304291
1110.79711914	-12.3415689468
1111.55627441	-13.0993003845
1112.31542969	-11.2487392426
1113.07470703	-9.35073947906
1113.8338623	-11.5511350632
1114.59301758	-13.1131410599
1115.35217285	-10.767036438
1116.11132813	-8.34745979309
1116.8704834	-13.5093736649
1117.62963867	-11.3427877426
1118.38891602	-11.6289463043
1119.14807129	-12.003528595
1119.90722656	-12.2495098114
1120.66638184	-4.79097080231
1121.42553711	-12.7499952316
1122.18469238	-9.40405845642
1122.94384766	-12.3804931641
1123.703125	-4.30594873428
1124.46228027	-17.8418312073
1125.22143555	-2.36353254318
1125.98059082	-14.2714710236
1126.73974609	-15.3251152039
1127.49890137	-8.19542598724
1128.25817871	-10.1987771988
1129.01733398	-15.5439491272
1129.77648926	-16.7951183319
1130.53564453	-21.3298721313
1131.2947998	-14.990603447
1132.05395508	-8.91687488556
1132.81311035	-23.7969970703
1133.5723877	-25.3738040924
1134.33154297	-12.6056556702
1135.09069824	-6.96014308929
1135.84985352	-14.6684961319
1136.60900879	-15.5543022156
1137.36816406	-12.4025936127
1138.12731934	-17.7713928223
1138.88659668	-17.529964447
1139.64575195	-10.6737260818
1140.40490723	-15.2071609497
1141.1640625	-20.0552539825
1141.92321777	-9.49432086945
1142.68237305	-2.167334795
1143.44152832	-9.20698738098
1144.20080566	-18.0755119324
1144.95996094	-14.2783794403
1145.71911621	-1.42111289501
1146.47827148	-11.6652784348
1147.23742676	-12.5172786713
1147.99658203	-5.36521911621
1148.75585938	-13.9638471603
1149.51501465	-16.196767807
1150.27416992	-2.57995557785
1151.0333252	-13.7793979645
1151.79248047	3.6599843502
1152.55163574	-5.8526597023
1153.31079102	-16.0023441315
1154.07006836	-17.9243812561
1154.82922363	-6.38464164734
1155.58837891	-21.1390380859
1156.34753418	-10.6748838425
1157.10668945	-1.55462384224
1157.86584473	-2.93793463707
1158.625	-3.69062995911
1159.38427734	-3.53086519241
1160.14343262	3.34522342682
1160.90258789	-1.72549569607
1161.66174316	-3.83108115196
1162.42089844	-8.80216026306
1163.18005371	-7.73307847977
1163.93920898	-1.20156395435
1164.69848633	-1.76839208603
1165.4576416	4.66943359375
1166.21679688	2.17983007431
1166.97595215	1.70112156868
1167.73510742	2.07794260979
1168.4942627	-2.29252028465
1169.25354004	-6.99826431274
1170.01269531	-12.4101552963
1170.77185059	-10.7892541885
1171.53100586	-6.4523806572
1172.29016113	-11.0488567352
1173.04931641	-4.90528106689
1173.80847168	6.6684088707
1174.56774902	-4.10288715363
1175.3269043	-11.5361862183
1176.08605957	-8.51523017883
1176.84521484	-5.21332979202
1177.60437012	3.10628628731
1178.36352539	-11.6190652847
1179.12268066	-7.57479429245
1179.88195801	-0.897665083408
1180.64111328	2.78695631027
1181.40026855	1.82744324207
1182.15942383	-4.2154135704
1182.9185791	-8.34518432617
1183.67773438	-7.00504493713
1184.43688965	-11.0972948074
1185.19616699	9.53318881989
1185.95532227	-4.06049489975
1186.71447754	1.87910091877
1187.47363281	-4.3360581398
1188.23278809	-10.4539575577
1188.99194336	7.78599262238
1189.7512207	7.65388727188
1190.51037598	-1.64653778076
1191.26953125	-3.33252191544
1192.02868652	-12.0270814896
1192.7878418	8.36586856842
1193.54699707	-7.49626302719
1194.30615234	0.872470736504
1195.06542969	1.80921304226
1195.82458496	8.45126247406
1196.58374023	-3.16059446335
1197.34289551	-1.69350230694
1198.10205078	-4.17309617996
1198.86120605	4.41304540634
1199.62036133	14.9184370041
1200.37963867	3.52369737625
1201.13879395	12.8980617523
1201.89794922	6.14762449265
1202.65710449	11.1307077408
1203.41625977	11.6666173935
1204.17541504	10.1964225769
1204.93457031	8.10730171204
1205.69384766	17.1203384399
1206.45300293	10.7413911819
1207.2121582	12.0727415085
1207.97131348	10.0582351685
1208.73046875	6.22508049011
1209.48962402	6.57901334763
1210.2487793	-0.653754293919
1211.00805664	1.23013162613
1211.76721191	10.2314949036
1212.52636719	7.77341604233
1213.28552246	16.7428588867
1214.04467773	18.4210090637
1214.80383301	14.4249973297
1215.56311035	18.7699127197
1216.32226563	16.1224422455
1217.0814209	13.0321455002
1217.84057617	11.0744943619
1218.59973145	19.5461025238
1219.35888672	35.1970939636
1220.11804199	34.4989624023
1220.87731934	23.2830562592
1221.63647461	19.4340171814
1222.39562988	21.2180347443
1223.15478516	26.4701919556
1223.91394043	33.8791313171
1224.6730957	28.8171405792
1225.43225098	21.4022445679
1226.19152832	23.0740642548
1226.95068359	23.337726593
1227.70983887	24.057352066
1228.46899414	30.7315044403
1229.22814941	27.834400177
1229.98730469	37.7246780396
1230.74645996	33.8029174805
1231.5057373	28.9248695374
1232.26489258	52.7737541199
1233.02404785	44.8818969727
1233.78320313	56.5172615051
1234.5423584	41.587474823
1235.30151367	44.5679626465
1236.06079102	48.3849563599
1236.81994629	41.6083030701
1237.57910156	48.0598602295
1238.33825684	46.3182754517
1239.09741211	65.3439331055
1239.85656738	65.2541503906
1240.61572266	56.4326553345
1241.375	47.8160057068
1242.13415527	50.4407844543
1242.89331055	55.5002212524
1243.65246582	71.1197052002
1244.41162109	59.4148750305
1245.17077637	67.9024581909
1245.92993164	73.1397399902
1246.68920898	71.7658309937
1247.44836426	75.031211853
1248.20751953	69.9969482422
1248.9666748	83.4233169556
1249.72583008	63.01795578
1250.48498535	74.1577606201
1251.24414063	93.7792892456
1252.00341797	93.7627944946
1252.76257324	83.6293182373
1253.52172852	98.2882003784
1254.28088379	73.559753418
1255.04003906	81.2933654785
1255.79919434	84.9211807251
1256.55847168	92.056854248
1257.31762695	100.253204346
1258.07678223	94.4330215454
1258.8359375	109.328933716
1259.59509277	93.4816741943
1260.35424805	111.223960876
1261.11340332	97.4404296875
1261.87268066	111.366714478
1262.63183594	113.771629333
1263.39099121	116.200073242
1264.15014648	119.178688049
1264.90930176	128.764663696
1265.66845703	128.433914185
1266.4276123	135.931564331
1267.18688965	136.197250366
1267.94604492	134.827316284
1268.7052002	142.852554321
1269.46435547	145.964019775
1270.22351074	135.799133301
1270.98266602	157.367706299
1271.74182129	149.376693726
1272.50109863	165.743530273
1273.26025391	164.828125
1274.01940918	140.916366577
1274.77856445	155.789230347
1275.53771973	167.782592773
1276.296875	162.800811768
1277.05615234	177.665298462
1277.81530762	188.675720215
1278.57446289	197.356811523
1279.33361816	173.894012451
1280.09277344	184.287826538
1280.85192871	189.019790649
1281.61108398	197.700454712
1282.37036133	204.824142456
1283.1295166	207.427658081
1283.88867188	201.171920776
1284.64782715	213.814971924
1285.40698242	201.235748291
1286.1661377	226.011047363
1286.92529297	228.298538208
1287.68457031	223.596466064
1288.44372559	225.022247314
1289.20288086	237.808792114
1289.96203613	258.133270264
1290.72119141	267.050384521
1291.48034668	264.319702148
1292.23950195	265.933654785
1292.9987793	280.786804199
1293.75793457	268.808319092
1294.51708984	272.095275879
1295.27624512	299.56137085
1296.03540039	312.995788574
1296.79455566	308.41015625
1297.55383301	320.12322998
1298.31298828	316.130218506
1299.07214355	332.867584229
1299.83129883	348.814331055
1300.5904541	335.455108643
1301.34960938	356.288818359
1302.10876465	380.294403076
1302.86804199	379.588989258
1303.62719727	377.186798096
1304.38635254	396.443237305
1305.14550781	388.62286377
1305.90466309	400.243377686
1306.66381836	405.358703613
1307.42297363	420.955169678
1308.18225098	428.310546875
1308.94140625	450.919036865
1309.70056152	446.087768555
1310.4597168	451.11227417
1311.21887207	480.468811035
1311.97802734	474.65802002
1312.73718262	488.375274658
1313.49645996	477.585113525
1314.25561523	501.084625244
1315.01477051	536.638977051
1315.77392578	515.565063477
1316.53308105	521.765014648
1317.29223633	577.025390625
1318.05151367	566.034423828
1318.81066895	580.726745605
1319.56982422	620.048522949
1320.32897949	611.986083984
1321.08813477	611.108825684
1321.84729004	611.429321289
1322.60644531	627.055908203
1323.36572266	644.193237305
1324.12487793	662.025268555
1324.8840332	685.043762207
1325.64318848	670.277954102
1326.40234375	697.74407959
1327.16149902	714.936401367
1327.9206543	705.794189453
1328.67993164	738.018676758
1329.43908691	734.079406738
1330.19824219	765.888061523
1330.95739746	755.219970703
1331.71655273	762.947753906
1332.47570801	768.559631348
1333.23486328	779.154602051
1333.99414063	811.929016113
1334.7532959	785.681335449
1335.51245117	812.356445313
1336.27160645	784.361816406
1337.03076172	802.047302246
1337.78991699	806.844848633
1338.54919434	815.353088379
1339.30834961	808.397521973
1340.06750488	801.345825195
1340.82666016	826.644226074
1341.58581543	806.838928223
1342.3449707	811.01940918
1343.10412598	807.758544922
1343.86340332	813.557006836
1344.62255859	805.287109375
1345.38171387	789.335632324
1346.14086914	800.753479004
1346.90002441	781.556762695
1347.65917969	777.227355957
1348.41833496	751.06451416
1349.1776123	751.421936035
1349.93676758	769.401306152
1350.69592285	748.639160156
1351.45507813	762.90625
1352.2142334	729.078735352
1352.97338867	733.14666748
1353.73254395	716.05078125
1354.49182129	705.977966309
1355.25097656	703.431030273
1356.01013184	678.143981934
1356.76928711	672.03894043
1357.52844238	655.938537598
1358.28759766	632.409118652
1359.046875	622.987976074
1359.80603027	617.237731934
1360.56518555	607.044677734
1361.32434082	597.041503906
1362.08349609	589.654663086
1362.84265137	573.061645508
1363.60180664	554.852661133
1364.36108398	548.700622559
1365.12023926	554.23425293
1365.87939453	535.203369141
1366.6385498	519.236022949
1367.39770508	506.231506348
1368.15686035	494.040924072
1368.91601563	485.062011719
1369.67529297	472.547149658
1370.43444824	460.346191406
1371.19360352	459.012908936
1371.95275879	451.999816895
1372.71191406	436.188537598
1373.47106934	417.627288818
1374.23022461	424.486877441
1374.98950195	415.984710693
1375.74865723	394.920837402
1376.5078125	382.10055542
1377.26696777	386.827514648
1378.02612305	377.388214111
1378.78527832	362.858093262
1379.54455566	350.547088623
1380.30371094	337.657592773
1381.06286621	325.374847412
1381.82202148	307.571014404
1382.58117676	298.189025879
1383.34033203	293.791168213
1384.0994873	299.497436523
1384.85876465	294.68850708
1385.61791992	295.421264648
1386.3770752	274.950958252
1387.13623047	245.941421509
1387.89538574	244.620285034
1388.65454102	255.706497192
1389.41369629	259.034301758
1390.17297363	256.791107178
1390.93212891	216.478988647
1391.69128418	238.698883057
1392.45043945	237.310546875
1393.20959473	222.061141968
1393.96875	219.30897522
1394.72790527	201.866409302
1395.48718262	202.467514038
1396.24633789	203.778366089
1397.00549316	194.21156311
1397.76464844	171.808441162
1398.52380371	181.01965332
1399.28295898	171.477294922
1400.04223633	156.672515869
1400.8013916	173.195648193
1401.56054688	155.942474365
1402.31970215	156.168228149
1403.07885742	124.700088501
1403.8380127	140.908554077
1404.59716797	140.906738281
1405.35644531	131.084732056
1406.11560059	115.588829041
1406.87475586	113.330993652
1407.63391113	116.081542969
1408.39306641	116.272468567
1409.15222168	96.4860687256
1409.91137695	97.6620941162
1410.6706543	103.154060364
1411.42980957	109.289199829
1412.18896484	103.215560913
1412.94812012	84.521232605
1413.70727539	83.4186096191
1414.46643066	97.0088272095
1415.22558594	87.9191055298
1415.98486328	77.3950195313
1416.74401855	81.7691726685
1417.50317383	71.7956619263
1418.2623291	71.3546905518
1419.02148438	65.4941329956
1419.78063965	60.8682518005
1420.53991699	69.3291168213
1421.29907227	69.0458297729
1422.05822754	52.2900657654
1422.81738281	62.7015075684
1423.57653809	67.9249954224
1424.33569336	63.8446464539
1425.09484863	49.1997261047
1425.85412598	47.2237625122
1426.61328125	61.8911247253
1427.37243652	35.3540229797
1428.1315918	53.2742843628
1428.89074707	42.6482849121
1429.64990234	47.0283546448
1430.40905762	38.505531311
1431.16833496	44.9479675293
1431.92749023	23.2980384827
1432.68664551	34.4582328796
1433.44580078	32.4667205811
1434.20495605	38.8030891418
1434.96411133	28.5528812408
1435.7232666	47.1738586426
1436.48254395	39.4872627258
1437.24169922	19.0860557556
1438.00085449	22.6543903351
1438.76000977	33.575843811
1439.51916504	13.2968559265
1440.27832031	24.3932971954
1441.03759766	29.6298599243
1441.79675293	12.2707033157
1442.5559082	12.5152463913
1443.31506348	29.9725265503
1444.07421875	22.2030925751
1444.83337402	11.3103666306
1445.5925293	12.7425928116
1446.35180664	9.27508354187
1447.11096191	11.7209815979
1447.87011719	5.9333281517
1448.62927246	0.412917226553
1449.38842773	4.82121706009
1450.14758301	8.89940834045
1450.90673828	3.04150366783
1451.66601563	4.48555517197
1452.4251709	4.36141490936
1453.18432617	-0.0338739976287
1453.94348145	1.64533054829
1454.70263672	2.16257834435
1455.46179199	8.99589633942
1456.22094727	-5.1338891983
1456.98022461	4.66624116898
1457.73937988	2.16682624817
1458.49853516	-12.4998550415
1459.25769043	-0.111330859363
1460.0168457	-12.42324543
1460.77600098	-22.2015914917
1461.53515625	-9.23079109192
1462.29443359	-0.0731904730201
1463.05358887	-1.27080607414
1463.81274414	1.32924687862
1464.57189941	-1.61958944798
1465.33105469	7.66128015518
1466.09020996	12.4394340515
1466.8494873	9.80587863922
1467.60864258	-0.930951535702
1468.36779785	2.73685026169
1469.12695313	-2.91022801399
1469.8861084	-12.4970645905
1470.64526367	-6.21167850494
1471.40441895	9.7922744751
1472.16369629	18.5518169403
1472.92285156	17.8873119354
1473.68200684	14.1155700684
1474.44116211	11.1530923843
1475.20031738	10.3237018585
1475.95947266	17.2523384094
1476.71862793	6.52338027954
1477.47790527	10.5573673248
1478.23706055	10.9106855392
1478.99621582	25.7068748474
1479.75537109	19.6197338104
1480.51452637	19.0053386688
1481.27368164	28.5129547119
1482.03283691	7.73699998856
1482.79211426	32.0227584839
1483.55126953	19.1048660278
1484.3104248	22.3691940308
1485.06958008	24.899515152
1485.82873535	18.0644779205
1486.58789063	28.7476005554
1487.34716797	27.4422016144
1488.10632324	30.6922779083
1488.86547852	28.2072792053
1489.62463379	30.0642585754
1490.38378906	39.4968338013
1491.14294434	48.6426010132
1491.90209961	50.9591445923
1492.66137695	41.7589416504
1493.42053223	40.8050079346
1494.1796875	45.2036437988
1494.93884277	45.2440643311
1495.69799805	56.4454689026
1496.45715332	51.6735725403
1497.21630859	59.8574867249
1497.97558594	50.8507041931
1498.73474121	49.889995575
1499.49389648	49.9284629822
1500.25305176	54.0782279968
1501.01220703	56.4984436035
1501.7713623	57.1104888916
1502.53051758	85.6738891602
1503.28979492	68.7747116089
1504.0489502	78.5854568481
1504.80810547	79.7902450562
1505.56726074	81.1122817993
1506.32641602	83.8705673218
1507.08557129	78.7291717529
1507.84484863	84.2713623047
1508.60400391	78.4389190674
1509.36315918	71.9548721313
1510.12231445	82.3797531128
1510.88146973	102.749610901
1511.640625	98.982963562
1512.39978027	91.0213394165
1513.15905762	88.8117675781
1513.91821289	108.810195923
1514.67736816	115.255371094
1515.43652344	110.632339478
1516.19567871	114.478546143
1516.95483398	115.591415405
1517.71398926	111.921943665
1518.4732666	128.854766846
1519.23242188	126.233650208
1519.99157715	136.070953369
1520.75073242	153.005630493
1521.5098877	135.847503662
1522.26904297	134.383560181
1523.02819824	143.109405518
1523.78747559	144.11869812
1524.54663086	155.837997437
1525.30578613	155.274841309
1526.06494141	180.871994019
1526.82409668	168.89239502
1527.58325195	173.945358276
1528.3425293	204.12008667
1529.10168457	188.418655396
1529.86083984	189.605926514
1530.61999512	214.675430298
1531.37915039	225.454559326
1532.13830566	216.891311646
1532.89746094	232.091445923
1533.65673828	248.960754395
1534.41589355	249.511520386
1535.17504883	265.253601074
1535.9342041	257.834472656
1536.69335938	266.10534668
1537.45251465	272.21661377
1538.21166992	264.997070313
1538.97094727	270.476165771
1539.73010254	306.76373291
1540.48925781	304.361358643
1541.24841309	317.953887939
1542.00756836	332.227539063
1542.76672363	339.978302002
1543.52587891	357.223052979
1544.28515625	357.826812744
1545.04431152	374.169830322
1545.8034668	380.094177246
1546.56262207	393.641601563
1547.32177734	408.730804443
1548.08093262	420.726043701
1548.84020996	434.582366943
1549.59936523	449.845397949
1550.35852051	467.59564209
1551.11767578	481.410675049
1551.87683105	478.245269775
1552.63598633	482.682128906
1553.3951416	514.338012695
1554.15441895	514.84185791
1554.91357422	543.822814941
1555.67272949	567.260253906
1556.43188477	588.436767578
1557.19104004	599.785705566
1557.95019531	614.126586914
1558.70935059	607.77734375
1559.46862793	642.190368652
1560.2277832	641.866638184
1560.98693848	671.768859863
1561.74609375	673.991333008
1562.50524902	687.171142578
1563.2644043	694.140930176
1564.02355957	690.605102539
1564.78283691	725.499938965
1565.54199219	747.42401123
1566.30114746	752.857116699
1567.06030273	778.507263184
1567.81945801	790.364685059
1568.57861328	802.82989502
1569.33789063	814.011108398
1570.0970459	805.833068848
1570.85620117	820.475830078
1571.61535645	848.440307617
1572.37451172	866.976928711
1573.13366699	859.639038086
1573.89282227	865.657775879
1574.65209961	877.794494629
1575.41125488	888.653320313
1576.17041016	876.072875977
1576.92956543	896.496704102
1577.6887207	896.329284668
1578.44787598	910.07220459
1579.20703125	906.830627441
1579.96630859	910.852783203
1580.72546387	904.052001953
1581.48461914	894.963745117
1582.24377441	897.186096191
1583.00292969	901.847717285
1583.76208496	910.848327637
1584.52124023	880.400268555
1585.28051758	904.054077148
1586.03967285	904.391662598
1586.79882813	876.335632324
1587.5579834	902.217468262
1588.31713867	910.334411621
1589.07629395	893.834472656
1589.83557129	887.315002441
1590.59472656	897.561828613
1591.35388184	880.718811035
1592.11303711	880.99810791
1592.87219238	878.462768555
1593.63134766	869.316040039
1594.39050293	871.391967773
1595.14978027	857.713317871
1595.90893555	837.7890625
1596.66809082	823.967590332
1597.42724609	824.359619141
1598.18640137	827.091674805
1598.94555664	810.420776367
1599.70471191	808.492370605
1600.46398926	899.120666504
1601.22314453	705.141052246
1601.9822998	795.338806152
1602.74145508	783.119384766
1603.50061035	765.627441406
1604.25976563	765.040344238
1605.0189209	757.288391113
1605.77819824	751.20513916
1606.53735352	752.269958496
1607.29650879	736.891723633
1608.05566406	719.155822754
1608.81481934	712.645324707
1609.57397461	720.490112305
1610.33325195	706.464111328
1611.09240723	679.590942383
1611.8515625	666.213867188
1612.61071777	666.911560059
1613.36987305	652.072937012
1614.12902832	629.515441895
1614.88818359	628.875732422
1615.64746094	606.5078125
1616.40661621	593.613464355
1617.16577148	582.765319824
1617.92492676	555.732055664
1618.68408203	542.572143555
1619.4432373	529.385986328
1620.20239258	513.024169922
1620.96166992	503.236083984
1621.7208252	499.299621582
1622.47998047	480.280609131
1623.23913574	473.942962646
1623.99829102	440.125854492
1624.75744629	425.634674072
1625.51660156	416.457489014
1626.27587891	395.851898193
1627.03503418	389.924285889
1627.79418945	367.818267822
1628.55334473	369.587524414
1629.3125	355.158294678
1630.07165527	348.586425781
1630.83093262	330.751098633
1631.59008789	305.610595703
1632.34924316	297.845703125
1633.10839844	295.545837402
1633.86755371	270.815856934
1634.62670898	270.974822998
1635.38586426	251.21232605
1636.1451416	245.177825928
1636.90429688	243.111099243
1637.66345215	234.350372314
1638.42260742	239.193099976
1639.1817627	218.814453125
1639.94091797	200.09425354
1640.70007324	187.840301514
1641.45935059	187.292480469
1642.21850586	185.587600708
1642.97766113	173.252166748
1643.73681641	149.455169678
1644.49597168	155.854431152
1645.25512695	151.654312134
1646.01428223	144.460678101
1646.77355957	142.042755127
1647.53271484	136.252990723
1648.29187012	121.973899841
1649.05102539	119.520622253
1649.81018066	116.098419189
1650.56933594	112.721099854
1651.32861328	100.985595703
1652.08776855	97.4910049438
1652.84692383	93.0094680786
1653.6060791	89.0236129761
1654.36523438	88.294303894
1655.12438965	87.0534591675
1655.88354492	74.4189682007
1656.64282227	70.2014770508
1657.40197754	64.2332458496
1658.16113281	66.8500976563
1658.92028809	65.4184570313
1659.67944336	61.7502479553
1660.43859863	67.2333602905
1661.19775391	68.0951766968
1661.95703125	62.258846283
1662.71618652	55.124294281
1663.4753418	53.286605835
1664.23449707	41.6037445068
1664.99365234	45.4543457031
1665.75280762	43.9158325195
1666.51196289	38.3382225037
1667.27124023	37.2301025391
1668.03039551	42.4290313721
1668.78955078	33.3234596252
1669.54870605	27.644733429
1670.30786133	22.2419261932
1671.0670166	29.7988872528
1671.82629395	26.7202644348
1672.58544922	20.8795223236
1673.34460449	17.6817684174
1674.10375977	19.8859634399
1674.86291504	18.3776245117
1675.62207031	14.6188821793
1676.38122559	12.1297330856
1677.14050293	16.2968063354
1677.8996582	9.94494056702
1678.65881348	8.78148174286
1679.41796875	12.0264167786
1680.17712402	13.9748125076
1680.9362793	15.010641098
1681.69543457	10.4818563461
1682.45471191	4.46099185944
1683.21386719	4.15810585022
1683.97302246	2.65790462494
1684.73217773	5.91051483154
1685.49133301	9.22687244415
1686.25048828	8.00301170349
1687.00964355	7.9400510788
1687.7689209	1.35756790638
1688.52807617	-0.158254414797
1689.28723145	5.24243879318
1690.04638672	0.824882805347
1690.80554199	2.19003820419
1691.56469727	8.17615318298
1692.32397461	1.54232442379
1693.08312988	9.80834674835
1693.84228516	6.85954618454
1694.60144043	-5.04587554932
1695.3605957	0.577598690987
1696.11975098	3.92557954788
1696.87890625	2.85168147087
1697.63818359	4.95460414886
1698.39733887	8.09450054169
1699.15649414	0.949924111366
1699.91564941	7.68083953857
1700.67480469	10.6593399048
1701.43395996	0.88335865736
1702.19311523	1.95425128937
1702.95239258	-3.50672793388
1703.71154785	0.12793302536
1704.47070313	-4.77367591858
1705.2298584	-2.37876105309
1705.98901367	-1.18211889267
1706.74816895	1.47105109692
1707.50732422	-2.40701365471
1708.26660156	-5.95214509964
1709.02575684	-0.0350592546165
1709.78491211	0.636451780796
1710.54406738	-7.15648412704
1711.30322266	-1.43731999397
1712.06237793	-0.789414346218
1712.82165527	1.19213986397
1713.58081055	5.55159330368
1714.33996582	-2.33625221252
1715.09912109	1.14012932777
1715.85827637	-1.45140588284
1716.61743164	4.42014789581
1717.37658691	4.70736646652
1718.13586426	0.874942243099
1718.89501953	-1.40348267555
1719.6541748	0.355354428291
1720.41333008	-0.496266871691
1721.17248535	3.38547968864
1721.93164063	0.00884930416942
1722.6907959	-0.529875278473
1723.45007324	2.54017996788
1724.20922852	-2.91695594788
1724.96838379	-0.049338966608
1725.72753906	1.29746508598
1726.48669434	0.726025640965
1727.24584961	1.73866212368
1728.00500488	3.84744429588
1728.76428223	-0.678233265877
1729.5234375	5.94693756104
1730.28259277	6.66182947159
1731.04174805	8.8865480423
1731.80090332	6.74531459808
1732.56005859	8.44436836243
1733.31921387	7.05813980103
1734.07849121	4.69099998474
1734.83764648	2.39803361893
1735.59680176	3.7745616436
1736.35595703	7.03545856476
1737.1151123	10.8110647202
1737.87426758	5.91851997375
1738.63354492	6.28955554962
1739.3927002	7.54306745529
1740.15185547	9.66973400116
1740.91101074	5.42068099976
1741.67016602	6.90388011932
1742.42932129	7.62489461899
1743.18847656	6.80532026291
1743.94775391	8.87857246399
1744.70690918	4.88797807693
1745.46606445	7.42318582535
1746.22521973	5.72893238068
1746.984375	-2.56541132927
1747.74353027	1.57846188545
1748.50268555	8.4580450058
1749.26196289	10.0650663376
1750.02111816	8.19258880615
1750.78027344	3.63194131851
1751.53942871	6.26981019974
1752.29858398	2.87295055389
1753.05773926	1.37710678577
1753.81689453	6.59183454514
1754.57617188	0.371034651995
1755.33532715	2.7398455143
1756.09448242	4.48327493668
1756.8536377	5.65243959427
1757.61279297	-3.45268702507
1758.37194824	-5.4909734726
1759.13122559	0.345103979111
1759.89038086	0.618181169033
1760.64953613	7.19403839111
1761.40869141	-2.21673750877
1762.16784668	-4.47640514374
1762.92700195	-4.19160938263
1763.68615723	2.93270969391
1764.44543457	2.11713767052
1765.20458984	-3.52113938332
1765.96374512	-3.19338226318
1766.72290039	-0.377961903811
1767.48205566	0.24199333787
1768.24121094	0.295099824667
1769.00036621	-5.00986337662
1769.75964355	4.09057188034
1770.51879883	-6.84454917908
1771.2779541	-1.89377605915
1772.03710938	5.20615959167
1772.79626465	0.106067955494
1773.55541992	0.439066410065
1774.3145752	4.70224046707
1775.07385254	5.10729551315
1775.83300781	-1.0047134161
1776.59216309	-2.56898522377
1777.35131836	4.10015678406
1778.11047363	3.08954262733
1778.86962891	-1.06244432926
1779.62890625	-1.45783507824
1780.38806152	-3.40991663933
1781.1472168	-8.26759910583
1781.90637207	-11.2009658813
1782.66552734	-4.54364204407
1783.42468262	2.8108253479
1784.18383789	-2.46108794212
1784.94311523	-4.67129039764
1785.70227051	-6.17758655548
1786.46142578	-9.83608055115
1787.22058105	-3.882553339
1787.97973633	2.27142119408
1788.7388916	-4.90221452713
1789.49804688	-10.5665569305
1790.25732422	-3.83711862564
1791.01647949	-7.17055892944
1791.77563477	-4.00008535385
1792.53479004	-12.130988121
1793.29394531	-8.22429275513
1794.05310059	-3.81723237038
1794.81225586	-15.8191146851
1795.5715332	-11.7131729126
1796.33068848	-12.454832077
1797.08984375	-8.68123149872
1797.84899902	-9.54147434235
1798.6081543	-9.46085166931
1799.36730957	-6.25658035278
1800.12658691	-12.6701469421
1800.88574219	-11.9226474762
1801.64489746	-4.67285108566
1802.40405273	-1.59267902374
1803.16320801	-7.43633508682
1803.92236328	-5.81049346924
1804.68151855	-11.0198869705
1805.4407959	-3.88416099548
1806.19995117	-1.04738199711
1806.95910645	0.373801112175
1807.71826172	1.9987500906
1808.47741699	-6.33003616333
1809.23657227	-16.5053119659
1809.99572754	-7.00884914398
1810.75500488	-5.86644697189
1811.51416016	-8.23164081573
1812.27331543	-4.77351665497
1813.0324707	-0.783737540245
1813.79162598	-8.64996910095
1814.55078125	-8.47777843475
1815.30993652	0.177809715271
1816.06921387	-2.93502187729
1816.82836914	-7.96428585052
1817.58752441	-8.48319721222
1818.34667969	-18.4071063995
1819.10583496	-8.96317958832
1819.86499023	-5.44403553009
1820.62426758	-15.1005916595
1821.38342285	-10.6859464645
1822.14257813	-3.05031657219
1822.9017334	-5.46040153503
1823.66088867	-17.1619682312
1824.42004395	-12.1067438126
1825.17919922	-9.23605251312
1825.93847656	-6.70858669281
1826.69763184	-9.12669849396
1827.45678711	-11.8605365753
1828.21594238	-7.26078033447
1828.97509766	-7.55813360214
1829.73425293	5.27414417267
1830.4934082	-3.11717271805
1831.25268555	-3.30629062653
1832.01184082	-13.9244289398
1832.77099609	-7.06225204468
1833.53015137	-14.2367954254
1834.28930664	-9.52198696136
1835.04846191	-12.059132576
1835.80761719	-8.654504776
1836.56689453	-11.5155744553
1837.3260498	-13.3675994873
1838.08520508	-3.24999022484
1838.84436035	-11.2507734299
1839.60351563	-3.19696116447
1840.3626709	-10.3834896088
1841.12194824	-12.4970617294
1841.88110352	-7.55695009232
1842.64025879	-3.80155348778
1843.39941406	-5.78794813156
1844.15856934	-10.5357866287
1844.91772461	-12.3987064362
1845.67687988	-11.7343826294
1846.43615723	-13.8290786743
1847.1953125	-7.56763267517
1847.95446777	-4.40039396286
1848.71362305	-10.0812311172
1849.47277832	-2.62681436539
1850.23193359	1.05363833904
1850.99108887	-6.55848073959
1851.75036621	-11.7659778595
1852.50952148	-20.0397796631
1853.26867676	-16.6700572968
1854.02783203	-4.7748131752
1854.7869873	-2.71938347816
1855.54614258	-3.50652861595
1856.30529785	-4.03773069382
1857.0645752	-6.98151779175
1857.82373047	-8.46012973785
1858.58288574	-3.40508937836
1859.34204102	-6.71551942825
1860.10119629	-14.3850421906
1860.86035156	-7.49035596848
1861.61962891	-9.90135955811
1862.37878418	-9.13117027283
1863.13793945	-10.4590177536
1863.89709473	-8.95488834381
1864.65625	-9.74431419373
1865.41540527	-2.86961722374
1866.17456055	5.44308376312
1866.93383789	-7.84877157211
1867.69299316	-8.83866024017
1868.45214844	-10.0582780838
1869.21130371	-9.48336219788
1869.97045898	-11.9967422485
1870.72961426	-16.249212265
1871.48876953	-7.53171825409
1872.24804688	-9.49464702606
1873.00720215	-6.50831699371
1873.76635742	-12.2826595306
1874.5255127	-10.0202522278
1875.28466797	-11.6653604507
1876.04382324	-8.80927181244
1876.80297852	-4.25128602982
1877.56225586	-6.57349872589
1878.32141113	-15.9208402634
1879.08056641	-14.55078125
1879.83972168	-12.9260082245
1880.59887695	-10.6642332077
1881.35803223	-16.435546875
1882.11730957	-12.3791284561
1882.87646484	-2.52069735527
1883.63562012	-12.5467033386
1884.39477539	-6.26700019836
1885.15393066	-8.39826107025
1885.91308594	-11.0788469315
1886.67224121	-12.2998523712
1887.43151855	-13.8447904587
1888.19067383	-11.0662078857
1888.9498291	-5.12295341492
1889.70898438	-5.45504331589
1890.46813965	-8.08741855621
1891.22729492	-7.88175058365
1891.9864502	-8.96464157104
1892.74572754	-10.5310106277
1893.50488281	-7.46175575256
1894.26403809	-4.16099500656
1895.02319336	-7.80453252792
1895.78234863	-8.86393260956
1896.54150391	-6.22366333008
1897.30065918	-11.0019741058
1898.05993652	-6.71909952164
1898.8190918	-15.7753410339
1899.57824707	-14.4850244522
1900.33740234	-8.70651912689
1901.09655762	-11.2887077332
1901.85571289	-9.50568580627
1902.61499023	-14.2479419708
1903.37414551	-10.0940246582
1904.13330078	-19.2210903168
1904.89245605	-17.2922458649
1905.65161133	-9.85135746002
1906.4107666	-4.32633018494
1907.16992188	-7.0055346489
1907.92919922	-8.77802658081
1908.68835449	-7.42633962631
1909.44750977	-4.37242794037
1910.20666504	-9.04818439484
1910.96582031	-10.4204502106
1911.72497559	-15.6765518188
1912.48413086	-15.2704057693
1913.2434082	-16.3436183929
1914.00256348	-19.1647758484
1914.76171875	-9.46890354156
1915.52087402	-17.2284526825
1916.2800293	-16.6487083435
1917.03918457	-11.1495227814
1917.79833984	-7.64356136322
1918.55761719	-6.72714185715
1919.31677246	-14.5277757645
1920.07592773	-11.0640287399
1920.83508301	-6.78870439529
1921.59423828	-13.2832927704
1922.35339355	-15.4833936691
1923.1126709	-11.9745674133
1923.87182617	-12.3903436661
1924.63098145	-14.5086126328
1925.39013672	-12.643863678
1926.14929199	-14.7993564606
1926.90844727	-7.47467756271
1927.66760254	-6.41196918488
1928.42687988	-6.59290838242
1929.18603516	-7.61435985565
1929.94519043	-10.1180963516
1930.7043457	-9.76585197449
1931.46350098	-10.932094574
1932.22265625	-1.42965781689
1932.98181152	-9.63149166107
1933.74108887	-16.0273284912
1934.50024414	-16.466709137
1935.25939941	-10.122964859
1936.01855469	-3.89264631271
1936.77770996	-8.62303638458
1937.53686523	-15.2269010544
1938.29602051	-7.35205888748
1939.05529785	-8.19349765778
1939.81445313	-6.76032114029
1940.5736084	-14.8490562439
1941.33276367	-13.2911157608
1942.09191895	-11.9279470444
1942.85107422	-6.6300702095
1943.61035156	-12.4516191483
1944.36950684	-11.1379718781
1945.12866211	-7.53404998779
1945.88781738	-9.81085777283
1946.64697266	-6.92131328583
1947.40612793	-1.52983129025
1948.1652832	-4.80904960632
1948.92456055	-7.66118383408
1949.68371582	-8.86703491211
1950.44287109	-16.3433551788
1951.20202637	-11.5994319916
1951.96118164	-5.95410966873
1952.72033691	-3.03717327118
1953.47949219	-5.96833610535
1954.23876953	-10.3402929306
1954.9979248	-3.66143989563
1955.75708008	-6.24839448929
1956.51623535	-2.15666913986
1957.27539063	-14.7536945343
1958.0345459	-5.027592659
1958.79370117	-10.0847167969
1959.55297852	-11.3765726089
1960.31213379	-7.81965970993
1961.07128906	-15.2554302216
1961.83044434	-8.31292057037
1962.58959961	-5.0450091362
1963.34875488	-11.4600439072
1964.10803223	-11.5319824219
1964.8671875	0.251500636339
1965.62634277	-7.05436420441
1966.38549805	-9.82244110107
1967.14465332	-2.17759203911
1967.90380859	-5.12089300156
1968.66296387	-8.32958984375
1969.42224121	-9.32217502594
1970.18139648	-3.81287741661
1970.94055176	-12.7683019638
1971.69970703	-8.19046115875
1972.4588623	-12.5710945129
1973.21801758	-4.4577627182
1973.97717285	-4.69983053207
1974.7364502	-8.2275724411
1975.49560547	-10.6125774384
1976.25476074	-9.47203826904
1977.01391602	-11.0403547287
1977.77307129	-8.91570091248
1978.53222656	-12.5447702408
1979.29138184	-1.40918278694
1980.05065918	-3.33388948441
1980.80981445	-6.31331539154
1981.56896973	-10.1641635895
1982.328125	-7.63811159134
1983.08728027	-6.96049451828
1983.84643555	-12.0813999176
1984.60559082	-0.713711559772
1985.36486816	-15.1180477142
1986.12402344	-12.2484893799
1986.88317871	-1.2929033041
1987.64233398	-1.46505558491
1988.40148926	2.2646548748
1989.16064453	3.68141555786
1989.91992188	-9.0188035965
1990.67907715	-6.55512952805
1991.43823242	-8.26805305481
1992.1973877	-11.9932756424
1992.95654297	-13.5802907944
1993.71569824	-5.12852716446
1994.47485352	-8.98767566681
1995.23413086	-7.66709756851
1995.99328613	-6.02334737778
1996.75244141	-5.44241714478
1997.51159668	-4.80377054214
1998.27075195	-1.17859780788
1999.02990723	-2.54318642616
1999.7890625	-3.81558895111
2000.54833984	0.429321169853
2001.30749512	1.71653473377
2002.06665039	-1.8928886652
2002.82580566	-7.64289903641
2003.58496094	-5.57080364227
2004.34411621	0.163477033377
2005.10327148	0.823630869389
2005.86254883	-1.6887909174
2006.6217041	-1.71391713619
2007.38085938	-3.41322994232
2008.14001465	3.081823349
2008.89916992	-1.48883497715
2009.6583252	-10.5909795761
2010.41760254	-6.02506303787
2011.17675781	-1.47262120247
2011.93591309	-5.35801506042
2012.69506836	-0.616173505783
2013.45422363	3.51897859573
2014.21337891	-2.45044541359
2014.97253418	2.89263820648
2015.73181152	-6.1878528595
2016.4909668	1.72161400318
2017.25012207	0.878296256065
2018.00927734	-0.585695624352
2018.76843262	-4.04713916779
2019.52758789	-4.61538696289
2020.28674316	-1.53287756443
2021.04602051	0.818157434464
2021.80517578	4.35871267319
2022.56433105	-7.92888736725
2023.32348633	-0.235660508275
2024.0826416	7.11849308014
2024.84179688	3.29851388931
2025.60095215	-1.80328011513
2026.36022949	1.00750219822
2027.11938477	-1.86476147175
2027.87854004	-1.47638213634
2028.63769531	-3.17926549911
2029.39685059	12.0232162476
2030.15600586	-1.89715111256
2030.9152832	0.0879934728146
2031.67443848	0.806000769138
2032.43359375	0.381269752979
2033.19274902	1.50207102299
2033.9519043	14.7446146011
2034.71105957	2.6305065155
2035.47021484	-6.40952730179
2036.22949219	2.25899720192
2036.98864746	-0.368752002716
2037.74780273	-4.11477994919
2038.50695801	6.05175971985
2039.26611328	0.176581576467
2040.02526855	-5.09817838669
2040.78442383	-2.28055405617
2041.54370117	-4.87190198898
2042.30285645	-0.165330991149
2043.06201172	1.00020134449
2043.82116699	6.28456926346
2044.58032227	-2.90136194229
2045.33947754	0.341204494238
2046.09863281	2.11528015137
2046.85791016	6.50573635101
2047.61706543	-0.98346298933
2048.3762207	6.00474691391
2049.13549805	10.1393518448
2049.89453125	10.81042099
2050.65380859	9.69238567352
2051.4128418	6.85569620132
2052.17211914	-3.53501367569
2052.93115234	2.93814945221
2053.69042969	-6.85467576981
2054.44970703	-0.363076299429
2055.20874023	1.33846509457
2055.96801758	2.05648159981
2056.72705078	1.95370948315
2057.48632813	9.95595169067
2058.24536133	-0.225372895598
2059.00463867	0.168859824538
2059.76391602	0.210477173328
2060.52294922	4.39039707184
2061.28222656	8.6234588623
2062.04125977	2.61814427376
2062.80053711	4.93228340149
2063.55957031	0.784002125263
2064.31884766	4.07140779495
2065.078125	3.92473173141
2065.8371582	7.58257198334
2066.59643555	6.99874687195
2067.35546875	4.78832387924
2068.11474609	5.21384477615
2068.8737793	9.97974014282
2069.63305664	5.77481365204
2070.39233398	11.5779209137
2071.15136719	10.7691249847
2071.91064453	7.37698793411
2072.66967773	6.54880523682
2073.42895508	13.583533287
2074.18798828	4.84226465225
2074.94726563	2.46372365952
2075.70654297	9.42398071289
2076.46557617	4.61987686157
2077.22485352	1.28192424774
2077.98388672	4.10185098648
2078.74316406	5.04275274277
2079.50244141	8.12909317017
2080.26147461	8.10284423828
2081.02075195	5.30126857758
2081.77978516	8.11638832092
2082.5390625	5.37684774399
2083.2980957	5.18861865997
2084.05737305	2.45721817017
2084.81665039	9.05296611786
2085.57568359	6.68241739273
2086.33496094	4.15465259552
2087.09399414	2.40834879875
2087.85327148	6.61814069748
2088.61230469	4.09285306931
2089.37158203	5.60743904114
2090.13085938	3.81019687653
2090.88989258	7.82754182816
2091.64916992	4.90693998337
2092.40820313	7.17650508881
2093.16748047	16.3573436737
2093.92651367	10.7864170074
2094.68579102	7.7769780159
2095.44506836	6.02049970627
2096.20410156	4.08912181854
2096.96337891	12.5664920807
2097.72241211	7.67269659042
2098.48168945	6.16398286819
2099.24072266	7.42708587646
2100	12.1177663803
