300	58.211933136
300.759185791	73.9834136963
301.518341064	60.7736320496
302.277526855	61.0977859497
303.036682129	61.0352058411
303.79586792	60.2358398438
304.555053711	62.0874900818
305.314208984	62.7764816284
306.073394775	69.025970459
306.832550049	62.2684631348
307.59173584	67.9652175903
308.350921631	60.5817451477
309.110076904	61.0135536194
309.869262695	67.3896789551
310.628417969	66.1595840454
311.38760376	71.7553329468
312.146759033	73.0039367676
312.905944824	59.5503807068
313.665130615	66.4264144897
314.424285889	67.5736160278
315.18347168	65.3846435547
315.942626953	66.2672424316
316.701812744	65.6682510376
317.460998535	59.9714393616
318.220153809	54.4703979492
318.9793396	57.1078910828
319.738494873	68.8096847534
320.497680664	66.72605896
321.256866455	62.9956665039
322.016021729	65.9582443237
322.77520752	57.3155593872
323.534362793	60.9625434875
324.293548584	62.6557159424
325.052734375	65.2615127563
325.811889648	61.0258560181
326.571075439	55.1063537598
327.330230713	54.909576416
328.089416504	60.2175979614
328.848602295	61.9192237854
329.607757568	67.3129425049
330.366943359	61.8113059998
331.126098633	63.8456954956
331.885284424	60.5923652649
332.644439697	56.6118774414
333.403625488	57.5959587097
334.162811279	61.3776931763
334.921966553	60.7230110168
335.681152344	55.6480407715
336.440307617	50.7761802673
337.199493408	52.9630508423
337.958679199	54.391418457
338.717834473	49.1652374268
339.477020264	44.8595504761
340.236175537	52.4449691772
340.995361328	60.150100708
341.754547119	55.5084037781
342.513702393	53.6547927856
343.272888184	54.7496376038
344.032043457	61.2783203125
344.791229248	59.2451438904
345.550415039	49.2072677612
346.309570313	48.7980079651
347.068756104	51.5997314453
347.827911377	54.8195915222
348.587097168	56.0748214722
349.346252441	58.2650337219
350.105438232	60.4296722412
350.864624023	55.6059684753
351.623779297	48.0315628052
352.382965088	51.2093696594
353.142120361	56.4242553711
353.901306152	67.5158615112
354.660491943	62.1830787659
355.419647217	57.5377388
356.178833008	52.3022422791
356.937988281	55.3752861023
357.697174072	63.5247077942
358.456359863	59.3756103516
359.215515137	52.5545768738
359.974700928	46.1537094116
360.733856201	50.5309333801
361.493041992	52.8629760742
362.252227783	48.4935722351
363.011383057	45.6999969482
363.770568848	48.206287384
364.529724121	48.7372283936
365.288909912	45.5554161072
366.048095703	50.3254890442
366.807250977	49.5328407288
367.566436768	52.0153923035
368.325592041	53.9056510925
369.084777832	55.0434303284
369.843933105	51.3997840881
370.603118896	42.8589286804
371.362304688	52.6797561646
372.121459961	49.329334259
372.880645752	55.0913543701
373.639801025	46.844417572
374.398986816	41.6963882446
375.158172607	44.4094657898
375.917327881	49.8944396973
376.676513672	49.2268333435
377.435668945	36.0924682617
378.194854736	49.8772926331
378.954040527	48.8956756592
379.713195801	52.5804100037
380.472381592	54.3422775269
381.231536865	50.4216651917
381.990722656	45.3999786377
382.749908447	44.5241775513
383.509063721	45.716758728
384.268249512	56.4324798584
385.027404785	40.2461166382
385.786590576	40.5076293945
386.545776367	46.437412262
387.304931641	46.4476623535
388.064117432	42.5261878967
388.823272705	41.3245391846
389.582458496	42.386806488
390.34161377	44.6950454712
391.100799561	44.1979560852
391.859985352	46.0271377563
392.619140625	48.9877052307
393.378326416	49.556350708
394.137481689	42.583026886
394.89666748	36.1256561279
395.655853271	41.9217147827
396.415008545	41.4316558838
397.174194336	44.2366714478
397.933349609	43.9736328125
398.6925354	37.5348510742
399.451721191	32.8841133118
400.210876465	38.1427459717
400.970062256	41.4508094788
401.729217529	35.099609375
402.48840332	42.6307792664
403.247589111	41.2518997192
404.006744385	48.1271705627
404.765930176	44.9927978516
405.525085449	39.7721138
406.28427124	40.9687652588
407.043426514	43.703250885
407.802612305	43.5877990723
408.561798096	44.4509849548
409.320953369	39.6814651489
410.08013916	37.6401939392
410.839294434	33.3722305298
411.598480225	31.8375492096
412.357666016	39.1355323792
413.116821289	42.120059967
413.87600708	40.3766822815
414.635162354	41.7969474792
415.394348145	37.3048362732
416.153533936	39.2380371094
416.912689209	35.2843971252
417.671875	43.6976242065
418.431030273	45.9535255432
419.190216064	45.5347290039
419.949401855	44.0578117371
420.708557129	41.3406295776
421.46774292	40.1668739319
422.226898193	41.6440200806
422.986083984	42.9115867615
423.745269775	34.6758155823
424.504425049	35.726436615
425.26361084	43.3737335205
426.022766113	42.2443504333
426.781951904	37.1273040771
427.541107178	37.78383255
428.300292969	35.0324325562
429.05947876	34.4358978271
429.818634033	29.2849559784
430.577819824	36.9784545898
431.336975098	36.4220581055
432.096160889	33.804069519
432.85534668	32.1994590759
433.614501953	33.529335022
434.373687744	36.7695655823
435.132843018	33.0457611084
435.892028809	28.3345832825
436.6512146	34.7920227051
437.410369873	36.0463066101
438.169555664	31.7252254486
438.928710938	30.370426178
439.687896729	31.5591716766
440.44708252	31.0913333893
441.206237793	28.7894420624
441.965423584	27.1800022125
442.724578857	25.5704555511
443.483764648	25.6723880768
444.242950439	21.5644035339
445.002105713	24.5073108673
445.761291504	31.3096122742
446.520446777	37.0542907715
447.279632568	40.0392341614
448.038787842	40.8208465576
448.797973633	39.6537208557
449.557159424	27.833366394
450.316314697	28.0387687683
451.075500488	20.452507019
451.834655762	21.3002662659
452.593841553	30.1280441284
453.353027344	36.3674430847
454.112182617	35.0927963257
454.871368408	33.6077613831
455.630523682	38.4656677246
456.389709473	23.3047199249
457.148895264	28.9450817108
457.908050537	34.8632926941
458.667236328	30.3890590668
459.426391602	27.5254688263
460.185577393	29.5467586517
460.944763184	31.5757904053
461.703918457	31.7964611053
462.463104248	27.8135910034
463.222259521	24.866941452
463.981445313	32.9100646973
464.740600586	32.1511268616
465.499786377	28.3278884888
466.258972168	26.7541828156
467.018127441	27.5486221313
467.777313232	26.078332901
468.536468506	21.9801025391
469.295654297	27.7611789703
470.054840088	24.8123607635
470.813995361	24.6538410187
471.573181152	26.2864513397
472.332336426	23.2558231354
473.091522217	20.0323314667
473.850708008	18.8193893433
474.609863281	19.5672206879
475.369049072	22.3895339966
476.128204346	25.4795131683
476.887390137	25.199836731
477.646575928	26.9049491882
478.405731201	26.8893432617
479.164916992	18.4468955994
479.924072266	19.5239334106
480.683258057	23.0976753235
481.442443848	24.674161911
482.201599121	27.4606742859
482.960784912	21.0540523529
483.719940186	13.1650733948
484.479125977	22.7114925385
485.23828125	19.5377006531
485.997467041	14.3161525726
486.756652832	10.5283441544
487.515808105	15.9597454071
488.274993896	23.1862506866
489.03414917	19.4479351044
489.793334961	10.1898736954
490.552520752	14.8754463196
491.311676025	14.1478662491
492.070861816	14.9032859802
492.83001709	15.5549478531
493.589202881	20.7780799866
494.348388672	16.4783229828
495.107543945	14.3221549988
495.866729736	14.9978628159
496.62588501	7.52132034302
497.385070801	19.2242641449
498.144256592	15.5912342072
498.903411865	12.8499288559
499.662597656	12.6831760406
500.42175293	8.21169185638
501.180938721	14.852273941
501.940124512	14.2485246658
502.699279785	9.19202613831
503.458465576	11.0410432816
504.21762085	4.52359962463
504.976806641	1.75838923454
505.735961914	7.96927070618
506.495147705	12.2650880814
507.254333496	13.8502197266
508.01348877	13.6236391068
508.772674561	10.5972213745
509.531829834	11.6250734329
510.291015625	13.8546600342
511.050201416	9.22552680969
511.809356689	6.99932050705
512.56854248	1.53682947159
513.327697754	12.2599716187
514.086853027	5.9980134964
514.846069336	11.8377809525
515.605224609	10.6584272385
516.364379883	7.72504377365
517.123596191	5.89823150635
517.882751465	2.54967999458
518.641906738	0.512033998966
519.401123047	3.40514659882
520.16027832	13.6610336304
520.919433594	6.24364995956
521.678588867	5.52837610245
522.437805176	6.5611371994
523.196960449	8.14582061768
523.956115723	4.63577795029
524.715332031	-0.381853222847
525.474487305	-0.849217295647
526.233642578	1.74019658566
526.992858887	9.57740116119
527.75201416	11.091085434
528.511169434	2.47445988655
529.270324707	3.40735673904
530.029541016	8.02885532379
530.788696289	12.0653743744
531.547851563	8.32107067108
532.307067871	2.05730009079
533.066223145	1.36322104931
533.825378418	2.81835746765
534.584533691	8.32315349579
535.34375	10.7423973083
536.102905273	3.0577173233
536.862060547	7.97764396667
537.621276855	1.98206949234
538.380432129	4.55208921432
539.139587402	4.10594272614
539.898803711	-1.28970205784
540.657958984	3.08049631119
541.417114258	13.2530403137
542.176269531	8.16408634186
542.93548584	6.75518941879
543.694641113	11.7687292099
544.453796387	6.6601524353
545.213012695	14.0142097473
545.972167969	12.3964853287
546.731323242	4.6348862648
547.490539551	1.22988045216
548.249694824	3.63275551796
549.008850098	6.97977590561
549.768005371	5.66873073578
550.52722168	5.14243984222
551.286376953	0.124126799405
552.045532227	5.40226125717
552.804748535	3.54609107971
553.563903809	3.40711140633
554.323059082	8.11259841919
555.082214355	10.4608402252
555.841430664	10.5229587555
556.600585938	12.9657430649
557.359741211	6.19724702835
558.11895752	1.58975684643
558.878112793	8.52975654602
559.637268066	3.73993611336
560.396484375	0.446990728378
561.155639648	3.32336139679
561.914794922	4.06915473938
562.673950195	3.22495222092
563.433166504	5.14247894287
564.192321777	5.71483325958
564.951477051	-0.428891897202
565.710693359	4.03174829483
566.469848633	13.6871337891
567.229003906	9.06474781036
567.988220215	12.6615114212
568.747375488	1.89580798149
569.506530762	1.98107135296
570.265686035	7.54999256134
571.024902344	12.0063915253
571.784057617	13.1690778732
572.543212891	7.20227813721
573.302429199	7.49762773514
574.061584473	11.3527050018
574.820739746	9.93574810028
575.57989502	4.74095916748
576.339111328	14.5149154663
577.098266602	15.0735301971
577.857421875	15.1684293747
578.616638184	11.1058759689
579.375793457	5.38835954666
580.13494873	6.64258337021
580.894165039	5.70761680603
581.653320313	-0.497471481562
582.412475586	1.26007902622
583.171630859	2.3361184597
583.930847168	4.22340965271
584.690002441	14.2848005295
585.449157715	10.3731164932
586.208374023	10.661690712
586.967529297	8.96753501892
587.72668457	4.50486326218
588.485900879	7.48249435425
589.245056152	-0.254843622446
590.004211426	2.23003983498
590.763366699	2.62702512741
591.522583008	1.69006729126
592.281738281	2.51939511299
593.040893555	2.18572854996
593.800109863	7.74606227875
594.559265137	5.0746421814
595.31842041	-1.02968478203
596.077575684	0.614195287228
596.836791992	6.73544216156
597.595947266	12.2013206482
598.355102539	8.46545505524
599.114318848	7.0448012352
599.873474121	11.6089162827
600.632629395	11.7462806702
601.391845703	7.70571565628
602.151000977	5.56910848618
602.91015625	2.86327266693
603.669311523	5.77698898315
604.428527832	9.59265613556
605.187683105	4.49369239807
605.946838379	5.82277584076
606.706054688	9.72543239594
607.465209961	7.16630983353
608.224365234	5.72826576233
608.983581543	8.34816169739
609.742736816	5.18221998215
610.50189209	10.9109010696
611.261047363	10.0798435211
612.020263672	4.77022790909
612.779418945	6.66473340988
613.538574219	11.2091493607
614.297790527	8.75731372833
615.056945801	9.73219490051
615.816101074	13.4233703613
616.575256348	6.06235980988
617.334472656	14.1451234818
618.09362793	10.7922458649
618.852783203	14.4684448242
619.611999512	10.5002593994
620.371154785	8.31461811066
621.130310059	12.2477750778
621.889526367	9.90244579315
622.648681641	4.34817504883
623.407836914	12.1773958206
624.166992188	4.27297449112
624.926208496	6.95061016083
625.68536377	5.48058319092
626.444519043	11.9068117142
627.203735352	8.90460014343
627.962890625	6.83996105194
628.722045898	6.65077972412
629.481201172	4.04121160507
630.24041748	4.30998039246
630.999572754	8.05487346649
631.758728027	3.05919671059
632.517944336	9.45143985748
633.277099609	17.7073192596
634.036254883	3.50728917122
634.795471191	1.69473600388
635.554626465	4.73632907867
636.313781738	9.74374198914
637.072937012	6.22599315643
637.83215332	7.24258756638
638.591308594	9.22503757477
639.350463867	5.73252677917
640.109680176	7.97758340836
640.868835449	11.5835609436
641.627990723	9.94111728668
642.387207031	8.51069736481
643.146362305	20.3078670502
643.905517578	8.14451980591
644.664672852	7.19368839264
645.42388916	12.724152565
646.183044434	13.7814855576
646.942199707	15.2499351501
647.701416016	15.1908912659
648.460571289	10.4020776749
649.219726563	6.97687387466
649.978881836	3.06020712852
650.738098145	8.19009780884
651.497253418	14.7774896622
652.256408691	9.30007839203
653.015625	5.38966274261
653.774780273	10.8066673279
654.533935547	14.1686573029
655.293151855	13.6225910187
656.052307129	9.98194789886
656.811462402	6.75388765335
657.570617676	9.97629737854
658.329833984	13.6355762482
659.088989258	4.4311132431
659.848144531	16.0580329895
660.60736084	14.6155595779
661.366516113	12.0293827057
662.125671387	11.3483037949
662.884887695	17.7158966064
663.644042969	17.6049613953
664.403198242	18.1073169708
665.162353516	14.9991598129
665.921569824	8.70092010498
666.680725098	7.94807910919
667.439880371	15.2435779572
668.19909668	20.5648899078
668.958251953	12.3895187378
669.717407227	11.2459611893
670.4765625	6.35552406311
671.235778809	14.2309217453
671.994934082	15.2797927856
672.754089355	19.0007610321
673.513305664	21.0562114716
674.272460938	18.9718570709
675.031616211	19.7060852051
675.79083252	19.2717971802
676.549987793	16.2925014496
677.309143066	18.4225788116
678.06829834	12.2878189087
678.827514648	8.54823303223
679.586669922	11.398809433
680.345825195	4.65984630585
681.105041504	15.3796186447
681.864196777	17.4812164307
682.623352051	23.216917038
683.382568359	17.9582881927
684.141723633	15.0040693283
684.900878906	14.5987939835
685.66003418	14.1700801849
686.419250488	18.8006496429
687.178405762	21.7611045837
687.937561035	18.4529342651
688.696777344	12.1155862808
689.455932617	13.2145214081
690.215087891	12.0093412399
690.974243164	12.9070749283
691.733459473	16.6846561432
692.492614746	16.3610286713
693.25177002	25.8019142151
694.010986328	22.1843223572
694.770141602	14.1431436539
695.529296875	17.5412883759
696.288513184	20.1082057953
697.047668457	15.9545707703
697.80682373	15.6213464737
698.565979004	12.8730068207
699.325195313	10.9861211777
700.084350586	12.7763557434
700.843505859	5.59449863434
701.602722168	14.625825882
702.361877441	12.0495672226
703.121032715	12.3604621887
703.880249023	13.0527992249
704.639404297	12.5649814606
705.39855957	13.0716466904
706.157714844	15.6005973816
706.916931152	18.6931419373
707.676086426	14.6027851105
708.435241699	12.8233785629
709.194458008	17.2582702637
709.953613281	17.8946876526
710.712768555	17.4266757965
711.471923828	14.0721502304
712.231140137	19.3322906494
712.99029541	15.1414232254
713.749450684	17.492937088
714.508666992	17.7212162018
715.267822266	15.2745733261
716.026977539	12.9450273514
716.786193848	8.25314044952
717.545349121	12.7545108795
718.304504395	18.3065414429
719.063659668	22.3920021057
719.822875977	21.24700737
720.58203125	29.077753067
721.341186523	14.4605636597
722.100402832	22.672958374
722.859558105	21.6899089813
723.618713379	21.2787876129
724.377929688	26.2904529572
725.137084961	23.7561798096
725.896240234	16.6846370697
726.655395508	18.7863636017
727.414611816	21.2890949249
728.17376709	12.9442443848
728.932922363	21.0980358124
729.692138672	19.3846035004
730.451293945	27.87849617
731.210449219	26.1955108643
731.969604492	22.7802562714
732.728820801	16.8560161591
733.487976074	20.4684028625
734.247131348	21.0449829102
735.006347656	28.585395813
735.76550293	31.8004970551
736.524658203	29.7314033508
737.283874512	30.1849784851
738.043029785	31.7844009399
738.802185059	33.404132843
739.561340332	24.6442604065
740.320556641	26.8802452087
741.079711914	15.0647668839
741.838867188	23.3793392181
742.598083496	23.2781200409
743.35723877	31.1462059021
744.116394043	23.8695602417
744.875610352	23.5256671906
745.634765625	26.2750835419
746.393920898	31.2703514099
747.153076172	33.4388504028
747.91229248	30.950258255
748.671447754	30.1166210175
749.430603027	29.8722801208
750.189819336	27.1032295227
750.948974609	34.8448028564
751.708129883	30.6287670135
752.467285156	38.4703330994
753.226501465	27.4433021545
753.985656738	29.8637866974
754.744812012	28.7098369598
755.50402832	27.8851852417
756.263183594	25.8640785217
757.022338867	31.4760608673
757.781555176	40.3613510132
758.540710449	38.3171768188
759.299865723	30.7657356262
760.059020996	28.1594562531
760.818237305	23.4960727692
761.577392578	20.9667282104
762.336547852	28.0105934143
763.09576416	25.1209220886
763.854919434	27.6332950592
764.614074707	29.9132614136
765.37322998	23.6779670715
766.132446289	23.9154472351
766.891601563	27.4911594391
767.650756836	36.391960144
768.409973145	35.2750701904
769.169128418	30.3029747009
769.928283691	30.3628482819
770.6875	35.7836036682
771.446655273	37.0728149414
772.205810547	29.082698822
772.96496582	25.8493595123
773.724182129	26.9046802521
774.483337402	38.575088501
775.242492676	38.5095024109
776.001708984	38.2184486389
776.760864258	43.3639564514
777.520019531	28.2652282715
778.27923584	31.1427078247
779.038391113	31.8361263275
779.797546387	31.4255847931
780.55670166	37.2690124512
781.315917969	36.1774368286
782.075073242	31.7365322113
782.834228516	38.4853096008
783.593444824	49.2423210144
784.352600098	48.9124221802
785.111755371	41.1263465881
785.870910645	37.0355110168
786.630126953	42.6205558777
787.389282227	39.292427063
788.1484375	29.1601924896
788.907653809	35.9877471924
789.666809082	36.6836509705
790.425964355	34.2835922241
791.185180664	38.0713653564
791.944335938	35.6459503174
792.703491211	31.2134971619
793.462646484	30.4532241821
794.221862793	35.0153503418
794.981018066	42.2994537354
795.74017334	37.8592338562
796.499389648	30.3337745667
797.258544922	48.575302124
798.017700195	44.2626647949
798.776916504	42.9493789673
799.536071777	35.6110115051
800.295227051	51.5085144043
801.054382324	39.9095458984
801.813598633	40.9879226685
802.572753906	36.5242805481
803.33190918	42.5768585205
804.091125488	44.849281311
804.850280762	40.9721908569
805.609436035	45.0932807922
806.368591309	43.4441833496
807.127807617	37.2760543823
807.886962891	37.1140670776
808.646118164	41.3526039124
809.405334473	46.643535614
810.164489746	39.7017288208
810.92364502	35.8861312866
811.682861328	45.4814300537
812.442016602	41.3575706482
813.201171875	48.3667526245
813.960327148	43.6777877808
814.719543457	50.9848480225
815.47869873	37.4271202087
816.237854004	51.5461959839
816.997070313	56.8790779114
817.756225586	42.3969421387
818.515380859	41.3119468689
819.274597168	45.5564918518
820.033752441	44.1925086975
820.792907715	41.1942901611
821.552062988	38.3540458679
822.311279297	41.5249671936
823.07043457	52.3847999573
823.829589844	58.7490386963
824.588806152	49.2691574097
825.347961426	49.7241096497
826.107116699	41.3457679749
826.866271973	46.4911499023
827.625488281	50.9368362427
828.384643555	39.8651618958
829.143798828	47.4458961487
829.903015137	49.8466300964
830.66217041	46.0189590454
831.421325684	48.9470405579
832.180541992	47.24010849
832.939697266	38.4681968689
833.698852539	41.9568099976
834.458007813	51.9498786926
835.217224121	48.249004364
835.976379395	43.1167869568
836.735534668	52.1426925659
837.494750977	58.7236175537
838.25390625	48.302822113
839.013061523	45.9828605652
839.772277832	37.1044654846
840.531433105	41.0735931396
841.290588379	44.5736656189
842.049743652	37.007976532
842.808959961	40.7202949524
843.568115234	48.645111084
844.327270508	57.4641532898
845.086486816	51.1084365845
845.84564209	42.3680458069
846.604797363	42.6369934082
847.363952637	42.1350364685
848.123168945	48.2283706665
848.882324219	55.9752388
849.641479492	51.3300476074
850.400695801	48.6376266479
851.159851074	47.1026687622
851.919006348	45.6823921204
852.678222656	50.4332084656
853.43737793	45.6831893921
854.196533203	42.5620193481
854.955688477	61.0077400208
855.714904785	52.1989860535
856.474060059	49.1942367554
857.233215332	48.0080490112
857.992431641	48.9903106689
858.751586914	40.6759300232
859.510742188	53.4731063843
860.269958496	54.7453765869
861.02911377	46.9732055664
861.788269043	46.0678672791
862.547424316	49.6820297241
863.306640625	45.2855072021
864.065795898	40.5483398438
864.824951172	46.0663719177
865.58416748	46.6521949768
866.343322754	40.6020965576
867.102478027	33.5857391357
867.861633301	41.9538536072
868.620849609	47.8956947327
869.380004883	29.0710315704
870.139160156	40.8818817139
870.898376465	38.4483108521
871.657531738	36.4612922668
872.416687012	29.7982654572
873.17590332	30.6759128571
873.935058594	26.3522415161
874.694213867	34.4053230286
875.453369141	33.9191169739
876.212585449	31.0609073639
876.971740723	32.610786438
877.730895996	31.0660133362
878.490112305	30.3884105682
879.249267578	33.4452018738
880.008422852	32.7802658081
880.767578125	27.0997676849
881.526794434	20.885099411
882.285949707	23.9998264313
883.04510498	32.242149353
883.804321289	20.8412628174
884.563476563	26.4746990204
885.322631836	26.0429019928
886.081848145	31.390247345
886.841003418	24.8895568848
887.600158691	25.7164134979
888.359313965	22.7239933014
889.118530273	20.355091095
889.877685547	26.1248168945
890.63684082	20.1453990936
891.396057129	20.382818222
892.155212402	21.2464332581
892.914367676	21.9694366455
893.673583984	18.0448532104
894.432739258	13.1645412445
895.191894531	11.5382871628
895.951049805	14.0782623291
896.710266113	16.611946106
897.469421387	16.7905788422
898.22857666	18.984287262
898.987792969	10.589641571
899.746948242	17.6090011597
900.506103516	15.8845729828
901.265258789	12.4842100143
902.024475098	6.32674789429
902.783630371	10.9541406631
903.542785645	11.8534755707
904.302001953	20.7176952362
905.061157227	10.060634613
905.8203125	11.4729700089
906.579528809	8.85914707184
907.338684082	11.3438711166
908.097839355	9.38100814819
908.856994629	14.3657922745
909.616210938	8.69267463684
910.375366211	5.95269680023
911.134521484	7.99755477905
911.893737793	6.69746828079
912.652893066	3.28548574448
913.41204834	4.39700222015
914.171264648	10.2703924179
914.930419922	12.3957099915
915.689575195	11.015871048
916.448730469	11.7187795639
917.207946777	11.1168279648
917.967102051	8.5385017395
918.726257324	7.30201864243
919.485473633	1.412332654
920.244628906	12.5476293564
921.00378418	18.5590858459
921.762939453	-3.30122208595
922.522155762	7.01880836487
923.281311035	0.423034101725
924.040466309	9.05106067657
924.799682617	7.64953327179
925.558837891	5.40252113342
926.317993164	2.31381940842
927.077209473	2.58314490318
927.836364746	0.224766805768
928.59552002	3.74244904518
929.354675293	10.3504104614
930.113891602	5.48905944824
930.873046875	2.49135327339
931.632202148	-2.46932768822
932.391418457	-6.26244831085
933.15057373	-5.84136199951
933.909729004	-10.1374998093
934.668945313	1.55228960514
935.428100586	4.64514446259
936.187255859	5.60833740234
936.946411133	4.44321966171
937.705627441	1.38740313053
938.464782715	2.95771312714
939.223937988	-5.42023468018
939.983154297	-1.61658430099
940.74230957	-1.71607422829
941.501464844	-4.18020343781
942.260620117	2.78250145912
943.019836426	-0.920447766781
943.778991699	-3.13954377174
944.538146973	-0.748524665833
945.297363281	2.12691068649
946.056518555	1.53543150425
946.815673828	14.1577968597
947.574890137	9.40931510925
948.33404541	0.755595624447
949.093200684	-2.01458668709
949.852355957	-1.48663532734
950.611572266	1.54311203957
951.370727539	-1.71436738968
952.129882813	-1.77588582039
952.889099121	0.348817020655
953.648254395	-6.53319692612
954.407409668	-4.7905163765
955.166625977	3.05690383911
955.92578125	-0.239561840892
956.684936523	1.82333219051
957.444091797	4.26954221725
958.203308105	-4.0364112854
958.962463379	-0.252104490995
959.721618652	0.196455463767
960.480834961	0.0785282999277
961.239990234	-17.4267082214
961.999145508	1.00579202175
962.758300781	-5.80688619614
963.51751709	-3.95684909821
964.276672363	-10.4676933289
965.035827637	0.893868803978
965.795043945	6.95177650452
966.554199219	0.345778465271
967.313354492	3.43579506874
968.072570801	-9.0992231369
968.831726074	3.61954665184
969.590881348	-1.5939797163
970.350036621	1.4913828373
971.10925293	-1.26644444466
971.868408203	2.87717628479
972.627563477	1.46529304981
973.386779785	3.95587110519
974.145935059	2.25727534294
974.905090332	-3.79939842224
975.664306641	-1.84923326969
976.423461914	4.50602674484
977.182617188	6.5765504837
977.941772461	-1.36399650574
978.70098877	1.03596270084
979.460144043	-3.45352315903
980.219299316	-9.42419528961
980.978515625	1.4024181366
981.737670898	3.27899813652
982.496826172	8.90565490723
983.255981445	-0.783591687679
984.015197754	-9.71374607086
984.774353027	-3.41746520996
985.533508301	6.79633426666
986.292724609	-2.10004472733
987.051879883	-7.20828199387
987.811035156	8.26326847076
988.570251465	-7.20698547363
989.329406738	-5.52738857269
990.088562012	-3.51230454445
990.847717285	0.545717716217
991.606933594	0.781754672527
992.366088867	-0.116781190038
993.125244141	-1.87266266346
993.884460449	-2.53381204605
994.643615723	-2.96922826767
995.402770996	4.23067045212
996.161987305	0.0601062215865
996.921142578	-3.74809765816
997.680297852	-5.17303133011
998.439453125	-9.19800186157
999.198669434	-8.8431596756
999.957824707	-2.02332687378
1000.71697998	-3.27818608284
1001.47619629	-8.17151260376
1002.23535156	-7.69147825241
1002.99450684	-8.98923015594
1003.75366211	-6.73682594299
1004.51287842	1.7895553112
1005.27203369	4.26337957382
1006.03118896	-3.6511015892
1006.79040527	-3.31847643852
1007.54956055	-1.92169380188
1008.30871582	-14.6963434219
1009.06793213	-3.47394800186
1009.8270874	-2.79567122459
1010.58624268	1.90857625008
1011.34539795	-0.45126336813
1012.10461426	-9.27714633942
1012.86376953	-9.56679534912
1013.6229248	-2.75202894211
1014.38214111	-7.85226535797
1015.14129639	-4.52109527588
1015.90045166	-11.8515005112
1016.65960693	-1.22032773495
1017.41882324	4.37650346756
1018.17797852	-5.96259975433
1018.93713379	13.1198825836
1019.6963501	-8.86398983002
1020.45550537	-4.6358628273
1021.21466064	-6.94823217392
1021.97387695	-4.65801143646
1022.73303223	3.85505867004
1023.4921875	-5.4242143631
1024.25134277	0.935489296913
1025.01049805	7.67739534378
1025.76977539	-0.645552694798
1026.52893066	-3.02001023293
1027.28808594	-6.3436255455
1028.04724121	-6.63167238235
1028.80639648	-2.68001914024
1029.56555176	-1.08890032768
1030.32470703	-5.84350013733
1031.08398438	-4.08786535263
1031.84313965	8.28914165497
1032.60229492	7.10676240921
1033.3614502	0.522084355354
1034.12060547	-0.563173353672
1034.87976074	-5.98232364655
1035.63891602	-3.71078515053
1036.39819336	-3.92446494102
1037.15734863	-11.160235405
1037.91650391	-8.04924964905
1038.67565918	1.6266772747
1039.43481445	5.67877912521
1040.19396973	2.46499681473
1040.953125	-1.294516325
1041.71240234	-0.591036081314
1042.47155762	0.264380067587
1043.23071289	-4.0019993782
1043.98986816	-8.07906341553
1044.74902344	-3.9225757122
1045.50817871	3.4993686676
1046.26745605	-0.87796163559
1047.02661133	-5.67176103592
1047.7857666	-1.30631995201
1048.54492188	-5.62532711029
1049.30407715	-7.85751152039
1050.06323242	0.155710920691
1050.8223877	5.68820524216
1051.58166504	-9.54273223877
1052.34082031	-4.66574001312
1053.09997559	4.67302894592
1053.85913086	-4.02357244492
1054.61828613	-2.10211610794
1055.37744141	-8.58243942261
1056.13659668	-7.90773296356
1056.89587402	-7.14565896988
1057.6550293	-9.15019702911
1058.41418457	-0.874065995216
1059.17333984	-1.81042838097
1059.93249512	0.531910955906
1060.69165039	-1.17175495625
1061.45080566	-0.986199617386
1062.21008301	-8.06755542755
1062.96923828	-1.68740451336
1063.72839355	-2.62187480927
1064.48754883	-2.63903260231
1065.2467041	-2.05548214912
1066.00585938	-1.49776506424
1066.76513672	-2.0410194397
1067.52429199	-3.0763657093
1068.28344727	-3.01750397682
1069.04260254	-9.24356937408
1069.80175781	-8.75167942047
1070.56091309	-13.8501358032
1071.32006836	-10.6216878891
1072.0793457	-4.90626001358
1072.83850098	-2.70195150375
1073.59765625	-6.03459978104
1074.35681152	-8.29809570313
1075.1159668	-0.566123008728
1075.87512207	-4.48596000671
1076.63427734	-8.04727649689
1077.39355469	-1.4082801342
1078.15270996	-3.73621368408
1078.91186523	0.0685891211033
1079.67102051	1.05759596825
1080.43017578	-2.06678533554
1081.18933105	-4.51112794876
1081.94848633	-6.15987730026
1082.70776367	-4.18659114838
1083.46691895	-6.21787881851
1084.22607422	-7.07690954208
1084.98522949	-3.93969416618
1085.74438477	-5.52420425415
1086.50354004	-4.65952587128
1087.26281738	-0.824514806271
1088.02197266	-3.66630315781
1088.78112793	-4.66800403595
1089.5402832	-2.11376571655
1090.29943848	-4.44909954071
1091.05859375	-1.15252137184
1091.81774902	0.12303031981
1092.57702637	-7.47100543976
1093.33618164	3.04781723022
1094.09533691	2.16968226433
1094.85449219	-0.0282462202013
1095.61364746	-3.20879507065
1096.37280273	6.42779493332
1097.13195801	4.42404937744
1097.89123535	-4.59697294235
1098.65039063	-5.08457422256
1099.4095459	-7.5468916893
1100.16870117	-4.25411272049
1100.92785645	-0.281326174736
1101.68701172	3.7110376358
1102.44616699	-4.96999931335
1103.20544434	-1.22539675236
1103.96459961	0.83413618803
1104.72375488	1.14580535889
1105.48291016	-0.199355244637
1106.24206543	-0.70467209816
1107.0012207	-2.47886419296
1107.76049805	0.734198629856
1108.51965332	6.61181640625
1109.27880859	11.0627985001
1110.03796387	9.38723945618
1110.79711914	0.706781864166
1111.55627441	5.66920804977
1112.31542969	6.04529953003
1113.07470703	2.19503855705
1113.8338623	4.84658193588
1114.59301758	0.653017401695
1115.35217285	-2.0878341198
1116.11132813	4.30221939087
1116.8704834	-0.0817442759871
1117.62963867	-0.213159784675
1118.38891602	4.6813454628
1119.14807129	6.54948711395
1119.90722656	6.81907272339
1120.66638184	10.6859331131
1121.42553711	2.73006987572
1122.18469238	4.21788644791
1122.94384766	-5.51365709305
1123.703125	0.0538519509137
1124.46228027	6.54502534866
1125.22143555	-14.2833499908
1125.98059082	8.34554862976
1126.73974609	-3.63411784172
1127.49890137	7.17559814453
1128.25817871	1.26251661777
1129.01733398	9.34740924835
1129.77648926	8.29497337341
1130.53564453	12.2660360336
1131.2947998	8.16495513916
1132.05395508	11.4467325211
1132.81311035	11.922082901
1133.5723877	-2.40052962303
1134.33154297	-2.12598514557
1135.09069824	7.5837097168
1135.84985352	11.3191156387
1136.60900879	11.1308765411
1137.36816406	5.58742761612
1138.12731934	4.80179166794
1138.88659668	11.3754348755
1139.64575195	11.638718605
1140.40490723	6.31096792221
1141.1640625	6.69612360001
1141.92321777	13.0079755783
1142.68237305	13.8741340637
1143.44152832	7.44341754913
1144.20080566	4.29597616196
1144.95996094	8.49897193909
1145.71911621	2.6282377243
1146.47827148	5.41979598999
1147.23742676	17.1995735168
1147.99658203	27.2866344452
1148.75585938	9.38586616516
1149.51501465	8.38334178925
1150.27416992	22.0604133606
1151.0333252	10.2651796341
1151.79248047	11.7098445892
1152.55163574	16.8196544647
1153.31079102	14.6862401962
1154.07006836	21.2654838562
1154.82922363	22.0768623352
1155.58837891	19.279050827
1156.34753418	31.4333553314
1157.10668945	17.4105682373
1157.86584473	24.0281295776
1158.625	20.4338989258
1159.38427734	10.2784318924
1160.14343262	8.67323112488
1160.90258789	10.8992986679
1161.66174316	6.02899169922
1162.42089844	-2.34976887703
1163.18005371	0.0296645835042
1163.93920898	10.0707187653
1164.69848633	12.7042837143
1165.4576416	8.00061798096
1166.21679688	13.1769266129
1166.97595215	15.259270668
1167.73510742	18.1672992706
1168.4942627	19.7218437195
1169.25354004	15.4254150391
1170.01269531	14.4343652725
1170.77185059	18.7245349884
1171.53100586	16.367975235
1172.29016113	10.1411771774
1173.04931641	10.1317863464
1173.80847168	10.0988664627
1174.56774902	9.06583499908
1175.3269043	9.14909553528
1176.08605957	5.47936534882
1176.84521484	5.90100479126
1177.60437012	16.5806999207
1178.36352539	12.8916835785
1179.12268066	22.5006389618
1179.88195801	15.7060728073
1180.64111328	9.68606185913
1181.40026855	7.69342470169
1182.15942383	15.8671388626
1182.9185791	9.5963344574
1183.67773438	23.246887207
1184.43688965	18.3437576294
1185.19616699	4.53924226761
1185.95532227	16.538061142
1186.71447754	22.7030467987
1187.47363281	13.3297948837
1188.23278809	19.0130615234
1188.99194336	21.5901260376
1189.7512207	34.188533783
1190.51037598	23.8603878021
1191.26953125	17.7079601288
1192.02868652	25.3294296265
1192.7878418	5.40368700027
1193.54699707	16.4278354645
1194.30615234	7.49293756485
1195.06542969	7.45807552338
1195.82458496	17.2431182861
1196.58374023	16.3817977905
1197.34289551	28.1249713898
1198.10205078	30.2768955231
1198.86120605	27.2083625793
1199.62036133	24.9101524353
1200.37963867	12.3465423584
1201.13879395	22.823846817
1201.89794922	19.2722797394
1202.65710449	23.728433609
1203.41625977	24.5967903137
1204.17541504	25.9082603455
1204.93457031	21.3360347748
1205.69384766	21.4874210358
1206.45300293	25.9999408722
1207.2121582	30.7544670105
1207.97131348	29.1062812805
1208.73046875	20.8280315399
1209.48962402	19.7801876068
1210.2487793	32.5576629639
1211.00805664	32.9590492249
1211.76721191	29.1814079285
1212.52636719	28.5988368988
1213.28552246	31.9250469208
1214.04467773	40.7995986938
1214.80383301	38.5142059326
1215.56311035	33.955783844
1216.32226563	33.92029953
1217.0814209	29.8526821136
1217.84057617	31.5573101044
1218.59973145	33.5633010864
1219.35888672	31.1412200928
1220.11804199	32.7704086304
1220.87731934	33.7624320984
1221.63647461	37.1508407593
1222.39562988	40.2234191895
1223.15478516	34.9673233032
1223.91394043	27.8852100372
1224.6730957	27.9217472076
1225.43225098	31.843662262
1226.19152832	44.0953292847
1226.95068359	50.4438781738
1227.70983887	51.6872329712
1228.46899414	50.3013191223
1229.22814941	59.1411399841
1229.98730469	42.2916603088
1230.74645996	38.0661430359
1231.5057373	43.8979797363
1232.26489258	48.4881668091
1233.02404785	58.5410346985
1233.78320313	53.1880760193
1234.5423584	46.2414894104
1235.30151367	64.3970794678
1236.06079102	65.1422729492
1236.81994629	48.7096977234
1237.57910156	60.9042854309
1238.33825684	55.7524986267
1239.09741211	54.5314064026
1239.85656738	45.4964141846
1240.61572266	49.1606674194
1241.375	50.3177909851
1242.13415527	60.2275886536
1242.89331055	69.6273498535
1243.65246582	71.9959182739
1244.41162109	54.5003509521
1245.17077637	66.5954818726
1245.92993164	67.1351013184
1246.68920898	80.5517501831
1247.44836426	71.4836120605
1248.20751953	74.0598831177
1248.9666748	84.3260345459
1249.72583008	90.0564193726
1250.48498535	79.9167785645
1251.24414063	82.787727356
1252.00341797	78.1363525391
1252.76257324	85.5755996704
1253.52172852	70.4517059326
1254.28088379	107.526695251
1255.04003906	68.9635009766
1255.79919434	83.1602554321
1256.55847168	93.9571228027
1257.31762695	89.5272903442
1258.07678223	81.9244232178
1258.8359375	94.5886764526
1259.59509277	117.464874268
1260.35424805	109.682319641
1261.11340332	99.0641098022
1261.87268066	110.097846985
1262.63183594	124.60194397
1263.39099121	102.475547791
1264.15014648	104.154388428
1264.90930176	108.159011841
1265.66845703	106.287437439
1266.4276123	121.025817871
1267.18688965	126.570755005
1267.94604492	126.809379578
1268.7052002	106.718849182
1269.46435547	117.203475952
1270.22351074	135.833114624
1270.98266602	135.44519043
1271.74182129	130.03692627
1272.50109863	130.775115967
1273.26025391	147.325836182
1274.01940918	157.286758423
1274.77856445	152.754745483
1275.53771973	150.272521973
1276.296875	155.717483521
1277.05615234	170.667175293
1277.81530762	159.803314209
1278.57446289	158.092178345
1279.33361816	156.579971313
1280.09277344	163.133361816
1280.85192871	181.976150513
1281.61108398	180.516799927
1282.37036133	168.934295654
1283.1295166	170.673599243
1283.88867188	187.584747314
1284.64782715	187.082550049
1285.40698242	200.220077515
1286.1661377	199.754135132
1286.92529297	188.543823242
1287.68457031	210.78678894
1288.44372559	210.519897461
1289.20288086	213.115539551
1289.96203613	223.565322876
1290.72119141	237.370254517
1291.48034668	230.400726318
1292.23950195	250.453338623
1292.9987793	243.470916748
1293.75793457	245.214202881
1294.51708984	245.625473022
1295.27624512	261.803466797
1296.03540039	253.456848145
1296.79455566	260.751159668
1297.55383301	259.51159668
1298.31298828	278.362670898
1299.07214355	267.979553223
1299.83129883	288.120758057
1300.5904541	291.390960693
1301.34960938	313.832366943
1302.10876465	295.048126221
1302.86804199	302.595001221
1303.62719727	312.06741333
1304.38635254	313.698913574
1305.14550781	312.078613281
1305.90466309	346.78894043
1306.66381836	339.115875244
1307.42297363	341.068511963
1308.18225098	358.385009766
1308.94140625	357.699615479
1309.70056152	340.047576904
1310.4597168	363.113983154
1311.21887207	375.639221191
1311.97802734	386.214355469
1312.73718262	373.794433594
1313.49645996	413.995788574
1314.25561523	417.721435547
1315.01477051	432.727172852
1315.77392578	436.975311279
1316.53308105	436.822174072
1317.29223633	460.816314697
1318.05151367	450.038299561
1318.81066895	459.198822021
1319.56982422	474.873931885
1320.32897949	479.221008301
1321.08813477	493.548706055
1321.84729004	497.982910156
1322.60644531	502.62512207
1323.36572266	503.260437012
1324.12487793	525.276306152
1324.8840332	526.802368164
1325.64318848	536.628417969
1326.40234375	534.226318359
1327.16149902	552.542419434
1327.9206543	573.111755371
1328.67993164	561.321899414
1329.43908691	582.845458984
1330.19824219	612.319824219
1330.95739746	588.280212402
1331.71655273	600.898132324
1332.47570801	610.010864258
1333.23486328	633.569641113
1333.99414063	638.894775391
1334.7532959	647.064819336
1335.51245117	676.167785645
1336.27160645	647.83404541
1337.03076172	640.167907715
1337.78991699	649.158569336
1338.54919434	667.760253906
1339.30834961	694.326049805
1340.06750488	650.931091309
1340.82666016	672.338745117
1341.58581543	677.604614258
1342.3449707	672.980773926
1343.10412598	677.393493652
1343.86340332	669.679382324
1344.62255859	706.697753906
1345.38171387	699.581420898
1346.14086914	689.120117188
1346.90002441	711.781982422
1347.65917969	679.783447266
1348.41833496	691.494995117
1349.1776123	679.778991699
1349.93676758	675.36907959
1350.69592285	680.399963379
1351.45507813	684.003662109
1352.2142334	668.303710938
1352.97338867	669.700439453
1353.73254395	661.698364258
1354.49182129	647.49822998
1355.25097656	637.451904297
1356.01013184	663.657043457
1356.76928711	647.52557373
1357.52844238	641.432617188
1358.28759766	626.45135498
1359.046875	614.413513184
1359.80603027	615.534423828
1360.56518555	588.823486328
1361.32434082	597.937438965
1362.08349609	593.32611084
1362.84265137	581.604919434
1363.60180664	562.935913086
1364.36108398	575.905700684
1365.12023926	568.247436523
1365.87939453	549.88092041
1366.6385498	546.155883789
1367.39770508	531.033081055
1368.15686035	523.453918457
1368.91601563	519.697387695
1369.67529297	502.519561768
1370.43444824	485.941619873
1371.19360352	470.958984375
1371.95275879	458.465270996
1372.71191406	447.327453613
1373.47106934	442.400909424
1374.23022461	440.23928833
1374.98950195	418.752807617
1375.74865723	406.422637939
1376.5078125	412.718719482
1377.26696777	402.270355225
1378.02612305	410.857116699
1378.78527832	402.942077637
1379.54455566	385.092651367
1380.30371094	374.540344238
1381.06286621	359.421936035
1381.82202148	352.955993652
1382.58117676	370.682403564
1383.34033203	352.356964111
1384.0994873	320.200958252
1384.85876465	315.381561279
1385.61791992	330.736968994
1386.3770752	319.117950439
1387.13623047	304.171447754
1387.89538574	298.538269043
1388.65454102	278.497070313
1389.41369629	277.979553223
1390.17297363	283.724914551
1390.93212891	277.304443359
1391.69128418	238.705459595
1392.45043945	246.893951416
1393.20959473	249.982757568
1393.96875	244.303634644
1394.72790527	229.051635742
1395.48718262	243.054794312
1396.24633789	241.420455933
1397.00549316	216.224304199
1397.76464844	216.442993164
1398.52380371	199.467300415
1399.28295898	197.128570557
1400.04223633	200.696304321
1400.8013916	189.971511841
1401.56054688	185.340423584
1402.31970215	185.909286499
1403.07885742	185.055770874
1403.8380127	175.856079102
1404.59716797	183.998840332
1405.35644531	171.809066772
1406.11560059	175.339111328
1406.87475586	166.049636841
1407.63391113	148.606887817
1408.39306641	145.703033447
1409.15222168	140.800262451
1409.91137695	140.035629272
1410.6706543	139.920501709
1411.42980957	130.192733765
1412.18896484	121.87663269
1412.94812012	124.466972351
1413.70727539	125.632209778
1414.46643066	113.242630005
1415.22558594	116.021629333
1415.98486328	110.465156555
1416.74401855	109.563247681
1417.50317383	101.884185791
1418.2623291	107.584205627
1419.02148438	97.1707611084
1419.78063965	81.0887374878
1420.53991699	88.7300491333
1421.29907227	83.0745773315
1422.05822754	87.1526489258
1422.81738281	77.7997817993
1423.57653809	74.2376251221
1424.33569336	81.2163925171
1425.09484863	98.190032959
1425.85412598	80.6845626831
1426.61328125	77.9577636719
1427.37243652	76.155921936
1428.1315918	64.9019927979
1428.89074707	65.7215499878
1429.64990234	58.5821838379
1430.40905762	69.850440979
1431.16833496	45.891418457
1431.92749023	37.5419998169
1432.68664551	53.5630950928
1433.44580078	41.9400253296
1434.20495605	32.1543922424
1434.96411133	49.2011833191
1435.7232666	49.1470832825
1436.48254395	41.3865432739
1437.24169922	26.3739185333
1438.00085449	43.3582725525
1438.76000977	42.8086585999
1439.51916504	46.2902641296
1440.27832031	49.4699897766
1441.03759766	39.3120803833
1441.79675293	18.4321155548
1442.5559082	28.6354923248
1443.31506348	27.7890052795
1444.07421875	31.7297477722
1444.83337402	30.3575649261
1445.5925293	25.9183330536
1446.35180664	28.2636890411
1447.11096191	25.4074363708
1447.87011719	33.724155426
1448.62927246	23.8893260956
1449.38842773	23.3021450043
1450.14758301	20.7840557098
1450.90673828	17.7113418579
1451.66601563	14.9972496033
1452.4251709	12.5954332352
1453.18432617	19.7366161346
1453.94348145	12.1382665634
1454.70263672	15.4969177246
1455.46179199	-5.45583295822
1456.22094727	-13.1157979965
1456.98022461	1.1907709837
1457.73937988	-0.707139253616
1458.49853516	15.708732605
1459.25769043	2.5435795784
1460.0168457	18.9612827301
1460.77600098	-0.938978016376
1461.53515625	9.12804698944
1462.29443359	9.86860656738
1463.05358887	6.59145402908
1463.81274414	13.2668466568
1464.57189941	11.6081638336
1465.33105469	4.67174053192
1466.09020996	13.9627952576
1466.8494873	7.56300401688
1467.60864258	14.8219175339
1468.36779785	12.5010433197
1469.12695313	9.30095863342
1469.8861084	8.57685661316
1470.64526367	6.07129049301
1471.40441895	5.62971973419
1472.16369629	-2.1519639492
1472.92285156	-8.53561210632
1473.68200684	3.91353392601
1474.44116211	13.030465126
1475.20031738	14.0595979691
1475.95947266	21.4081878662
1476.71862793	23.2706642151
1477.47790527	22.6468791962
1478.23706055	22.0779895782
1478.99621582	34.429599762
1479.75537109	19.0859909058
1480.51452637	19.2297172546
1481.27368164	13.6684570313
1482.03283691	24.4904670715
1482.79211426	24.3410167694
1483.55126953	17.3526000977
1484.3104248	20.0584602356
1485.06958008	21.1442337036
1485.82873535	18.4364280701
1486.58789063	23.6533660889
1487.34716797	25.7119827271
1488.10632324	21.1272239685
1488.86547852	23.7436676025
1489.62463379	30.5560646057
1490.38378906	28.2081222534
1491.14294434	22.3383903503
1491.90209961	23.6420574188
1492.66137695	39.1559066772
1493.42053223	41.7494316101
1494.1796875	36.6868896484
1494.93884277	38.6343574524
1495.69799805	40.6807022095
1496.45715332	51.0044517517
1497.21630859	49.1607818604
1497.97558594	52.4912490845
1498.73474121	58.0807762146
1499.49389648	43.758895874
1500.25305176	40.6858863831
1501.01220703	46.7710494995
1501.7713623	56.0799980164
1502.53051758	67.8498535156
1503.28979492	65.422416687
1504.0489502	63.5149040222
1504.80810547	62.3518676758
1505.56726074	70.8422393799
1506.32641602	67.5387649536
1507.08557129	63.9636154175
1507.84484863	59.0637397766
1508.60400391	59.5014419556
1509.36315918	66.083946228
1510.12231445	80.2238922119
1510.88146973	70.9179077148
1511.640625	64.3769760132
1512.39978027	71.6450271606
1513.15905762	79.1815490723
1513.91821289	74.2329330444
1514.67736816	81.3878555298
1515.43652344	78.7484436035
1516.19567871	83.9434967041
1516.95483398	98.8689651489
1517.71398926	96.027885437
1518.4732666	108.72605896
1519.23242188	107.279640198
1519.99157715	102.615898132
1520.75073242	108.693008423
1521.5098877	92.3955383301
1522.26904297	108.507217407
1523.02819824	118.164710999
1523.78747559	93.588684082
1524.54663086	110.052146912
1525.30578613	123.070106506
1526.06494141	126.609062195
1526.82409668	111.710647583
1527.58325195	106.305084229
1528.3425293	128.276062012
1529.10168457	138.690872192
1529.86083984	144.016723633
1530.61999512	148.338973999
1531.37915039	150.014144897
1532.13830566	156.379852295
1532.89746094	156.979690552
1533.65673828	140.48097229
1534.41589355	141.150939941
1535.17504883	152.674209595
1535.9342041	157.136230469
1536.69335938	172.945251465
1537.45251465	168.241012573
1538.21166992	179.778167725
1538.97094727	175.280700684
1539.73010254	174.473251343
1540.48925781	171.820770264
1541.24841309	205.839736938
1542.00756836	212.694412231
1542.76672363	213.542175293
1543.52587891	219.338180542
1544.28515625	222.521316528
1545.04431152	247.097961426
1545.8034668	255.015853882
1546.56262207	249.227386475
1547.32177734	248.132415771
1548.08093262	256.24822998
1548.84020996	257.841766357
1549.59936523	268.051422119
1550.35852051	275.583374023
1551.11767578	292.932983398
1551.87683105	312.731811523
1552.63598633	331.929840088
1553.3951416	321.929656982
1554.15441895	315.527648926
1554.91357422	323.835479736
1555.67272949	366.458892822
1556.43188477	350.577056885
1557.19104004	354.441467285
1557.95019531	364.099121094
1558.70935059	400.182525635
1559.46862793	395.458068848
1560.2277832	396.702209473
1560.98693848	411.971405029
1561.74609375	410.153106689
1562.50524902	430.531097412
1563.2644043	435.619018555
1564.02355957	439.000915527
1564.78283691	446.300567627
1565.54199219	455.198303223
1566.30114746	481.875183105
1567.06030273	499.42074585
1567.81945801	493.375030518
1568.57861328	504.30380249
1569.33789063	515.629272461
1570.0970459	546.985351563
1570.85620117	530.020141602
1571.61535645	534.760803223
1572.37451172	559.245666504
1573.13366699	567.669433594
1573.89282227	590.530029297
1574.65209961	591.57623291
1575.41125488	596.26348877
1576.17041016	602.895690918
1576.92956543	622.247131348
1577.6887207	632.732910156
1578.44787598	639.247253418
1579.20703125	659.619384766
1579.96630859	679.744262695
1580.72546387	682.748413086
1581.48461914	685.025634766
1582.24377441	694.973632813
1583.00292969	695.831787109
1583.76208496	720.370849609
1584.52124023	722.244689941
1585.28051758	699.13659668
1586.03967285	726.866271973
1586.79882813	731.154907227
1587.5579834	732.216308594
1588.31713867	724.074707031
1589.07629395	763.53515625
1589.83557129	741.291503906
1590.59472656	749.506835938
1591.35388184	746.963745117
1592.11303711	760.303527832
1592.87219238	766.143371582
1593.63134766	752.067443848
1594.39050293	743.687438965
1595.14978027	761.153137207
1595.90893555	777.574035645
1596.66809082	769.457458496
1597.42724609	769.190734863
1598.18640137	761.33605957
1598.94555664	754.512695313
1599.70471191	730.401611328
1600.46398926	753.563720703
1601.22314453	738.295898438
1601.9822998	741.844665527
1602.74145508	745.424133301
1603.50061035	737.997802734
1604.25976563	718.952758789
1605.0189209	717.780151367
1605.77819824	707.803405762
1606.53735352	719.524780273
1607.29650879	711.983093262
1608.05566406	700.185058594
1608.81481934	696.97845459
1609.57397461	682.763977051
1610.33325195	682.823364258
1611.09240723	681.45111084
1611.8515625	672.563110352
1612.61071777	652.198364258
1613.36987305	660.223632813
1614.12902832	657.320922852
1614.88818359	638.640441895
1615.64746094	630.111206055
1616.40661621	622.556213379
1617.16577148	625.48449707
1617.92492676	617.950439453
1618.68408203	597.734802246
1619.4432373	579.461425781
1620.20239258	569.063842773
1620.96166992	558.184082031
1621.7208252	545.607666016
1622.47998047	526.399291992
1623.23913574	513.08807373
1623.99829102	496.748413086
1624.75744629	490.030059814
1625.51660156	466.8543396
1626.27587891	471.856750488
1627.03503418	456.820526123
1627.79418945	446.769256592
1628.55334473	432.703186035
1629.3125	409.755615234
1630.07165527	399.048034668
1630.83093262	396.754699707
1631.59008789	383.887084961
1632.34924316	365.935546875
1633.10839844	360.380523682
1633.86755371	349.585968018
1634.62670898	338.969085693
1635.38586426	313.632629395
1636.1451416	308.662200928
1636.90429688	298.636077881
1637.66345215	306.852905273
1638.42260742	286.106933594
1639.1817627	274.320831299
1639.94091797	256.066131592
1640.70007324	256.26574707
1641.45935059	252.22026062
1642.21850586	230.865509033
1642.97766113	231.775192261
1643.73681641	216.511016846
1644.49597168	210.519226074
1645.25512695	199.833206177
1646.01428223	194.89352417
1646.77355957	190.9921875
1647.53271484	187.965011597
1648.29187012	176.494354248
1649.05102539	160.261917114
1649.81018066	156.558181763
1650.56933594	154.145629883
1651.32861328	149.825546265
1652.08776855	136.573043823
1652.84692383	132.264282227
1653.6060791	125.730300903
1654.36523438	120.908332825
1655.12438965	119.597648621
1655.88354492	115.707199097
1656.64282227	110.609840393
1657.40197754	108.339775085
1658.16113281	101.237258911
1658.92028809	95.4990844727
1659.67944336	85.2676010132
1660.43859863	71.3412857056
1661.19775391	83.3517150879
1661.95703125	71.2170028687
1662.71618652	66.0197525024
1663.4753418	69.8098449707
1664.23449707	67.3506317139
1664.99365234	64.9343032837
1665.75280762	55.2302017212
1666.51196289	52.5294303894
1667.27124023	53.2206764221
1668.03039551	53.0491409302
1668.78955078	51.6623954773
1669.54870605	48.6629486084
1670.30786133	43.6202583313
1671.0670166	40.0986709595
1671.82629395	28.5496692657
1672.58544922	34.1501502991
1673.34460449	31.6555118561
1674.10375977	27.3976402283
1674.86291504	23.1188049316
1675.62207031	26.8379402161
1676.38122559	31.741065979
1677.14050293	21.8258228302
1677.8996582	20.281375885
1678.65881348	21.2168960571
1679.41796875	20.7373008728
1680.17712402	15.7100830078
1680.9362793	12.0595283508
1681.69543457	12.7282171249
1682.45471191	14.5878753662
1683.21386719	17.0703163147
1683.97302246	15.9875564575
1684.73217773	10.5405693054
1685.49133301	10.8281240463
1686.25048828	7.04164409637
1687.00964355	4.94232797623
1687.7689209	5.78147888184
1688.52807617	7.84326505661
1689.28723145	9.02182674408
1690.04638672	6.83451366425
1690.80554199	-0.767594695091
1691.56469727	2.06889557838
1692.32397461	0.451671123505
1693.08312988	5.25851345062
1693.84228516	5.48726177216
1694.60144043	-0.949639678001
1695.3605957	0.567484200001
1696.11975098	5.81374931335
1696.87890625	3.73533797264
1697.63818359	4.68999767303
1698.39733887	2.60456705093
1699.15649414	2.14110016823
1699.91564941	7.10997581482
1700.67480469	8.41945838928
1701.43395996	0.297803282738
1702.19311523	1.26129257679
1702.95239258	2.18842530251
1703.71154785	6.06751203537
1704.47070313	2.56215715408
1705.2298584	-0.913397371769
1705.98901367	-2.45389342308
1706.74816895	0.993266284466
1707.50732422	1.68398678303
1708.26660156	5.77798271179
1709.02575684	-1.22438156605
1709.78491211	2.41834998131
1710.54406738	4.67239427567
1711.30322266	4.01191854477
1712.06237793	2.30851984024
1712.82165527	-1.55685019493
1713.58081055	-0.428538203239
1714.33996582	-0.390466660261
1715.09912109	2.52834224701
1715.85827637	3.76609015465
1716.61743164	-0.842765152454
1717.37658691	0.143319651484
1718.13586426	3.56866025925
1718.89501953	-0.126254737377
1719.6541748	5.91827106476
1720.41333008	12.0315685272
1721.17248535	1.46702480316
1721.93164063	13.1821136475
1722.6907959	13.7573862076
1723.45007324	14.3327512741
1724.20922852	14.9080228806
1724.96838379	15.4832954407
1725.72753906	4.91875219345
1726.48669434	5.49402427673
1727.24584961	6.06929683685
1728.00500488	6.64456939697
1728.76428223	7.2199344635
1729.5234375	18.9350223541
1730.28259277	16.617855072
1731.04174805	8.94575119019
1731.80090332	9.52102375031
1732.56005859	10.0962963104
1733.31921387	10.6715688705
1734.07849121	19.4943084717
1734.83764648	22.9620227814
1735.59680176	20.6448535919
1736.35595703	24.6009407043
1737.1151123	7.2819943428
1737.87426758	6.48574590683
1738.63354492	9.35289001465
1739.3927002	12.4431276321
1740.15185547	1.75436580181
1740.91101074	5.40151882172
1741.67016602	7.5575594902
1742.42932129	8.29875278473
1743.18847656	9.29566001892
1743.94775391	12.8866739273
1744.70690918	7.65482091904
1745.46606445	5.81880426407
1746.22521973	8.54571437836
1746.984375	6.96829652786
1747.74353027	11.6913080215
1748.50268555	9.19480705261
1749.26196289	9.6047296524
1750.02111816	6.71368217468
1750.78027344	11.1095838547
1751.53942871	9.97801971436
1752.29858398	4.63552570343
1753.05773926	4.76919746399
1753.81689453	0.709486782551
1754.57617188	4.4351978302
1755.33532715	8.79550075531
1756.09448242	5.28453397751
1756.8536377	8.58278751373
1757.61279297	10.2375774384
1758.37194824	7.72039270401
1759.13122559	4.06501531601
1759.89038086	14.2445011139
1760.64953613	11.0014104843
1761.40869141	11.0429725647
1762.16784668	7.66449832916
1762.92700195	5.94781303406
1763.68615723	6.61305522919
1764.44543457	11.1411418915
1765.20458984	11.8598508835
1765.96374512	17.240562439
1766.72290039	14.0398683548
1767.48205566	6.95973396301
1768.24121094	8.90156459808
1769.00036621	7.56483793259
1769.75964355	11.0839605331
1770.51879883	12.363368988
1771.2779541	5.80759477615
1772.03710938	8.07282066345
1772.79626465	1.02015924454
1773.55541992	5.89984083176
1774.3145752	6.52116060257
1775.07385254	8.75523281097
1775.83300781	9.43526077271
1776.59216309	8.68190860748
1777.35131836	9.50887107849
1778.11047363	7.98406505585
1778.86962891	6.64298248291
1779.62890625	8.79350566864
1780.38806152	8.08386993408
1781.1472168	7.28988361359
1781.90637207	8.31920814514
1782.66552734	8.89955043793
1783.42468262	10.9354972839
1784.18383789	9.9574213028
1784.94311523	10.5113792419
1785.70227051	5.86780595779
1786.46142578	5.91779851913
1787.22058105	5.78074884415
1787.97973633	5.85370588303
1788.7388916	4.01131868362
1789.49804688	8.57063388824
1790.25732422	9.67979812622
1791.01647949	8.16338443756
1791.77563477	12.1420650482
1792.53479004	8.84495830536
1793.29394531	8.0863494873
1794.05310059	11.0989580154
1794.81225586	9.54664039612
1795.5715332	7.95967578888
1796.33068848	8.48829841614
1797.08984375	11.1544866562
1797.84899902	10.6290779114
1798.6081543	11.7525339127
1799.36730957	6.56184911728
1800.12658691	9.94022464752
1800.88574219	7.49567174911
1801.64489746	2.49600458145
1802.40405273	10.0677480698
1803.16320801	8.24730300903
1803.92236328	2.55296444893
1804.68151855	6.52589225769
1805.4407959	7.17310428619
1806.19995117	9.22190666199
1806.95910645	13.6896009445
1807.71826172	15.1049118042
1808.47741699	10.0289583206
1809.23657227	10.6255054474
1809.99572754	7.69809484482
1810.75500488	10.3071575165
1811.51416016	12.698846817
1812.27331543	8.02097988129
1813.0324707	17.9764976501
1813.79162598	14.4419260025
1814.55078125	11.9928646088
1815.30993652	8.67523479462
1816.06921387	8.2062253952
1816.82836914	10.5605545044
1817.58752441	11.2568101883
1818.34667969	13.9725818634
1819.10583496	17.8801803589
1819.86499023	12.3978462219
1820.62426758	11.4858818054
1821.38342285	10.671746254
1822.14257813	8.50977134705
1822.9017334	2.54113316536
1823.66088867	0.844581842422
1824.42004395	6.92223834991
1825.17919922	5.85801887512
1825.93847656	6.95313501358
1826.69763184	3.85547566414
1827.45678711	8.61371231079
1828.21594238	12.5651483536
1828.97509766	10.3515834808
1829.73425293	6.47603130341
1830.4934082	10.9525985718
1831.25268555	-0.13235449791
1832.01184082	1.37140393257
1832.77099609	10.3808078766
1833.53015137	10.8231115341
1834.28930664	14.1330451965
1835.04846191	12.7899942398
1835.80761719	9.44428825378
1836.56689453	5.44781303406
1837.3260498	8.68300914764
1838.08520508	10.9983062744
1838.84436035	10.8764238358
1839.60351563	10.8237400055
1840.3626709	-1.40872299671
1841.12194824	8.65018367767
1841.88110352	12.4991340637
1842.64025879	3.96274662018
1843.39941406	7.03992271423
1844.15856934	9.85888195038
1844.91772461	10.1536941528
1845.67687988	10.8973436356
1846.43615723	11.6030550003
1847.1953125	12.2693881989
1847.95446777	11.8683004379
1848.71362305	8.1495552063
1849.47277832	5.79146671295
1850.23193359	9.39304924011
1850.99108887	10.7565259933
1851.75036621	11.7459974289
1852.50952148	11.5028381348
1853.26867676	14.3167238235
1854.02783203	15.2938480377
1854.7869873	10.3057851791
1855.54614258	5.75163602829
1856.30529785	12.3611459732
1857.0645752	10.4677209854
1857.82373047	8.80110740662
1858.58288574	16.4439411163
1859.34204102	11.8107757568
1860.10119629	9.34424304962
1860.86035156	7.51582479477
1861.61962891	9.77298164368
1862.37878418	8.97438716888
1863.13793945	9.1650352478
1863.89709473	13.1810083389
1864.65625	16.5589122772
1865.41540527	8.84372997284
1866.17456055	5.14602613449
1866.93383789	0.910499334335
1867.69299316	7.48087739944
1868.45214844	6.70163106918
1869.21130371	8.05934047699
1869.97045898	6.74509000778
1870.72961426	12.9730920792
1871.48876953	6.24938726425
1872.24804688	7.15323400497
1873.00720215	5.16796350479
1873.76635742	11.2272720337
1874.5255127	6.31921052933
1875.28466797	18.5371799469
1876.04382324	12.3867168427
1876.80297852	9.33701610565
1877.56225586	8.00264358521
1878.32141113	3.28774309158
1879.08056641	1.25465917587
1879.83972168	6.03692865372
1880.59887695	7.62947797775
1881.35803223	16.0009727478
1882.11730957	15.0034227371
1882.87646484	7.90699911118
1883.63562012	15.6364421844
1884.39477539	8.24811840057
1885.15393066	4.26332902908
1885.91308594	11.0947008133
1886.67224121	14.3150577545
1887.43151855	16.3719959259
1888.19067383	15.022734642
1888.9498291	7.81916475296
1889.70898438	2.92083096504
1890.46813965	7.87747812271
1891.22729492	13.1335477829
1891.9864502	13.7346801758
1892.74572754	13.78150177
1893.50488281	11.1228761673
1894.26403809	12.959482193
1895.02319336	5.57038784027
1895.78234863	4.10218429565
1896.54150391	8.05272006989
1897.30065918	6.86442375183
1898.05993652	15.4896297455
1898.8190918	10.68663311
1899.57824707	4.85312652588
1900.33740234	3.16145062447
1901.09655762	4.12016487122
1901.85571289	13.6113424301
1902.61499023	12.9785985947
1903.37414551	14.5227012634
1904.13330078	10.4099206924
1904.89245605	9.42734336853
1905.65161133	6.20027446747
1906.4107666	8.87339782715
1907.16992188	11.1826372147
1907.92919922	12.1184358597
1908.68835449	8.97950935364
1909.44750977	9.12900447845
1910.20666504	10.4494819641
1910.96582031	4.31266880035
1911.72497559	7.68086051941
1912.48413086	5.9724149704
1913.2434082	5.67823314667
1914.00256348	14.071144104
1914.76171875	11.0529680252
1915.52087402	12.2981357574
1916.2800293	13.9922780991
1917.03918457	10.7499427795
1917.79833984	5.53845310211
1918.55761719	11.3759469986
1919.31677246	14.1563472748
1920.07592773	15.3207349777
1920.83508301	13.486366272
1921.59423828	6.61807727814
1922.35339355	9.93377113342
1923.1126709	8.6270160675
1923.87182617	9.10021877289
1924.63098145	12.6860389709
1925.39013672	15.6429376602
1926.14929199	8.86776542664
1926.90844727	5.34475946426
1927.66760254	12.3441848755
1928.42687988	9.15085601807
1929.18603516	7.04528522491
1929.94519043	4.72089576721
1930.7043457	5.72470712662
1931.46350098	5.79268217087
1932.22265625	10.5189142227
1932.98181152	5.08610296249
1933.74108887	11.3030529022
1934.50024414	16.2292194366
1935.25939941	7.9960398674
1936.01855469	6.09052705765
1936.77770996	9.13590431213
1937.53686523	13.9495077133
1938.29602051	13.645152092
1939.05529785	6.92396879196
1939.81445313	9.86164188385
1940.5736084	12.0594921112
1941.33276367	11.2709531784
1942.09191895	11.3923940659
1942.85107422	9.23642349243
1943.61035156	15.5086488724
1944.36950684	10.683221817
1945.12866211	9.51962947845
1945.88781738	6.35110807419
1946.64697266	6.97348070145
1947.40612793	9.12040424347
1948.1652832	10.9743442535
1948.92456055	4.05324792862
1949.68371582	17.2882080078
1950.44287109	7.94189882278
1951.20202637	14.0990839005
1951.96118164	18.7889080048
1952.72033691	13.6895399094
1953.47949219	12.3294296265
1954.23876953	13.7390518188
1954.9979248	7.4237036705
1955.75708008	11.1660175323
1956.51623535	15.0667638779
1957.27539063	5.65059328079
1958.0345459	2.59902310371
1958.79370117	10.4807796478
1959.55297852	13.35297966
1960.31213379	12.6993818283
1961.07128906	12.0253143311
1961.83044434	10.9426546097
1962.58959961	6.61986732483
1963.34875488	13.992354393
1964.10803223	8.72899532318
1964.8671875	14.801815033
1965.62634277	5.72109365463
1966.38549805	10.8361644745
1967.14465332	11.3045148849
1967.90380859	10.5913085938
1968.66296387	14.2978334427
1969.42224121	12.933842659
1970.18139648	8.4548740387
1970.94055176	6.88742733002
1971.69970703	12.8507423401
1972.4588623	9.87917423248
1973.21801758	6.18253898621
1973.97717285	10.5185117722
1974.7364502	12.4618711472
1975.49560547	13.6980133057
1976.25476074	7.69701099396
1977.01391602	8.68306922913
1977.77307129	15.3876256943
1978.53222656	5.77659988403
1979.29138184	14.0494852066
1980.05065918	11.5869073868
1980.80981445	10.2368755341
1981.56896973	11.1940259933
1982.328125	13.2527389526
1983.08728027	17.5451698303
1983.84643555	4.82421302795
1984.60559082	3.7314593792
1985.36486816	13.0535116196
1986.12402344	8.60172653198
1986.88317871	9.22544956207
1987.64233398	16.3789730072
1988.40148926	10.6544446945
1989.16064453	7.11831665039
1989.91992188	5.78281402588
1990.67907715	4.36949634552
1991.43823242	14.607416153
1992.1973877	11.8400335312
1992.95654297	9.61429214478
1993.71569824	18.0956954956
1994.47485352	13.8968486786
1995.23413086	15.6642360687
1995.99328613	16.6991214752
1996.75244141	13.4395599365
1997.51159668	10.1148195267
1998.27075195	9.22002601624
1999.02990723	16.2620372772
1999.7890625	14.2085609436
2000.54833984	7.08446884155
2001.30749512	11.6539239883
2002.06665039	9.46203422546
2002.82580566	5.46387720108
2003.58496094	12.6415939331
2004.34411621	10.6147813797
2005.10327148	14.3778858185
2005.86254883	11.877664566
2006.6217041	10.9003820419
2007.38085938	9.86870956421
2008.14001465	12.7898797989
2008.89916992	18.8545818329
2009.6583252	15.916841507
2010.41760254	8.40283489227
2011.17675781	14.0593414307
2011.93591309	12.5360689163
2012.69506836	12.0193729401
2013.45422363	14.3342418671
2014.21337891	17.0991325378
2014.97253418	12.3213195801
2015.73181152	8.6371088028
2016.4909668	11.189283371
2017.25012207	14.8693256378
2018.00927734	15.6832952499
2018.76843262	16.6987190247
2019.52758789	15.4454660416
2020.28674316	14.4752407074
2021.04602051	13.4708003998
2021.80517578	15.3468503952
2022.56433105	18.1686782837
2023.32348633	13.4927415848
2024.0826416	12.4834079742
2024.84179688	16.8828048706
2025.60095215	14.1157951355
2026.36022949	8.7797203064
2027.11938477	12.5182962418
2027.87854004	14.5585155487
2028.63769531	11.4995832443
2029.39685059	11.4877319336
2030.15600586	15.1280946732
2030.9152832	10.5710039139
2031.67443848	13.8053531647
2032.43359375	12.1985692978
2033.19274902	6.9130897522
2033.9519043	17.1561985016
2034.71105957	7.12430381775
2035.47021484	15.458407402
2036.22949219	18.6508750916
2036.98864746	15.3271026611
2037.74780273	13.0798921585
2038.50695801	13.6203327179
2039.26611328	12.8027791977
2040.02526855	8.31262588501
2040.78442383	20.0056400299
2041.54370117	14.6121072769
2042.30285645	16.5375957489
2043.06201172	17.2532844543
2043.82116699	16.6057815552
2044.58032227	12.4073991776
2045.33947754	14.2330417633
2046.09863281	12.3313055038
2046.85791016	6.95912837982
2047.61706543	15.3515434265
2048.3762207	13.5584726334
2049.13549805	14.0944452286
2049.89453125	17.2208805084
2050.65380859	18.9254646301
2051.4128418	17.226978302
2052.17211914	12.9965791702
2052.93115234	13.5857381821
2053.69042969	11.0716238022
2054.44970703	9.91962337494
2055.20874023	14.3490533829
2055.96801758	12.7645654678
2056.72705078	14.0016431808
2057.48632813	16.5052585602
2058.24536133	14.182934761
2059.00463867	9.46297168732
2059.76391602	12.5107164383
2060.52294922	15.3602056503
2061.28222656	11.1032934189
2062.04125977	12.4434671402
2062.80053711	17.0626602173
2063.55957031	17.2498264313
2064.31884766	14.5252256393
2065.078125	13.4633893967
2065.8371582	10.1607255936
2066.59643555	15.210682869
2067.35546875	20.4368343353
2068.11474609	15.3932943344
2068.8737793	11.3267822266
2069.63305664	17.8926239014
2070.39233398	20.1066894531
2071.15136719	15.4129056931
2071.91064453	11.6368818283
2072.66967773	8.6014289856
2073.42895508	18.2477226257
2074.18798828	17.4100170135
2074.94726563	9.89310359955
2075.70654297	16.6283245087
2076.46557617	20.4785079956
2077.22485352	18.4085235596
2077.98388672	10.4410037994
2078.74316406	14.7400007248
2079.50244141	12.8874158859
2080.26147461	14.5900392532
2081.02075195	17.0937843323
2081.77978516	14.7738933563
2082.5390625	11.9424200058
2083.2980957	14.3700027466
2084.05737305	21.5307769775
2084.81665039	20.6014404297
2085.57568359	17.92070961
2086.33496094	6.68716669083
2087.09399414	14.1283226013
2087.85327148	12.2862215042
2088.61230469	15.1213436127
2089.37158203	14.9471416473
2090.13085938	9.86560726166
2090.88989258	13.0782394409
2091.64916992	9.08403110504
2092.40820313	12.806306839
2093.16748047	15.6643772125
2093.92651367	16.2534599304
2094.68579102	16.6941184998
2095.44506836	17.1816902161
2096.20410156	17.9894237518
2096.96337891	8.83999443054
2097.72241211	10.6071853638
2098.48168945	22.0565872192
2099.24072266	12.4144229889
2100	15.3748874664
