200	39.6788024902
202.543609619	38.4112319946
205.087203979	30.5186309814
207.630813599	27.206943512
210.174423218	31.5431194305
212.718017578	34.3335952759
215.261627197	35.4896507263
217.805236816	34.6919174194
220.348831177	32.4713973999
222.892440796	39.2302398682
225.436050415	36.9412231445
227.979644775	38.0199050903
230.523254395	41.5850944519
233.066864014	42.3278083801
235.610458374	39.5883674622
238.154067993	43.6270713806
240.697677612	46.3960990906
243.241271973	48.5965461731
245.784881592	51.0733222961
248.328491211	45.7518806458
250.872085571	51.9998397827
253.41569519	52.9018936157
255.95930481	52.4813156128
258.50289917	54.8322486877
261.046508789	56.1249198914
263.590118408	48.5875663757
266.133728027	50.1873550415
268.677337646	54.2589874268
271.220916748	57.2334365845
273.764526367	62.5693626404
276.308135986	59.3814430237
278.851745605	59.2141304016
281.395355225	57.8199043274
283.938964844	57.5504188538
286.482543945	64.1086883545
289.026153564	55.0323638916
291.569763184	57.7880783081
294.113372803	61.1416244507
296.656982422	61.8839302063
299.200592041	60.5804100037
301.744171143	60.4181137085
304.287780762	63.2846183777
306.831390381	65.3595581055
309.375	64.9571456909
311.918609619	61.7804870605
314.462219238	57.5550498962
317.005828857	61.158531189
319.549407959	62.2000007629
322.093017578	65.4748306274
324.636627197	68.4618911743
327.180236816	62.4950561523
329.723846436	64.6127548218
332.267456055	66.3306732178
334.811035156	69.0148696899
337.354644775	70.9056549072
339.898254395	69.697517395
342.441864014	65.9457473755
344.985473633	64.7117767334
347.529083252	66.1782684326
350.072662354	65.8902130127
352.616271973	65.4448013306
355.159881592	75.976348877
357.703491211	71.404296875
360.24710083	65.680770874
362.790710449	64.9103317261
365.334289551	66.9823150635
367.87789917	66.543800354
370.421508789	67.8518600464
372.965118408	67.2743148804
375.508728027	67.3263244629
378.052337646	66.5854949951
380.595916748	64.6912994385
383.139526367	64.2001113892
385.683135986	67.3132476807
388.226745605	67.1060562134
390.770355225	68.7076339722
393.313964844	68.6953659058
395.857543945	62.5153656006
398.401153564	65.1394424438
400.944763184	65.5478668213
403.488372803	66.7207489014
406.031982422	65.0812759399
408.575592041	61.4870948792
411.119171143	63.3566093445
413.662780762	61.8770980835
416.206390381	67.0795516968
418.75	71.2719039917
421.293609619	70.3567199707
423.837219238	65.5439071655
426.380828857	68.8339614868
428.924407959	75.0978775024
431.468017578	75.4683074951
434.011627197	79.3197937012
436.555236816	86.3085403442
439.098846436	88.1528396606
441.642456055	85.5146179199
444.186035156	82.7303619385
446.729644775	86.5409088135
449.273254395	91.9808425903
451.816864014	95.2052001953
454.360473633	97.8838653564
456.904083252	106.472389221
459.447662354	110.716697693
461.991271973	115.032691956
464.534881592	117.269248962
467.078491211	116.851501465
469.62210083	122.309288025
472.165710449	125.653862
474.709289551	122.810997009
477.25289917	119.488090515
479.796508789	122.508392334
482.340118408	133.325164795
484.883728027	134.153488159
487.427337646	131.853775024
489.970916748	123.620018005
492.514526367	112.015190125
495.058135986	103.346038818
497.601745605	102.226394653
500.145355225	94.0897598267
502.688964844	85.1959609985
505.232543945	76.4618148804
507.776153564	71.7791061401
510.319763184	69.5388412476
512.863342285	64.0519256592
515.406982422	58.5666542053
517.950561523	52.4796409607
520.49420166	49.7911720276
523.037780762	48.5443305969
525.581420898	45.6623954773
528.125	39.4212188721
530.668579102	37.4219055176
533.212219238	32.1623649597
535.75579834	31.5479240417
538.299438477	31.340713501
540.843017578	28.3034172058
543.386657715	23.8567905426
545.930236816	26.691991806
548.473815918	21.1966152191
551.017456055	20.8210201263
553.561035156	22.4140701294
556.104675293	22.6510295868
558.648254395	21.1445045471
561.191833496	16.6310501099
563.735473633	19.6787929535
566.279052734	17.2445659637
568.822692871	13.2552185059
571.366271973	14.4966840744
573.909912109	22.7566680908
576.453491211	15.891459465
578.997070313	18.8212223053
581.540710449	20.1691589355
584.084289551	18.0433292389
586.627929688	16.5985641479
589.171508789	19.6885795593
591.715087891	17.6758918762
594.258728027	17.277097702
596.802307129	18.2342090607
599.345947266	18.0228443146
601.889526367	16.8747138977
604.433166504	16.3982391357
606.976745605	17.4069156647
609.520324707	18.4152908325
612.063964844	17.501449585
614.607543945	15.8398485184
617.151184082	14.5790071487
619.694763184	14.1580657959
622.238342285	14.1858758926
624.781982422	17.2160167694
627.325561523	16.5706119537
629.86920166	15.6221733093
632.412780762	16.7138080597
634.956420898	19.0633010864
637.5	19.7360134125
640.043579102	19.2301540375
642.587219238	13.8069067001
645.13079834	16.732339859
647.674438477	19.873632431
650.218017578	19.5586338043
652.761657715	16.7194156647
655.305236816	13.4205055237
657.848815918	14.6039886475
660.392456055	16.2111263275
662.936035156	17.5714035034
665.479675293	16.9304580688
668.023254395	15.1943874359
670.566833496	15.7463502884
673.110473633	15.2386379242
675.654052734	13.0088634491
678.197692871	11.8961782455
680.741271973	13.8892478943
683.284912109	17.0485420227
685.828491211	17.4701881409
688.372070313	13.0691680908
690.915710449	15.9538230896
693.459289551	15.3955974579
696.002929688	15.452750206
698.546508789	15.4681854248
701.090087891	14.4189167023
703.633728027	12.6862831116
706.177307129	11.8364524841
708.720947266	14.7291030884
711.264526367	13.8064546585
713.808166504	14.440700531
716.351745605	15.9461307526
718.895324707	16.4163532257
721.438964844	17.2946548462
723.982543945	18.4867763519
726.526184082	16.7498626709
729.069763184	15.9508399963
731.613342285	15.7049093246
734.156982422	15.2060689926
736.700561523	13.8570623398
739.24420166	11.4745798111
741.787780762	13.3516359329
744.331420898	18.3395576477
746.875	21.4271335602
749.418579102	18.899148941
751.962219238	14.5394058228
754.50579834	14.9668474197
757.049438477	18.0884780884
759.593017578	24.0726928711
762.136657715	23.5546665192
764.680236816	20.5706176758
767.223815918	18.4525566101
769.767456055	16.4903049469
772.311035156	13.5343561172
774.854675293	17.8044605255
777.398254395	19.0044822693
779.941833496	20.3476009369
782.485473633	16.6622447968
785.029052734	14.3780832291
787.572692871	17.4879646301
790.116271973	22.3628292084
792.659912109	20.9688720703
795.203491211	16.6746082306
797.747070313	20.0553760529
800.290710449	23.582567215
802.834289551	21.0185508728
805.377929688	17.2691459656
807.921508789	19.4538002014
810.465087891	15.7752408981
813.008728027	22.483001709
815.552307129	19.3869190216
818.095947266	19.2083873749
820.639526367	22.0480175018
823.183166504	22.6998004913
825.726745605	19.6906223297
828.270324707	21.5772151947
830.813964844	17.7858371735
833.357543945	13.991112709
835.901184082	17.3348464966
838.444763184	21.3013458252
840.988342285	22.2908744812
843.531982422	21.0820407867
846.075561523	19.8728694916
848.61920166	18.6633453369
851.162780762	17.6165904999
853.706420898	20.9571914673
856.25	23.5877742767
858.793579102	23.6553478241
861.337219238	23.6039085388
863.88079834	25.1324577332
866.424438477	18.8297328949
868.968017578	21.4292545319
871.511657715	22.3941345215
874.055236816	24.9145374298
876.598815918	26.0194072723
879.142456055	22.65143013
881.686035156	16.6212387085
884.229675293	15.7444791794
886.773254395	21.8178596497
889.316833496	19.4329357147
891.860473633	20.7098960876
894.404052734	20.9389839172
896.947692871	20.5679035187
899.491271973	21.1465740204
902.034912109	21.7465763092
904.578491211	20.2279968262
907.122070313	14.8327713013
909.665710449	18.3465518951
912.209289551	16.9186649323
914.752929688	16.9280338287
917.296508789	16.270532608
919.840087891	13.4030179977
922.383728027	15.7408313751
924.927307129	19.5772323608
927.470947266	16.6541481018
930.014526367	15.0179700851
932.558166504	11.4205265045
935.101745605	12.7904491425
937.645324707	15.1138429642
940.188964844	13.7669630051
942.732543945	16.9376754761
945.276184082	16.4133338928
947.819763184	15.7184391022
950.363342285	12.8398342133
952.906982422	13.6030483246
955.450561523	14.1337051392
957.99420166	14.5234489441
960.537780762	15.5582485199
963.081420898	11.7549676895
965.625	9.65284729004
968.168579102	15.2374744415
970.712219238	14.1543836594
973.25579834	14.1286754608
975.799438477	13.3412618637
978.343017578	10.7716569901
980.886657715	7.64532899857
983.430236816	5.135389328
985.973815918	9.17639160156
988.517456055	9.89842224121
991.061035156	9.39884567261
993.604675293	11.3423376083
996.148254395	10.0532464981
998.691833496	7.59999990463
1001.23547363	8.6192855835
1003.77905273	11.5183773041
1006.32269287	12.0008907318
1008.86627197	5.83974027634
1011.40991211	7.09494304657
1013.95349121	8.53852272034
1016.49707031	6.24354505539
1019.04071045	4.34619474411
1021.58428955	5.11474943161
1024.12792969	5.64249610901
1026.67150879	5
1029.21508789	5
1031.75866699	3.98714137077
1034.30236816	2.49098730087
1036.84594727	5.41802501678
1039.38952637	5.1305847168
1041.93310547	2.37325191498
1044.47668457	3.25852847099
1047.02038574	5.74441766739
1049.56396484	-0.381517201662
1052.10754395	0.149524495006
1054.65112305	2.92399930954
1057.19482422	6.07226371765
1059.73840332	5.71139144897
1062.28198242	1.85019886494
1064.82556152	0.940924465656
1067.36914063	4.56914520264
1069.9128418	1.84703814983
1072.4564209	2.20093250275
1075	2.37840795517
1077.5435791	0.217036366463
1080.0871582	-1.46793806553
1082.63085938	-0.777794420719
1085.17443848	-0.599019408226
1087.71801758	-1.40049862862
1090.26159668	-0.246906280518
1092.80517578	1.95545721054
1095.34887695	-1.60094821453
1097.89245605	-3.38022184372
1100.43603516	-0.635904073715
1102.97961426	-0.470172196627
1105.52331543	-1.58477377892
1108.06689453	-2.29029917717
1110.61047363	-1.98867344856
1113.15405273	-0.451419830322
1115.69763184	1.69901406765
1118.24133301	-0.368247896433
1120.78491211	1.23729479313
1123.32849121	-0.20466029644
1125.87207031	-1.29490017891
1128.41564941	-2.18760371208
1130.95935059	-1.06116306782
1133.50292969	-0.89779073
1136.04650879	-3.02466678619
1138.59008789	-1.96753907204
1141.13366699	-1.98021996021
1143.67736816	-4.84373903275
1146.22094727	-6.18476009369
1148.76452637	-2.39798665047
1151.30810547	-2.78240609169
1153.85168457	-2.94806194305
1156.39538574	-2.88526797295
1158.93896484	-1.91919052601
1161.48254395	1.24887228012
1164.02612305	-1.75342011452
1166.56982422	-4.35512971878
1169.11340332	-1.66461730003
1171.65698242	-2.85694909096
1174.20056152	-4.048828125
1176.74414063	-4.7633433342
1179.2878418	-2.47979521751
1181.8314209	-0.322200357914
1184.375	0.346513181925
1186.9185791	2.0756547451
1189.4621582	-1.96151566505
1192.00585938	-5.19961738586
1194.54943848	-3.21957111359
1197.09301758	-4.12070083618
1199.63659668	-3.69895076752
1202.18017578	-3.88147187233
1204.72387695	-4.09942054749
1207.26745605	-2.70652246475
1209.81103516	-0.616529405117
1212.35461426	-1.32191085815
1214.89831543	-5.57792663574
1217.44189453	-5.38471746445
1219.98547363	-4.30159568787
1222.52905273	-2.72618341446
1225.07263184	-1.38909339905
1227.61633301	-1.62546527386
1230.15991211	-4.75328636169
1232.70349121	-5.46507692337
1235.24707031	-3.60550737381
1237.79064941	-4.10896539688
1240.33435059	-2.66811513901
1242.87792969	0.167900636792
1245.42150879	-3.81773328781
1247.96508789	-0.716320872307
1250.50866699	-0.662244260311
1253.05236816	-4.18291330338
1255.59594727	-7.08317661285
1258.13952637	-5.74409103394
1260.68310547	-3.40000009537
1263.22668457	-4.00965166092
1265.77038574	-3.95314121246
1268.31396484	0.964702010155
1270.85754395	-2.31511521339
1273.40112305	-5.95013380051
1275.94482422	-3.99902796745
1278.48840332	-2.39074969292
1281.03198242	-5.99188756943
1283.57556152	-5.58454227448
1286.11914063	-4.18786907196
1288.6628418	-3.02075362206
1291.2064209	-1.33295667171
1293.75	-2.35128831863
1296.2935791	-0.178266257048
1298.8371582	-1.47743046284
1301.38085938	-3.30071163177
1303.92443848	-3.40000009537
1306.46801758	-4.01955604553
1309.01159668	-1.5898001194
1311.55517578	-1.8400042057
1314.09887695	-2.49206137657
1316.64245605	-1.85882461071
1319.18603516	-1.19601917267
1321.72961426	-0.292586416006
1324.27331543	0.763598263264
1326.81689453	-1.4661667347
1329.36047363	-2.19778823853
1331.90405273	0.718700230122
1334.44763184	-0.324396729469
1336.99133301	1.48103165627
1339.53491211	3.64952373505
1342.07849121	2.4445078373
1344.62207031	1.68821060658
1347.16564941	-0.376409798861
1349.70935059	-1.99205291271
1352.25292969	3.14550733566
1354.79650879	3.50385212898
1357.34008789	2.70451617241
1359.88366699	-0.785253286362
1362.42736816	-1.34849894047
1364.97094727	0.599321007729
1367.51452637	-0.504510462284
1370.05810547	-1.40274703503
1372.60168457	0.881090521812
1375.14538574	0.761331379414
1377.68896484	-0.827597737312
1380.23254395	-0.459489792585
1382.77612305	-0.0370277389884
1385.31982422	0.785369992256
1387.86340332	2.30879187584
1390.40698242	1.47185122967
1392.95056152	-1.84683418274
1395.49414063	-1.47222149372
1398.0378418	-4.92893886566
1400.5814209	-1.16178429127
1403.125	-1.47258245945
1405.6685791	-2.3716378212
1408.2121582	-2.59551334381
1410.75585938	-2.58185911179
1413.29943848	-1.72626507282
1415.84301758	-1.7862432003
1418.38659668	-3.36179566383
1420.93017578	-3.06096506119
1423.47387695	-2.13107204437
1426.01745605	-5.09426498413
1428.56103516	-5.55705833435
1431.10461426	-2.81685066223
1433.64831543	-2.49791955948
1436.19189453	-1.3909099102
1438.73547363	-0.800000011921
1441.27905273	0.35725364089
1443.82263184	0.583486676216
1446.36633301	-1.31478023529
1448.90991211	-2.7381606102
1451.45349121	-3.4083712101
1453.99707031	-6.06649303436
1456.54064941	-6.05647325516
1459.08435059	-2.78052663803
1461.62792969	-2.03668642044
1464.17150879	1.71376645565
1466.71508789	0.897542476654
1469.25866699	-0.889063775539
1471.80236816	-3.154920578
1474.34594727	-3.51524972916
1476.88952637	-4.05981731415
1479.43310547	-3.48650121689
1481.97668457	-3.28266239166
1484.52038574	-5.39961194992
1487.06396484	-6.01218271255
1489.60754395	-6.08514642715
1492.15112305	-3.84266591072
1494.69482422	-2.72266983986
1497.23840332	-1.60230886936
1499.78198242	-1.04081439972
1502.32556152	-3.42530322075
1504.86914063	-1.71828579903
1507.4128418	-2.52368211746
1509.9564209	-3
1512.5	-4.57480049133
1515.0435791	-3.86802577972
1517.5871582	-2.3045861721
1520.13085938	-2.77846717834
1522.67443848	-4.15931463242
1525.21801758	-4.11165189743
1527.76159668	-1.31046962738
1530.30517578	-1
1532.84887695	-0.842283070087
1535.39245605	0.430188477039
1537.93603516	-3.88492369652
1540.47961426	-3.26937699318
1543.02331543	-2.68851542473
1545.56689453	-4.0245885849
1548.11047363	-4.98445796967
1550.65405273	-5.2000002861
1553.19763184	-4.58960294724
1555.74133301	-2.21734380722
1558.28491211	-1.09162139893
1560.82849121	-2.11898899078
1563.37207031	-1.60464727879
1565.91564941	0.210966855288
1568.45935059	-0.0973680615425
1571.00292969	-0.436247169971
1573.54650879	-3.50865387917
1576.09008789	-6.13213396072
1578.63366699	-1.05858314037
1581.17736816	-3.13409900665
1583.72094727	-0.641629099846
1586.26452637	-0.743058383465
1588.80810547	-0.319205194712
1591.35168457	-1.69139063358
1593.89538574	0.28574052453
1596.43896484	0.256002217531
1598.98254395	0.8779976964
1601.52612305	-1.88564765453
1604.06982422	-1.89305984974
1606.61340332	1.38139474392
1609.15698242	0.726989984512
1611.70056152	0.600000023842
1614.24414063	-0.125116705894
1616.7878418	-1.99322521687
1619.3314209	-1.10738885403
1621.875	-0.49781742692
1624.4185791	0.138257309794
1626.9621582	-4.79338121414
1629.50585938	-1.95575678349
1632.04943848	-3.77362680435
1634.59301758	-4.16927528381
1637.13659668	-0.536354243755
1639.68017578	1.29570639133
1642.22387695	-1.88262474537
1644.76745605	-0.940080881119
1647.31103516	-0.437558054924
1649.85461426	-2.64876294136
1652.39831543	-3.29843568802
1654.94189453	-1.9658870697
1657.48547363	-2.01078867912
1660.02905273	-3.27157402039
1662.57263184	-3.77251172066
1665.11633301	-4.8108124733
1667.65991211	-5.01013469696
1670.20349121	-3.73634505272
1672.74707031	-4.52456235886
1675.29064941	-5.44735813141
1677.83435059	-5.86796474457
1680.37792969	-2.04808998108
1682.92150879	-6.33892011642
1685.46508789	-5.16191244125
1688.00866699	-4.14534139633
1690.55236816	-6.10799837112
1693.09594727	-4.45183849335
1695.63952637	-6.84038543701
1698.18310547	-5.0042424202
1700.72668457	-4.11049413681
1703.27038574	-5.71045780182
1705.81396484	-4.60745048523
1708.35754395	-2.48839569092
1710.90112305	-1.5300039053
1713.44482422	-2.62898683548
1715.98840332	-6.11892080307
1718.53198242	-7.78291606903
1721.07556152	-6.7543129921
1723.61914063	-5.71955347061
1726.1628418	-4.49086999893
1728.7064209	-4.83762025833
1731.25	-5.02975225449
1733.7935791	-4.89249944687
1736.3371582	-2.65792584419
1738.88085938	-5.98671388626
1741.42443848	-5.60172319412
1743.96801758	-3.4928381443
1746.51159668	-5.79421329498
1749.05517578	-8.82744503021
1751.59887695	-4.62549304962
1754.14245605	-3.96220564842
1756.68603516	-4.61977481842
1759.22961426	-4.06093549728
1761.77331543	-3.09617424011
1764.31689453	-4.13688564301
1766.86047363	-6.06716012955
1769.40405273	-3.20475959778
1771.94763184	-1.25209510326
1774.49133301	-1.91859328747
1777.03491211	-2.49830722809
1779.57849121	-1.50092637539
1782.12207031	-0.948276042938
1784.66564941	-2.20000004768
1787.20935059	-3.51791977882
1789.75292969	-4.59752655029
1792.29650879	-2.86493110657
1794.84008789	-3.91258597374
1797.38366699	-3.41461110115
1799.92736816	-6.04173564911
1802.47094727	-5.98614120483
1805.01452637	-5.17812871933
1807.55810547	-5.84470653534
1810.10168457	-3.35963225365
1812.64538574	-4.9763174057
1815.18896484	-4.53980636597
1817.73254395	-2.59925413132
1820.27612305	-2.21067500114
1822.81982422	-5.7911157608
1825.36340332	-5.44940853119
1827.90698242	-5.40000009537
1830.45056152	-5.91791725159
1832.99414063	-6.66892528534
1835.5378418	-5.66615104675
1838.0814209	-2.57938718796
1840.625	-1.19379818439
1843.1685791	-1.58557105064
1845.7121582	-3.77901339531
1848.25585938	-3.37226963043
1850.79943848	-6.08610630035
1853.34301758	-4.88871479034
1855.88659668	-3.44362545013
1858.43017578	-2.31188344955
1860.97387695	-1.73712599277
1863.51745605	-2.64636826515
1866.06103516	-4.95433425903
1868.60461426	-6.40255451202
1871.14831543	-3.37077116966
1873.69189453	-3.70807647705
1876.23547363	-7.40040254593
1878.77905273	-6.03004693985
1881.32263184	-5.66344642639
1883.86633301	-6.54623603821
1886.40991211	-7.07623100281
1888.95349121	-6.4289598465
1891.49707031	-4.55000925064
1894.04064941	-5.97167015076
1896.58435059	-5.49163246155
1899.12792969	-3.99531912804
1901.67150879	-7.36846780777
1904.21508789	-7.58209943771
1906.75866699	-4.61582136154
1909.30236816	-7.7520070076
1911.84594727	-6.18431377411
1914.38952637	-3.36922669411
1916.93310547	-0.131836280227
1919.47668457	-3.82204174995
1922.02038574	-4.18925380707
1924.56396484	-6.01576471329
1927.10754395	-6.12337446213
1929.65112305	-4.95141506195
1932.19482422	-4.01370239258
1934.73840332	-4.31096315384
1937.28198242	-0.0234201867133
1939.82556152	-3.96963691711
1942.36914063	-2.43315958977
1944.9128418	-2.40000009537
1947.4564209	-1.63741314411
1950	-1.60000002384
1952.5435791	-4.38717365265
1955.0871582	-5.51741218567
1957.63085938	-5.41878271103
1960.17443848	-3.60991096497
1962.71801758	-1.27772545815
1965.26159668	-6.41779518127
1967.80517578	-6.16358375549
1970.34887695	-6.00000047684
1972.89245605	-4.48027849197
1975.43603516	-5.36908006668
1977.97961426	-5.10433197021
1980.52331543	-2.54765248299
1983.06689453	-6.69280767441
1985.61047363	-5.5570602417
1988.15405273	-5
1990.69763184	-5.31459569931
1993.24133301	-3.99714422226
1995.78491211	-0.198752939701
1998.32849121	-4.25956678391
2000.87207031	-3.97511315346
2003.41564941	-3.70197463036
2005.95935059	-3.65011072159
2008.50292969	-2.11624121666
2011.04650879	-4.82134437561
2013.59008789	-5.35945606232
2016.13366699	-3.86474514008
2018.67736816	-5.50903606415
2021.22094727	-6.86031627655
2023.76452637	-4.96171855927
2026.30810547	-3.95194101334
2028.85168457	-2.27713632584
2031.39538574	-2.43368077278
2033.93896484	-4.67632341385
2036.48254395	-3.89799904823
2039.02612305	-1.93645191193
2041.56982422	-4.54237365723
2044.11340332	-6.22740650177
2046.65698242	-2.13935184479
2049.20068359	-3.76844072342
2051.74414063	-5.32948493958
2054.2878418	-3.17412805557
2056.83129883	-2.57103276253
2059.375	-4.45911645889
2061.91870117	-4.0076341629
2064.4621582	-6.36172866821
2067.00585938	-5.00917005539
2069.54931641	-7.16444396973
2072.09301758	-6.4510216713
2074.63671875	-3.99649405479
2077.18017578	-5.2685751915
2079.72387695	-6.42964601517
2082.26733398	-4.98597097397
2084.81103516	-6.05046606064
2087.35473633	-5.38307666779
2089.89819336	-5.24723720551
2092.44189453	-3.40236639977
2094.98535156	-3.96362018585
2097.52905273	-4.62143850327
2100.07275391	-4.63173341751
2102.61621094	-5.20482635498
2105.15991211	-3.91523933411
2107.70336914	-5.55594396591
2110.24707031	-1.71354234219
2112.79077148	-3.42169094086
2115.33422852	-4.76939964294
2117.87792969	-5.04804468155
2120.42163086	-3.28021407127
2122.96508789	-3.64971399307
2125.50878906	-2.77012896538
2128.05224609	-6.00563192368
2130.59594727	-3.31530189514
2133.13964844	-1.49275386333
2135.68310547	-4.13662242889
2138.22680664	-4.42625617981
2140.77026367	-3.42607831955
2143.31396484	-3.27537465096
2145.85766602	-2.87802696228
2148.40112305	-4.37125825882
2150.94482422	-3.04797410965
2153.48828125	-5.08712625504
2156.03198242	-4.34973812103
2158.57568359	-1.13998281956
2161.11914063	-2.84659409523
2163.6628418	-5.45471525192
2166.20629883	-3.85202121735
2168.75	-4.75146579742
2171.29370117	-1.91254460812
2173.8371582	-1.44002258778
2176.38085938	-4.41182041168
2178.92431641	-3.53398036957
2181.46801758	-3.99609827995
2184.01171875	-3.18058133125
2186.55517578	-3.04127454758
2189.09887695	-6.26239871979
2191.64233398	-5.36498355865
2194.18603516	-5.75721931458
2196.72973633	-5.30072307587
2199.27319336	-6.01088476181
2201.81689453	-7.2891368866
2204.36035156	-5.17753410339
2206.90405273	-2.91562414169
2209.44775391	-4.96501731873
2211.99121094	-5.72073554993
2214.53491211	-5.84001255035
2217.07836914	-4.35454320908
2219.62207031	-4.81002283096
2222.16577148	-4.64641237259
2224.70922852	-2.50603199005
2227.25292969	-3.57487463951
2229.79663086	-3.80355763435
2232.34008789	-3.24639701843
2234.88378906	-3.42604708672
2237.42724609	-5.74695968628
2239.97094727	-4.06229305267
2242.51464844	-3.67815947533
2245.05810547	-3.55891609192
2247.60180664	-4.34400320053
2250.14526367	-4.35436582565
2252.68896484	-3.44737815857
2255.23266602	-4.55074977875
2257.77612305	-3.71542334557
2260.31982422	-4.22519922256
2262.86328125	-3.25250387192
2265.40698242	-1.52268695831
2267.95068359	-3.80293941498
2270.49414063	-2.72031974792
2273.0378418	-2.97043704987
2275.58129883	-2.16328477859
2278.125	-2.5968310833
2280.66870117	-4.07802629471
2283.2121582	-5.21731138229
2285.75585938	-4.30938386917
2288.29931641	-4.50544071198
2290.84301758	-3.40376925468
2293.38671875	-3.81183862686
2295.93017578	-2.46091032028
2298.47387695	-4.11607599258
2301.01733398	-2.40454602242
2303.56103516	-3.10024785995
2306.10473633	-2.8212492466
2308.64819336	-2.09996128082
2311.19189453	-2.8521630764
2313.73535156	-3.93580746651
2316.27905273	-2.66332960129
2318.82275391	-2.3462665081
2321.36621094	-3.42531728745
2323.90991211	-2.53791570663
2326.45336914	-2.78508162498
2328.99707031	-1.35347950459
2331.54077148	-1.03930842876
2334.08422852	3.57092046738
2336.62792969	3.84923648834
2339.17163086	-0.0514051690698
2341.71508789	-2.8903234005
2344.25878906	-3.59022688866
2346.80224609	0.650798976421
2349.34594727	-0.752346754074
2351.88964844	1.5634881258
2354.43310547	-4.0013756752
2356.97680664	-3.71106886864
2359.52026367	-1.17708611488
2362.06396484	-1.66181266308
2364.60766602	-2.05192995071
2367.15112305	-1.15314328671
2369.69482422	0.303770214319
2372.23828125	-0.994146227837
2374.78198242	-1.50795471668
2377.32568359	-0.971390008926
2379.86914063	0.545580744743
2382.4128418	0.400032758713
2384.95629883	0.0735690295696
2387.5	-1.77115237713
2390.04370117	-0.964447557926
2392.5871582	0.886785805225
2395.13085938	2.04655480385
2397.67431641	0.0636370480061
2400.21801758	-0.321998000145
2402.76171875	-0.782899081707
2405.30517578	4.62696361542
2407.84887695	4.07970952988
2410.39233398	3.917740345
2412.93603516	4.00360965729
2415.47973633	5.26183462143
2418.02319336	3.67573642731
2420.56689453	8.20976257324
2423.11035156	8.92735004425
2425.65405273	11.134018898
2428.19775391	12.7694129944
2430.74121094	15.0685873032
2433.28491211	20.9237480164
2435.82836914	27.2650699615
2438.37207031	33.3251724243
2440.91577148	39.226650238
2443.45922852	35.4640846252
2446.00292969	32.9402351379
2448.54663086	30.4044189453
2451.09008789	25.5460700989
2453.63378906	19.6052150726
2456.17724609	15.7082700729
2458.72094727	16.502664566
2461.26464844	13.8160581589
2463.80810547	11.1192302704
2466.35180664	9.92024326324
2468.89526367	9.83599948883
2471.43896484	7.80938529968
2473.98266602	6.69496393204
2476.52612305	7.40489912033
2479.06982422	3.5164513588
2481.61328125	7.64650201797
2484.15698242	6.49881267548
2486.70068359	5.7151517868
2489.24414063	5.85034704208
2491.7878418	6.35438251495
2494.33129883	6.06605577469
2496.875	4.98339891434
2499.41870117	5.41396665573
2501.9621582	5.86058235168
2504.50585938	4.4528875351
2507.04931641	3.50879216194
2509.59301758	4.65516996384
2512.13671875	3.57077074051
2514.68017578	5.55280160904
2517.22387695	5.54579544067
2519.76733398	4.72461986542
2522.31103516	5.73943996429
2524.85473633	4.47006464005
2527.39819336	3.0601978302
2529.94189453	8.16001605988
2532.48535156	4.93505001068
2535.02905273	4.9650144577
2537.57275391	7.14439725876
2540.11621094	5.17233228683
2542.65991211	4.56782102585
2545.20336914	4.15166854858
2547.74707031	3.12547111511
2550.29077148	3.94870376587
2552.83422852	3.57364535332
2555.37792969	4.71672725677
2557.92163086	2.00658869743
2560.46508789	2.37803649902
2563.00878906	2.3547873497
2565.55224609	3.91147446632
2568.09594727	1.19638001919
2570.63964844	1.08973157406
2573.18310547	0.823534548283
2575.72680664	0.868817687035
2578.27026367	2.90497851372
2580.81396484	1.45869958401
2583.35766602	2.69944739342
2585.90112305	3.77000164986
2588.44482422	3.57067513466
2590.98828125	2.54614853859
2593.53198242	4.85446119308
2596.07568359	4.01949071884
2598.61914063	3.94667506218
2601.1628418	4.09168577194
2603.70629883	1.11401081085
2606.25	1.99282598495
2608.79370117	4.47037029266
2611.3371582	2.52169084549
2613.88085938	3.56607532501
2616.42431641	3.02172398567
2618.96801758	3.62724208832
2621.51171875	2.29584169388
2624.05517578	3.58708238602
2626.59887695	3.46057963371
2629.14233398	1.02158784866
2631.68603516	0.394388228655
2634.22973633	1.89936625957
2636.77319336	3.03619194031
2639.31689453	1.79138839245
2641.86035156	3.30523324013
2644.40405273	6.36060714722
2646.94775391	4.69702291489
2649.49121094	2.38845777512
2652.03491211	1.11716032028
2654.57836914	2.01753044128
2657.12207031	3.72123908997
2659.66577148	4.7554936409
2662.20922852	2.67423200607
2664.75292969	1.79852771759
2667.29663086	1.83108186722
2669.84008789	3.28314304352
2672.38378906	2.02449083328
2674.92724609	4.48124599457
2677.47094727	5.11894893646
2680.01464844	4.29609489441
2682.55810547	2.60567688942
2685.10180664	3.99288129807
2687.64526367	5.43475580215
2690.18896484	5.89048337936
2692.73266602	5.10478448868
2695.27612305	2.88250112534
2697.81982422	5.7770075798
2700.36328125	4.99031448364
2702.90698242	5.01239395142
2705.45068359	4.56891489029
2707.99414063	3.79944062233
2710.5378418	4.88353872299
2713.08129883	4.4937338829
2715.625	4.50161457062
2718.16870117	4.12658309937
2720.7121582	3.04064869881
2723.25585938	4.24324560165
2725.79931641	4.21923875809
2728.34301758	5.56629037857
2730.88671875	5.16221761703
2733.43017578	1.86786222458
2735.97387695	4.17934799194
2738.51733398	2.33682513237
2741.06103516	3.13217329979
2743.60473633	7.77515459061
2746.14819336	6.30793237686
2748.69189453	2.8948264122
2751.23535156	1.46485090256
2753.77905273	3.28187608719
2756.32275391	5.77866983414
2758.86621094	5.21096944809
2761.40991211	4.06556653976
2763.95336914	2.65125536919
2766.49707031	1.83242404461
2769.04077148	6.00450372696
2771.58422852	6.00204277039
2774.12792969	2.27726554871
2776.67163086	3.82783126831
2779.21508789	6.60810184479
2781.75878906	5.69185781479
2784.30224609	6.88686847687
2786.84594727	3.40018415451
2789.38964844	5.79073858261
2791.93310547	4.69577741623
2794.47680664	5.01467514038
2797.02026367	7.17185115814
2799.56396484	6.97304487228
2802.10766602	4.88469982147
2804.65112305	6.96740293503
2807.19482422	5.2301659584
2809.73828125	4.81156587601
2812.28198242	4.33108091354
2814.82568359	5.08360099792
2817.36914063	6.63048934937
2819.9128418	2.90972232819
2822.45629883	3.74561619759
2825	3.57703733444
2827.54370117	4.24980115891
2830.0871582	1.7783895731
2832.63085938	4.58280754089
2835.17431641	6.848072052
2837.71801758	6.17797613144
2840.26171875	7.42991638184
2842.80517578	7.14633131027
2845.34887695	4.40908813477
2847.89233398	5.67050600052
2850.43603516	2.18857526779
2852.97973633	5.2595076561
2855.52319336	6.08253717422
2858.06689453	2.96687960625
2860.61035156	2.64444303513
2863.15405273	7.50477313995
2865.69775391	8.07897281647
2868.24121094	6.60442781448
2870.78491211	5.75779819489
2873.32836914	1.29573082924
2875.87207031	5.91681432724
2878.41577148	2.19664883614
2880.95922852	2.18848466873
2883.50292969	4.80937194824
2886.04663086	5.19052600861
2888.59008789	6.83927774429
2891.13378906	2.97807621956
2893.67724609	3.23852205276
2896.22094727	5.79363822937
2898.76464844	7.76546239853
2901.30810547	3.53057193756
2903.85180664	3.24016332626
2906.39526367	4.55084276199
2908.93896484	4.43533706665
2911.48266602	7.20383739471
2914.02612305	4.38963985443
2916.56982422	5.51818466187
2919.11328125	5.10390663147
2921.65698242	4.98531341553
2924.20068359	5.04282283783
2926.74414063	5.88450193405
2929.2878418	5.17296934128
2931.83129883	6.90827274323
2934.375	5.85307216644
2936.91870117	7.42271518707
2939.4621582	4.29121732712
2942.00585938	7.1969461441
2944.54931641	7.41464471817
2947.09301758	6.97131252289
2949.63671875	8.56285858154
2952.18017578	8.29331111908
2954.72387695	7.48451852798
2957.26733398	8.18677425385
2959.81103516	11.716840744
2962.35473633	6.21412611008
2964.89819336	5.74230861664
2967.44189453	5.4156961441
2969.98535156	6.58319950104
2972.52905273	5.8035402298
2975.07275391	8.11965656281
2977.61621094	7.60414505005
2980.15991211	5.35998392105
2982.70336914	3.79609251022
2985.24707031	3.4864385128
2987.79077148	5.85496616364
2990.33422852	5.88149642944
2992.87792969	2.89636564255
2995.42163086	4.3820476532
2997.96508789	5.95745611191
3000.50878906	3.9991300106
3003.05224609	5.89672660828
3005.59594727	3.52187633514
3008.13964844	3.09316372871
3010.68310547	2.35875082016
3013.22680664	0.78031873703
3015.77026367	2.09119796753
3018.31396484	1.84762239456
3020.85766602	-0.266429901123
3023.40112305	3.31159090996
3025.94482422	6.29980134964
3028.48828125	4.49199914932
3031.03198242	2.9637966156
3033.57568359	4.70474672318
3036.11914063	6.52304029465
3038.6628418	2.84564113617
3041.20629883	1.23882627487
3043.75	5.08111619949
3046.29370117	3.99077439308
3048.8371582	1.31346559525
3051.38085938	4.88834095001
3053.92431641	4.71652889252
3056.46801758	6.08939933777
3059.01171875	7.3723950386
3061.55517578	2.77053403854
3064.09887695	1.83132171631
3066.64233398	1.4990748167
3069.18603516	3.54893040657
3071.72973633	4.33330440521
3074.27319336	4.61074304581
3076.81689453	6.81313705444
3079.36035156	7.37830209732
3081.90405273	4.9428024292
3084.44775391	7.30729579926
3086.99121094	4.84067773819
3089.53491211	4.83206272125
3092.07836914	5.05376911163
3094.62207031	6.31235074997
3097.16577148	5.43966388702
3099.70922852	4.60486650467
3102.25292969	3.50116419792
3104.79663086	0.366592407227
3107.34008789	1.88327121735
3109.88378906	3.83132147789
3112.42724609	3.66279840469
3114.97094727	4.81394672394
3117.51464844	6.28308534622
3120.05810547	6.24877500534
3122.60180664	4.31224298477
3125.14526367	4.7188668251
3127.68896484	5.74809026718
3130.23266602	5.28995800018
3132.77612305	4.23183059692
3135.31982422	4.16829299927
3137.86328125	3.74295139313
3140.40698242	6.7832660675
3142.95068359	8.05405235291
3145.49414063	5.10177898407
3148.0378418	4.89161205292
3150.58129883	2.23132133484
3153.125	2.23132133484
3155.66870117	2.56274652481
3158.2121582	4.29043340683
3160.75585938	3.66239190102
3163.29931641	4.03973484039
3165.84301758	6.48532295227
3168.38671875	3.20145487785
3170.93017578	4.5097155571
3173.47387695	3.53314709663
3176.01733398	5.17384052277
3178.56103516	5.21401548386
3181.10473633	9.61839389801
3183.64819336	3.22679805756
3186.19189453	2.99665498734
3188.73535156	8.41861248016
3191.27905273	3.16977477074
3193.82275391	2.59758853912
3196.36621094	7.12582159042
3198.90991211	6.14716863632
3201.45336914	5.50153779984
3203.99707031	4.73053312302
3206.54077148	6.14981079102
3209.08422852	4.56102371216
3211.62792969	4.44467735291
3214.17163086	6.06728839874
3216.71508789	4.63132143021
3219.25878906	4.26873683929
3221.80224609	3.69928216934
3224.34594727	6.58908557892
3226.88964844	7.55806159973
3229.43310547	5.06680202484
3231.97680664	9.02152061462
3234.52026367	6.69106912613
3237.06396484	3.22973275185
3239.60766602	5.11188268661
3242.15112305	5.71190595627
3244.69482422	2.9345293045
3247.23828125	4.79351568222
3249.78198242	3.35081124306
3252.32568359	4.09414339066
3254.86914063	3.84795689583
3257.4128418	5.2376332283
3259.95629883	3.1487197876
3262.5	9.47419834137
3265.04370117	6.43425226212
3267.5871582	6.75624895096
3270.13085938	6.56020069122
3272.67431641	4.6708240509
3275.21801758	5.7364115715
3277.76171875	4.65686511993
3280.30517578	8.47153282166
3282.84887695	6.27743864059
3285.39233398	6.04945135117
3287.93603516	2.83191680908
3290.47973633	7.92713594437
3293.02319336	6.2040143013
3295.56689453	3.17579555511
3298.11035156	4.89030361176
3300.65405273	6.51584672928
3303.19775391	7.48946714401
3305.74121094	5.58803081512
3308.28491211	7.3476600647
3310.82836914	5.67550182343
3313.37207031	6.85979366302
3315.91577148	7.40338802338
3318.45922852	10.6643629074
3321.00292969	7.04839754105
3323.54663086	5.29463911057
3326.09008789	2.89330434799
3328.63378906	5.3567481041
3331.17724609	5.3481259346
3333.72094727	5.47865915298
3336.26464844	10.9637641907
3338.80810547	7.09792804718
3341.35180664	6.08530759811
3343.89526367	5.32615375519
3346.43896484	6.92574930191
3348.98266602	4.43822574615
3351.52612305	6.6989364624
3354.06982422	7.18239879608
3356.61328125	7.12493181229
3359.15698242	8.21802997589
3361.70068359	4.00984191895
3364.24414063	5.96956205368
3366.7878418	8.98333072662
3369.33129883	6.08843421936
3371.875	7.66322946548
3374.41870117	6.63132143021
3376.9621582	6.27093553543
3379.50585938	3.99526000023
3382.04931641	8.15933513641
3384.59301758	9.21521282196
3387.13671875	10.2071390152
3389.68017578	6.12961816788
3392.22387695	12.1504859924
3394.76733398	8.26338386536
3397.31103516	7.47201633453
3399.85473633	7.3488035202
3402.39819336	8.98500156403
3404.94189453	3.63322067261
3407.48535156	7.28253936768
3410.02905273	7.93629455566
3412.57275391	8.13977622986
3415.11621094	8.408867836
3417.65991211	6.5552444458
3420.20336914	12.8377275467
3422.74707031	14.0004787445
3425.29077148	10.7272090912
3427.83422852	7.45910215378
3430.37792969	9.51970863342
3432.92163086	11.6813602448
3435.46508789	8.72233867645
3438.00878906	10.6523933411
3440.55224609	9.96365737915
3443.09594727	8.10063648224
3445.63964844	5.10407066345
3448.18310547	7.88306093216
3450.72680664	7.50622272491
3453.27026367	10.5832071304
3455.81396484	8.32476806641
3458.35766602	8.1248664856
3460.90112305	9.73087882996
3463.44482422	8.16832637787
3465.98828125	7.15206098557
3468.53198242	6.92030668259
3471.07568359	7.44180727005
3473.61914063	7.27622318268
3476.1628418	5.77569198608
3478.70629883	9.83648395538
3481.25	9.47824573517
3483.79370117	10.3204612732
3486.3371582	11.1501712799
3488.88085938	9.07763957977
3491.42431641	7.15031147003
3493.96801758	6.45529556274
3496.51171875	7.53387641907
3499.05517578	8.39824199677
3501.59887695	7.93083381653
3504.14233398	7.46797418594
3506.68603516	7.77803707123
3509.22973633	8.94931125641
3511.77319336	10.3526697159
3514.31689453	7.58366823196
3516.86035156	7.50191688538
3519.40405273	6.5360250473
3521.94775391	5.99894237518
3524.49121094	7.91297101974
3527.03491211	6.77247905731
3529.57836914	5.96980524063
3532.12207031	10.2208709717
3534.66577148	7.39934873581
3537.20922852	7.80194568634
3539.75292969	6.84099340439
3542.29663086	9.2721118927
3544.84008789	4.92622327805
3547.38378906	6.17503023148
3549.92724609	6.92380475998
3552.47094727	9.67888736725
3555.01464844	5.43055725098
3557.55810547	8.12038993835
3560.10180664	5.94516086578
3562.64526367	5.89087152481
3565.18896484	7.6552362442
3567.73266602	12.2010154724
3570.27612305	8.54075241089
3572.81982422	7.07494306564
3575.36328125	8.81618976593
3577.90698242	8.84251689911
3580.45068359	8.68808174133
3582.99414063	6.52877378464
3585.5378418	6.36796092987
3588.08129883	5.84485292435
3590.625	8.77866458893
3593.16870117	7.85181903839
3595.7121582	7.00514984131
3598.25585938	7.78781270981
3600.79931641	9.1562461853
3603.34301758	11.3148202896
3605.88671875	9.46443748474
3608.43017578	12.9449357986
3610.97387695	8.77894115448
3613.51733398	6.03447628021
3616.06103516	6.98422765732
3618.60473633	8.22010231018
3621.14819336	10.2784767151
3623.69189453	11.2581138611
3626.23535156	10.3600492477
3628.77905273	8.7392988205
3631.32275391	9.08055591583
3633.86621094	7.92131996155
3636.40991211	12.8562479019
3638.95336914	9.34172058105
3641.49707031	9.02386474609
3644.04077148	9.90504550934
3646.58422852	5.01069021225
3649.12792969	12.5904254913
3651.67163086	11.1841592789
3654.21508789	9.95337867737
3656.75878906	8.00189781189
3659.30224609	9.14476203918
3661.84594727	7.37695837021
3664.38964844	7.75100898743
3666.93310547	6.99846696854
3669.47680664	11.4225168228
3672.02026367	12.3298835754
3674.56396484	9.61908054352
3677.10766602	9.69958019257
3679.65112305	11.6120872498
3682.19482422	10.1310148239
3684.73828125	10.5158720016
3687.28198242	9.63192844391
3689.82568359	12.7014322281
3692.36914063	9.99029159546
3694.9128418	10.4542655945
3697.45629883	11.9165258408
3700	11.3054523468
