400	86.3322219849
400.758666992	87.4300231934
401.517303467	91.611618042
402.275970459	90.9234313965
403.034606934	92.8560562134
403.793273926	97.3877487183
404.5519104	96.4363632202
405.310577393	89.7493896484
406.069213867	93.9140167236
406.827880859	90.8381271362
407.586547852	87.3352127075
408.345184326	90.4219894409
409.103851318	90.6754150391
409.862487793	91.9725494385
410.621154785	92.4176864624
411.37979126	90.3803939819
412.138458252	92.1833724976
412.897094727	91.6931228638
413.655761719	87.7356033325
414.414428711	86.6698989868
415.173065186	87.480430603
415.931732178	91.9996490479
416.690368652	93.7404174805
417.449035645	91.6928634644
418.207672119	92.6622085571
418.966339111	91.6319503784
419.724975586	82.1715621948
420.483642578	91.9498214722
421.24230957	89.8735961914
422.000946045	89.4546737671
422.759613037	87.4892425537
423.518249512	89.5969085693
424.276916504	97.4191436768
425.035552979	87.4818267822
425.794219971	85.2750244141
426.552856445	88.079788208
427.311523438	87.3701095581
428.07019043	88.2724227905
428.828826904	86.9279785156
429.587493896	85.8998947144
430.346130371	87.25
431.104797363	87.9553222656
431.863433838	91.121887207
432.62210083	84.0548248291
433.380737305	87.9776306152
434.139404297	90.9139556885
434.898040771	86.3955459595
435.656707764	85.8533172607
436.415374756	89.9231338501
437.17401123	90.7102203369
437.932678223	91.5391769409
438.691314697	86.0276565552
439.449981689	85.7800979614
440.208618164	81.5494689941
440.967285156	86.2432174683
441.725921631	89.7660827637
442.484588623	88.1257019043
443.243255615	83.694480896
444.00189209	80.380607605
444.760559082	84.407371521
445.519195557	86.3978118896
446.277862549	86.7093200684
447.036499023	78.0898590088
447.795166016	81.4217147827
448.55380249	87.1014404297
449.312469482	88.0283432007
450.071136475	88.3715057373
450.829772949	90.8294448853
451.588439941	87.1283340454
452.347076416	90.4482116699
453.105743408	86.7255783081
453.864379883	85.75
454.623046875	86.6137390137
455.38168335	87.3653488159
456.140350342	85.9382705688
456.899017334	85.0417709351
457.657653809	90.6611099243
458.416320801	82.705619812
459.174957275	76.9468536377
459.933624268	83.0646133423
460.692260742	84.8333740234
461.450927734	79.353729248
462.209564209	78.7374267578
462.968231201	80.0768661499
463.726898193	75.6081771851
464.485534668	85.0728225708
465.24420166	83.5214004517
466.002838135	91.1510467529
466.761505127	86.7188873291
467.520141602	84.1872024536
468.278808594	84.2883529663
469.037445068	85.4961166382
469.796112061	85.7148208618
470.554779053	85.8247528076
471.313415527	92.1909942627
472.07208252	84.2065200806
472.830718994	79.8845062256
473.589385986	81.3237380981
474.348022461	85.2151412964
475.106689453	83.2714233398
475.865325928	81.263999939
476.62399292	82.8451538086
477.382659912	82.251159668
478.141296387	81.2282333374
478.899963379	81.0057449341
479.658599854	89.2375030518
480.417266846	85.4007949829
481.17590332	85.3626251221
481.934570313	86.25
482.693206787	85.7191619873
483.451873779	86.2548675537
484.210540771	86.651550293
484.969177246	77.7836837769
485.727844238	80.449180603
486.486480713	90.7665405273
487.245147705	80.0170593262
488.00378418	72.8089904785
488.762451172	75.3710250854
489.521087646	80.1999511719
490.279754639	81.6684799194
491.038421631	81.337059021
491.797058105	80.3702850342
492.555725098	77.2507247925
493.314361572	84.6023483276
494.073028564	80.6084365845
494.831665039	79.5870895386
495.590332031	80.8816146851
496.348968506	76.8319244385
497.107635498	71.3492507935
497.86630249	74.8930282593
498.624938965	83.3350982666
499.383605957	79.0623931885
500.142242432	81.2925872803
500.900909424	72.1946487427
501.659545898	81.3968887329
502.418212891	80.6104888916
503.176849365	75.8995056152
503.935516357	78.7841491699
504.694152832	82.9005203247
505.452819824	76.1874389648
506.211486816	70.7640686035
506.970123291	70.9877853394
507.728790283	71.8440475464
508.487426758	74.0265045166
509.24609375	78.5291061401
510.004730225	76.4260025024
510.763397217	74.2780303955
511.522033691	76.2826843262
512.280700684	75.0964126587
513.039367676	74.8441314697
513.798034668	77.9785614014
514.556640625	74.4507904053
515.315307617	79.2706298828
516.073974609	80.2429351807
516.832641602	78.5735778809
517.591247559	77.96434021
518.349914551	76.1663284302
519.108581543	72.7633590698
519.867248535	73.8094787598
520.625915527	67.6286315918
521.384521484	80.1465606689
522.143188477	75.57081604
522.901855469	75.4123840332
523.660522461	76.5321731567
524.419128418	77.911895752
525.17779541	78.2292633057
525.936462402	76.3280105591
526.695129395	74.5288619995
527.453796387	77.3431015015
528.212402344	75.9962615967
528.971069336	73.758972168
529.729736328	74.4915466309
530.48840332	77.3327865601
531.247009277	77.9147567749
532.00567627	75.6903533936
532.764343262	71.9450836182
533.523010254	71.9064788818
534.281677246	77.6877670288
535.040283203	69.2808532715
535.798950195	72.871635437
536.557617188	79.4927368164
537.31628418	82.5946502686
538.074890137	79.1310806274
538.833557129	75.1895980835
539.592224121	72.8397674561
540.350891113	72.8980178833
541.109558105	74.622795105
541.868164063	74.284576416
542.626831055	78.75
543.385498047	78.75
544.144165039	67.7945480347
544.902770996	72.6070632935
545.661437988	75.9599761963
546.42010498	76.7693557739
547.178771973	74.1561355591
547.937438965	72.5185928345
548.696044922	77.3826751709
549.454711914	79.1745376587
550.213378906	72.25
550.972045898	72.25
551.730651855	75.3700485229
552.489318848	77.0996780396
553.24798584	77.3417053223
554.006652832	78.0489730835
554.765319824	79.2902603149
555.523925781	77.0132446289
556.282592773	72.4473342896
557.041259766	76.8879165649
557.799926758	74.3822860718
558.558532715	71.2326812744
559.317199707	79.1269607544
560.075866699	76.7148590088
560.834533691	77.9503555298
561.593200684	79.9023513794
562.351806641	80.4683914185
563.110473633	77.8838882446
563.869140625	74.5725097656
564.627807617	81.8242721558
565.386413574	80.4093475342
566.145080566	72.9609680176
566.903747559	78.4153747559
567.662414551	77.4487457275
568.421081543	75.1290512085
569.1796875	71.6365737915
569.938354492	75.606628418
570.697021484	79.6293106079
571.455688477	75.2323074341
572.214294434	80.9686584473
572.972961426	83.9691772461
573.731628418	72.4487686157
574.49029541	74.382598877
575.248962402	75.9048156738
576.007568359	73.5616760254
576.766235352	68.7988204956
577.524902344	72.3595581055
578.283569336	76.514831543
579.042175293	72.0012512207
579.800842285	71.1756362915
580.559509277	73.6526870728
581.31817627	79.968460083
582.076843262	84.499420166
582.835449219	77.1569900513
583.594116211	73.6547393799
584.352783203	73
585.111450195	77.7730331421
585.870056152	77.9363937378
586.628723145	75.0944824219
587.387390137	79.193107605
588.146057129	73.6323394775
588.904724121	87.1442718506
589.663330078	84.6550140381
590.42199707	74.5252990723
591.180664063	84.2520523071
591.939331055	81.7332077026
592.697937012	74.4025268555
593.456604004	78.54637146
594.215270996	86.3736114502
594.973937988	80.6719360352
595.73260498	69.4878082275
596.491210938	76.9062576294
597.24987793	76.0002746582
598.008544922	81.2079620361
598.767211914	83.1707305908
599.525817871	86.3720855713
600.284484863	81.2574081421
601.043151855	78.2958908081
601.801818848	82.0591125488
602.560424805	82.2984924316
603.319091797	76.8277893066
604.077758789	80.7047119141
604.836425781	76.5657806396
605.595092773	77.4725646973
606.35369873	78.8191299438
607.112365723	79.9852905273
607.871032715	78.6845397949
608.629699707	80.2607116699
609.388305664	79.7099533081
610.146972656	79.945892334
610.905639648	82.264289856
611.664306641	80.1055831909
612.422973633	78.0710754395
613.18157959	78.4223022461
613.940246582	77.0609207153
614.698913574	85.4745254517
615.457580566	83.4466094971
616.216186523	82.3287277222
616.974853516	83.8847808838
617.733520508	81.7277450562
618.4921875	81.3872146606
619.250854492	85.0974578857
620.009460449	83.3266448975
620.768127441	80.03855896
621.526794434	78.8241882324
622.285461426	80.1901779175
623.044067383	77.6438827515
623.802734375	82.5096817017
624.561401367	80.89453125
625.320068359	77.7011795044
626.078735352	80.9594421387
626.837341309	81.147644043
627.596008301	79.1424255371
628.354675293	86.2592773438
629.113342285	85.5380172729
629.871948242	85.1323928833
630.630615234	76.2673950195
631.389282227	77.3261413574
632.147949219	82.0754394531
632.906616211	84.487991333
633.665222168	89.0249786377
634.42388916	86.8640136719
635.182556152	84.2922134399
635.941223145	82.2828292847
636.699829102	77.9119415283
637.458496094	86.8402786255
638.217163086	89.9704284668
638.975830078	81.9982376099
639.73449707	80.857673645
640.493103027	81.5763015747
641.25177002	83.4124298096
642.010437012	86.2802124023
642.769104004	87.6410446167
643.527709961	85.2459335327
644.286376953	85.8136672974
645.045043945	90.167350769
645.803710938	88.3039474487
646.56237793	87.404838562
647.320983887	80.2937698364
648.079650879	86.6866149902
648.838317871	86.5657348633
649.596984863	96.4693908691
650.35559082	85.689666748
651.114257813	83.4038085938
651.872924805	90.0715713501
652.631591797	86.5426559448
653.390258789	84.0491485596
654.148864746	96.533996582
654.907531738	94.3466873169
655.66619873	90.0325393677
656.424865723	87.9866104126
657.18347168	86.8439712524
657.942138672	86.3294372559
658.700805664	92.6745529175
659.459472656	88.3830337524
660.218139648	94.1875457764
660.976745605	98.2427520752
661.735412598	92.6700973511
662.49407959	86.7560958862
663.252746582	85.2422027588
664.011352539	89.2707138062
664.770019531	93.9785308838
665.528686523	88.0310440063
666.287353516	90.0531539917
667.046020508	94.8031997681
667.804626465	89.4182510376
668.563293457	82.12840271
669.321960449	89.8966903687
670.080627441	93.4239349365
670.839233398	88.9420471191
671.597900391	89.7316055298
672.356567383	93.3559036255
673.115234375	96.1833343506
673.873901367	93.469871521
674.632507324	95.9947128296
675.391174316	93.7147903442
676.149841309	93.0839385986
676.908508301	87.9342651367
677.667114258	95.9499359131
678.42578125	94.1569366455
679.184448242	94.5363388062
679.943115234	94.8544845581
680.701782227	92.5075454712
681.460388184	97.3263778687
682.219055176	88.4650192261
682.977722168	86.7625808716
683.73638916	94.0683364868
684.494995117	98.434173584
685.253662109	87.6647644043
686.012329102	97.1373291016
686.770996094	91.8573913574
687.529663086	92.5814208984
688.288269043	94.306678772
689.046936035	95.0498886108
689.805603027	96.7879333496
690.56427002	94.1191329956
691.322875977	89.3431091309
692.081542969	89.6858901978
692.840209961	95.815864563
693.598876953	92.3657913208
694.357543945	85.1358718872
695.116149902	96.1897888184
695.874816895	95.7080764771
696.633483887	95.9683074951
697.392150879	95.460647583
698.150756836	93.1426620483
698.909423828	95.6845855713
699.66809082	98.0691986084
700.426757813	91.6219024658
701.185424805	92.1442489624
701.944030762	95.6015777588
702.702697754	89.9318237305
703.461364746	98.0105514526
704.220031738	94.1734161377
704.978637695	95.6629867554
705.737304688	97.8465270996
706.49597168	95.8155212402
707.254638672	95.9093093872
708.013305664	98.7962875366
708.771911621	96.9122161865
709.530578613	93.1055297852
710.289245605	98.0892944336
711.047912598	102.624855042
711.806518555	100.840705872
712.565185547	101.667243958
713.323852539	95.6595458984
714.082519531	96.3241653442
714.841186523	100.808990479
715.59979248	97.0559997559
716.358459473	89.6435775757
717.117126465	91.0775375366
717.875793457	94.75
718.634399414	98.4688873291
719.393066406	105.471450806
720.151733398	104.164115906
720.910400391	92.0357589722
721.669067383	96.6978607178
722.42767334	105.08165741
723.186340332	98.8508987427
723.945007324	99.1549987793
724.703674316	103.443786621
725.462280273	100.153785706
726.220947266	96.5500488281
726.979614258	99.3764877319
727.73828125	100.628059387
728.496948242	101.230728149
729.255554199	103.022117615
730.014221191	100.196258545
730.772888184	99.8154220581
731.531555176	103.322349548
732.290161133	98.8606719971
733.048828125	100.71333313
733.807495117	95.9827041626
734.566162109	94.0394897461
735.324768066	101.361671448
736.083435059	106.844955444
736.842102051	106.56010437
737.600769043	103.199401855
738.359436035	109.442871094
739.118041992	111.835716248
739.876708984	100.525177002
740.635375977	102.17791748
741.394042969	112.411567688
742.152648926	113.265853882
742.911315918	94.326461792
743.66998291	103.368125916
744.428649902	102.417488098
745.187316895	101.638015747
745.945922852	108.581718445
746.704589844	107.631195068
747.463256836	107.353515625
748.221923828	105.470397949
748.980529785	107.699943542
749.739196777	108.304145813
750.49786377	102.238197327
751.256530762	106.611999512
752.015197754	107.669036865
752.773803711	104.940666199
753.532470703	115.139015198
754.291137695	112.121444702
755.049804688	109.994735718
755.808410645	107.284393311
756.567077637	106.75
757.325744629	116.292236328
758.084411621	115.860092163
758.843078613	110.854736328
759.60168457	103.221420288
760.360351563	108.496948242
761.119018555	121.834136963
761.877685547	112.009269714
762.636291504	109.977676392
763.394958496	113.377227783
764.153625488	115.913871765
764.91229248	114.519508362
765.670959473	109.905380249
766.42956543	111.840087891
767.188232422	110.101837158
767.946899414	111.63848114
768.705566406	114.11264801
769.464172363	115.433036804
770.222839355	110.652061462
770.981506348	111.375442505
771.74017334	114.96182251
772.498840332	110.2967453
773.257446289	113.963569641
774.016113281	115.61000061
774.774780273	113.069458008
775.533447266	118.009117126
776.292053223	118.242385864
777.050720215	122.31212616
777.809387207	113.97303772
778.568054199	120.326324463
779.326721191	120.818092346
780.085327148	118.251106262
780.843994141	115.114379883
781.602661133	114.380432129
782.361328125	117.21546936
783.119934082	114.099807739
783.878601074	109.140968323
784.637268066	119.869132996
785.395935059	119.173377991
786.154602051	114.212646484
786.913208008	116.131790161
787.671875	119.175521851
788.430541992	112.414520264
789.189208984	121.265159607
789.947814941	120.074028015
790.706481934	118.71257019
791.465148926	118.662963867
792.223815918	126.228858948
792.98248291	124.461433411
793.741088867	122.687744141
794.499755859	125.101371765
795.258422852	121.896949768
796.017089844	122.52230072
796.775695801	116.962265015
797.534362793	125.365867615
798.293029785	128.729675293
799.051696777	122.162254333
799.81036377	113.722732544
800.568969727	119.432365417
801.327636719	121.276046753
802.086303711	122.824752808
802.844970703	119.603744507
803.60357666	122.418037415
804.362243652	126.847595215
805.120910645	127.491661072
805.879577637	124.64692688
806.638244629	120.379669189
807.396850586	118.308265686
808.155517578	118.668083191
808.91418457	116.688079834
809.672851563	118.699760437
810.43145752	120.821876526
811.190124512	131.747756958
811.948791504	131.513015747
812.707458496	126.17754364
813.466125488	121.17250824
814.224731445	127.881278992
814.983398438	127.966995239
815.74206543	123.629951477
816.500732422	125.674514771
817.259338379	129.151229858
818.018005371	129.174179077
818.776672363	130.397277832
819.535339355	131.814331055
820.294006348	127.541938782
821.052612305	122.933692932
821.811279297	121.340934753
822.569946289	129.08744812
823.328613281	134.795928955
824.087219238	142.082992554
824.84588623	129.385696411
825.604553223	129.53894043
826.363220215	127.344474792
827.121887207	124.521133423
827.880493164	128.535491943
828.639160156	123.881156921
829.397827148	129.642532349
830.156494141	133.453414917
830.915100098	131.20350647
831.67376709	130.469558716
832.432434082	126.582992554
833.191101074	129.482269287
833.949768066	137.232833862
834.708374023	137.631515503
835.467041016	130.674743652
836.225708008	134.250976563
836.984375	128.601272583
837.742980957	134.062927246
838.501647949	136.238342285
839.260314941	136.094467163
840.018981934	139.774429321
840.777648926	138.03553772
841.536254883	135.948455811
842.294921875	130.533004761
843.053588867	134.127304077
843.812255859	135.313766479
844.570861816	129.914932251
845.329528809	133.550369263
846.088195801	138.622238159
846.846862793	136.455230713
847.605529785	134.113922119
848.364135742	139.282608032
849.122802734	128.969741821
849.881469727	137.349853516
850.640136719	131.20463562
851.398742676	124.161964417
852.157409668	129.713851929
852.91607666	131.753479004
853.674743652	137.600067139
854.433410645	139.672958374
855.192016602	139.590576172
855.950683594	137.019302368
856.709350586	134.05809021
857.468017578	133.356018066
858.226623535	132.701004028
858.985290527	133.079360962
859.74395752	136.484176636
860.502624512	136.159408569
861.261291504	133.237075806
862.019897461	130.529129028
862.778564453	126.057060242
863.537231445	122.836746216
864.295898438	140.352310181
865.054504395	128.791442871
865.813171387	127.779121399
866.571838379	127.125511169
867.330505371	127.780204773
868.089111328	125.271972656
868.84777832	127.286499023
869.606445313	126.883468628
870.365112305	124.041000366
871.123779297	121.069015503
871.882385254	119.732437134
872.641052246	122.475769043
873.399719238	127.174232483
874.15838623	126.530792236
874.916992188	121.923065186
875.67565918	124.190658569
876.434326172	116.822998047
877.192993164	115.133140564
877.951660156	119.948158264
878.710266113	110.268318176
879.468933105	118.330230713
880.227600098	118.75
880.98626709	111.735961914
881.744873047	110.299781799
882.503540039	112.125267029
883.262207031	111.177330017
884.020874023	116.670219421
884.779541016	117.90221405
885.538146973	116.774894714
886.296813965	114.249755859
887.055480957	106.432998657
887.814147949	104.561553955
888.572753906	111.439147949
889.331420898	112.098808289
890.090087891	113.581253052
890.848754883	115.67578125
891.607421875	103.4532547
892.366027832	107.090515137
893.124694824	105.428672791
893.883361816	100.349029541
894.642028809	111.539710999
895.400634766	113.598228455
896.159301758	103.793319702
896.91796875	103.47467804
897.676635742	102.981315613
898.435302734	107.439567566
899.193908691	105.203903198
899.952575684	102.467803955
900.711242676	102.433425903
901.469909668	101.02419281
902.228515625	103.010520935
902.987182617	108.937362671
903.745849609	108.232833862
904.504516602	104.987510681
905.263183594	107.910072327
906.021789551	105.064239502
906.780456543	105.077270508
907.539123535	101.380867004
908.297790527	100.890777588
909.056396484	101.617340088
909.815063477	96.3681488037
910.573730469	101.853965759
911.332397461	92.4795150757
912.091064453	99.0351028442
912.84967041	94.9756774902
913.608337402	101.522209167
914.367004395	95.4772415161
915.125671387	92.5743484497
915.884277344	99.2440567017
916.642944336	104.128585815
917.401611328	105.425621033
918.16027832	106.404602051
918.918945313	101.361915588
919.67755127	96.3372344971
920.436218262	95.7024002075
921.194885254	93.0190963745
921.953552246	95.2118530273
922.712158203	99.8130874634
923.470825195	102.18812561
924.229492188	93.9326019287
924.98815918	103.56930542
925.746826172	105.236610413
926.505432129	99.7500076294
927.264099121	99.7500076294
928.022766113	84.9371795654
928.781433105	94.0743560791
929.540039063	89.3435897827
930.298706055	101.548019409
931.057373047	96.9875793457
931.816040039	90.7257766724
932.574707031	88.1993942261
933.333312988	98.9451675415
934.09197998	94.2522201538
934.850646973	93.6452178955
935.609313965	99.8662414551
936.367919922	96.6990890503
937.126586914	91.75
937.885253906	91.5457229614
938.643920898	93.918006897
939.402587891	95.7981338501
940.161193848	90.1782226563
940.91986084	92.4619674683
941.678527832	99.3877105713
942.437194824	96.5492172241
943.195800781	94.2190475464
943.954467773	94.5662078857
944.713134766	100.662002563
945.471801758	98.733543396
946.23046875	94.8924942017
946.989074707	94.7500076294
947.747741699	98.2907409668
948.506408691	101.07559967
949.265075684	89.2051467896
950.023681641	98.136932373
950.782348633	89.561630249
951.541015625	91.0243759155
952.299682617	97.808807373
953.058349609	95.8798904419
953.816955566	95.107170105
954.575622559	97.0326004028
955.334289551	100.956809998
956.092956543	98.9246749878
956.8515625	94.3378601074
957.610229492	94.1109008789
958.368896484	92.2494735718
959.127563477	98.6518478394
959.886230469	95.8067169189
960.644836426	89.0673980713
961.403503418	95.5209732056
962.16217041	93.2691268921
962.920837402	93.2397079468
963.679443359	101.878479004
964.438110352	94.8243789673
965.196777344	96.4714126587
965.955444336	92.6217346191
966.714111328	94.8357620239
967.472717285	91.8604049683
968.231384277	91.9309005737
968.99005127	90.5565109253
969.748718262	98.7380752563
970.507324219	98.7411117554
971.265991211	95.1293411255
972.024658203	97.5774230957
972.783325195	98.1193084717
973.541992188	98.1101760864
974.300598145	96.2004623413
975.059265137	97.7438354492
975.817932129	93.1744689941
976.576599121	91.7559890747
977.335205078	99.0127944946
978.09387207	98.6968383789
978.852539063	96.8414077759
979.611206055	96.6681137085
980.369873047	95.7017974854
981.128479004	96.0582275391
981.887145996	97.8475875854
982.645812988	93.6096420288
983.40447998	93.0112838745
984.163085938	100.177726746
984.92175293	111.628974915
985.680419922	96.0944900513
986.439086914	93.6989059448
987.197753906	92.0065307617
987.956359863	97.5395584106
988.715026855	96.3540802002
989.473693848	94.4540634155
990.23236084	95.7643356323
990.990966797	98.2902908325
991.749633789	100.750869751
992.508300781	104.129943848
993.266967773	103.896430969
994.025634766	104.379386902
994.784240723	103.910774231
995.542907715	99.9834518433
996.301574707	101.94821167
997.060241699	105.798126221
997.818847656	104.974830627
998.577514648	102.728225708
999.336181641	102.603630066
1000.09484863	107.09614563
1000.85345459	108.265335083
1001.61212158	105.161697388
1002.37078857	109.102111816
1003.12945557	109.514389038
1003.88812256	106.174621582
1004.64672852	106.133262634
1005.40539551	100.96913147
1006.1640625	100.907936096
1006.92272949	109.5076828
1007.68133545	106.949325562
1008.44000244	106.119895935
1009.19866943	111.675033569
1009.95733643	103.515327454
1010.71600342	103.941368103
1011.47460938	109.492698669
1012.23327637	107.062179565
1012.99194336	107
1013.75061035	109.293693542
1014.50921631	112.836395264
1015.2678833	107.014099121
1016.02655029	101.421989441
1016.78521729	104.122589111
1017.54388428	115.280227661
1018.30249023	109.084754944
1019.06115723	110.867286682
1019.81982422	115.52633667
1020.57849121	115.086074829
1021.33709717	110.262924194
1022.09576416	111.514289856
1022.85443115	115.357383728
1023.61309814	115.384109497
1024.3717041	113.702819824
1025.13037109	117.292816162
1025.88903809	116.128143311
1026.64770508	112.499588013
1027.40637207	114.720252991
1028.16503906	118.673675537
1028.92370605	121.474510193
1029.68237305	114.25
1030.44091797	116.570480347
1031.19958496	121.867919922
1031.95825195	121.066734314
1032.71691895	115.94744873
1033.47558594	115.955284119
1034.23425293	122.583831787
1034.99291992	122.672950745
1035.75158691	113.735702515
1036.51025391	127.311546326
1037.26879883	119.463272095
1038.02746582	128.250991821
1038.78613281	122.479675293
1039.5447998	137.247146606
1040.3034668	125.786849976
1041.06213379	122.339263916
1041.82080078	128.662796021
1042.57946777	120.438766479
1043.33813477	117.265533447
1044.09667969	115.90083313
1044.85534668	120.880683899
1045.61401367	126.748046875
1046.37268066	124.917259216
1047.13134766	128.383255005
1047.89001465	129.118057251
1048.64868164	126.588928223
1049.40734863	122.695373535
1050.16601563	122.022644043
1050.92456055	119.385353088
1051.68322754	127.781311035
1052.44189453	124.65814209
1053.20056152	128.562057495
1053.95922852	137.918395996
1054.71789551	134.42779541
1055.4765625	129.614227295
1056.23522949	131.720703125
1056.99389648	135.377685547
1057.75244141	131.00982666
1058.5111084	124.5
1059.26977539	133.27154541
1060.02844238	136.882614136
1060.78710938	131.89125061
1061.54577637	137.680801392
1062.30444336	132.020996094
1063.06311035	133.947845459
1063.82177734	136.81993103
1064.58032227	127.472557068
1065.33898926	128.34564209
1066.09765625	131.930221558
1066.85632324	139.985870361
1067.61499023	139.396240234
1068.37365723	135.240112305
1069.13232422	136.066467285
1069.89099121	126.278526306
1070.64953613	127.960830688
1071.40820313	129.961746216
1072.16687012	134.580093384
1072.92553711	130.82762146
1073.6842041	129.844329834
1074.44287109	141.046279907
1075.20153809	132.586166382
1075.96020508	143.130554199
1076.71887207	133.535263062
1077.47741699	134.233673096
1078.23608398	139.29019165
1078.99475098	144.680999756
1079.75341797	144.536849976
1080.51208496	142.455612183
1081.27075195	138.909729004
1082.02941895	140.250442505
1082.78808594	139.856536865
1083.54675293	136.178359985
1084.30529785	140.243225098
1085.06396484	141.856033325
1085.82263184	135.262283325
1086.58129883	141.2603302
1087.33996582	148.433074951
1088.09863281	145.351745605
1088.8572998	144.114624023
1089.6159668	143.537017822
1090.37463379	143.424484253
1091.13317871	149.126495361
1091.8918457	144.912658691
1092.6505127	151.269058228
1093.40917969	146.318359375
1094.16784668	142.056182861
1094.92651367	146.946228027
1095.68518066	148.907608032
1096.44384766	149.078720093
1097.20251465	146.674255371
1097.96105957	143.949676514
1098.71972656	143.36605835
1099.47839355	153.436965942
1100.23706055	161.349655151
1100.99572754	154.791778564
1101.75439453	149.379272461
1102.51306152	150.65625
1103.27172852	149.295639038
1104.03039551	147.848114014
1104.78894043	152.215942383
1105.54760742	149.608169556
1106.30627441	150.421432495
1107.06494141	160.674041748
1107.8236084	159.568359375
1108.58227539	157.658889771
1109.34094238	154.255767822
1110.09960938	155.545639038
1110.85827637	154.565872192
1111.61682129	157.053817749
1112.37548828	156.583847046
1113.13415527	156.276321411
1113.89282227	150.560501099
1114.65148926	165.339630127
1115.41015625	162.936691284
1116.16882324	159.629608154
1116.92749023	158.273132324
1117.68615723	152.285385132
1118.44470215	162.58996582
1119.20336914	175.789855957
1119.96203613	167.549880981
1120.72070313	166.852340698
1121.47937012	162.189498901
1122.23803711	160.575195313
1122.9967041	168.245788574
1123.75537109	156.391983032
1124.51403809	163.09236145
1125.27258301	157.683135986
1126.03125	168.140213013
1126.78991699	164.120010376
1127.54858398	166.350585938
1128.30725098	162.046005249
1129.06591797	174.551651001
1129.82458496	177.060394287
1130.58325195	170.049240112
1131.34191895	182.641937256
1132.10046387	166.008239746
1132.85913086	170.665206909
1133.61779785	173.971710205
1134.37646484	173.004501343
1135.13513184	165.469665527
1135.89379883	174.507263184
1136.65246582	175.131332397
1137.41113281	191.479324341
1138.1697998	174.838775635
1138.92834473	179.938369751
1139.68701172	172.63609314
1140.44567871	181.502716064
1141.2043457	180.299560547
1141.9630127	182.652130127
1142.72167969	169.38319397
1143.48034668	177.763931274
1144.23901367	182.022216797
1144.99768066	180.886550903
1145.75622559	171.675354004
1146.51489258	181.208175659
1147.27355957	181.079544067
1148.03222656	187.206176758
1148.79089355	178.250045776
1149.54956055	179.910919189
1150.30822754	177.485595703
1151.06689453	179.954833984
1151.82556152	188.202896118
1152.58410645	185.126083374
1153.34277344	188.261856079
1154.10144043	182.676422119
1154.86010742	192.165863037
1155.61877441	183.158493042
1156.37744141	190.90461731
1157.1361084	186.116592407
1157.89477539	189.24168396
1158.65344238	190.815048218
1159.4119873	184.850616455
1160.1706543	184.882019043
1160.92932129	185.908065796
1161.68798828	187.917938232
1162.44665527	187.752288818
1163.20532227	184.242935181
1163.96398926	197.37840271
1164.72265625	188.043914795
1165.48132324	188.099990845
1166.23986816	193.008224487
1166.99853516	204.508834839
1167.75720215	195.671569824
1168.51586914	188.291534424
1169.27453613	195.739517212
1170.03320313	192.201675415
1170.79187012	193.680267334
1171.55053711	188.49647522
1172.3092041	194.392044067
1173.06774902	192.354064941
1173.82641602	194.483963013
1174.58508301	199.501342773
1175.34375	205.934768677
1176.10241699	201.060882568
1176.86108398	193.672271729
1177.61975098	199.151260376
1178.37841797	202.076004028
1179.13708496	201.316986084
1179.89562988	206.605636597
1180.65429688	196.438262939
1181.41296387	195.170761108
1182.17163086	196.494934082
1182.93029785	206.317626953
1183.68896484	204.89201355
1184.44763184	196.643356323
1185.20629883	200.22052002
1185.96496582	205.606704712
1186.72351074	208.133834839
1187.48217773	202.479248047
1188.24084473	203.902206421
1188.99951172	203.333526611
1189.75817871	204.989532471
1190.5168457	203.642456055
1191.2755127	201.749679565
1192.03417969	202.937454224
1192.79284668	200.948181152
1193.5513916	205.744552612
1194.31005859	206.152313232
1195.06872559	206.493041992
1195.82739258	210.621459961
1196.58605957	204.534576416
1197.34472656	201.921478271
1198.10339355	206.04145813
1198.86206055	208.379699707
1199.62072754	213.77142334
1200.37927246	210.378723145
1201.13793945	206.051498413
1201.89660645	211.81942749
1202.65527344	213.221710205
1203.41394043	213.358795166
1204.17260742	210.591567993
1204.93127441	212.720535278
1205.68994141	214.473831177
1206.4486084	212.4375
1207.20715332	216.42048645
1207.96582031	213.493362427
1208.7244873	214.775802612
1209.4831543	218.667007446
1210.24182129	216.634216309
1211.00048828	217.766281128
1211.75915527	221.830215454
1212.51782227	218.372833252
1213.27648926	222.993362427
1214.03503418	227.05632019
1214.79370117	222.665496826
1215.55236816	218.168792725
1216.31103516	228.008865356
1217.06970215	221.675537109
1217.82836914	217.497528076
1218.58703613	225.14932251
1219.34570313	224.337753296
1220.10437012	209.730606079
1220.86291504	227.751052856
1221.62158203	233.667480469
1222.38024902	230.535903931
1223.13891602	230.022644043
1223.89758301	228.436721802
1224.65625	227.590698242
1225.41491699	219.085327148
1226.17358398	232.180892944
1226.93225098	240.165817261
1227.6907959	228.348526001
1228.44946289	231.743438721
1229.20812988	232.262069702
1229.96679688	235.49420166
1230.72546387	234.019790649
1231.48413086	238.486877441
1232.24279785	247.043655396
1233.00146484	246.434005737
1233.76013184	243.836380005
1234.51867676	244.809753418
1235.27734375	249.582687378
1236.03601074	246.992141724
1236.79467773	259.782867432
1237.55334473	252.703979492
1238.31201172	250.214538574
1239.07067871	249.133499146
1239.8293457	252.282821655
1240.5880127	255.806655884
1241.34655762	262.882598877
1242.10522461	265.556640625
1242.8638916	262.807800293
1243.62255859	254.272521973
1244.38122559	247.103134155
1245.13989258	250.502059937
1245.89855957	262.728179932
1246.65722656	267.664764404
1247.41589355	264.845458984
1248.17443848	265.75
1248.93310547	270.379669189
1249.69177246	272.473815918
1250.45043945	265.854644775
1251.20910645	270.13067627
1251.96777344	279.726287842
1252.72644043	276.448760986
1253.48510742	273.44732666
1254.24377441	273.137481689
1255.00231934	277.912506104
1255.76098633	292.19644165
1256.51965332	292.864532471
1257.27832031	287.527526855
1258.0369873	289.190246582
1258.7956543	286.053466797
1259.55432129	292.070587158
1260.31298828	294.467773438
1261.07165527	296.737609863
1261.8302002	295.451202393
1262.58886719	300.821380615
1263.34753418	301.069152832
1264.10620117	299.972747803
1264.86486816	298.640655518
1265.62353516	305.878143311
1266.38220215	308.641815186
1267.14086914	305.811096191
1267.89953613	302.920623779
1268.65808105	306.731384277
1269.41674805	319.419006348
1270.17541504	325.549682617
1270.93408203	329.290252686
1271.69274902	315.963775635
1272.45141602	314.384674072
1273.21008301	317.562194824
1273.96875	338.510253906
1274.72741699	331.818267822
1275.48596191	334.397674561
1276.24462891	334.381011963
1277.0032959	345.357086182
1277.76196289	347.294128418
1278.52062988	345.901153564
1279.27929688	347.906799316
1280.03796387	365.46395874
1280.79663086	361.112518311
1281.55529785	370.61151123
1282.31384277	362.206939697
1283.07250977	370.893981934
1283.83117676	372.766937256
1284.58984375	357.866424561
1285.34851074	377.568603516
1286.10717773	384.068939209
1286.86584473	387.149505615
1287.62451172	380.382263184
1288.38317871	389.128051758
1289.14172363	392.169921875
1289.90039063	409.556091309
1290.65905762	395.074554443
1291.41772461	408.961853027
1292.1763916	399.639373779
1292.93505859	418.201202393
1293.69372559	422.740325928
1294.45239258	422.954498291
1295.21105957	435.712097168
1295.96960449	442.320281982
1296.72827148	444.844787598
1297.48693848	448.309661865
1298.24560547	450.961639404
1299.00427246	461.216003418
1299.76293945	472.970458984
1300.52160645	457.153747559
1301.28027344	485.279846191
1302.03894043	465.924926758
1302.79748535	486.413452148
1303.55615234	476.06652832
1304.31481934	487.764678955
1305.07348633	492.533843994
1305.83215332	503.510253906
1306.59082031	516
1307.3494873	516
1308.1081543	515.250610352
1308.86682129	538.934631348
1309.62536621	540.496582031
1310.3840332	530.042602539
1311.1427002	524.518005371
1311.90136719	556.592651367
1312.66003418	541.811401367
1313.41870117	587.99230957
1314.17736816	572.07208252
1314.93603516	595.920349121
1315.69470215	568.124450684
1316.45324707	612.358703613
1317.21191406	606.75994873
1317.97058105	624.701293945
1318.72924805	621.753295898
1319.48791504	634.500305176
1320.24658203	635
1321.00524902	657.2265625
1321.76391602	644.01940918
1322.52258301	649.345397949
1323.28112793	665.814758301
1324.03979492	673.934570313
1324.79846191	665.63684082
1325.55712891	679.129455566
1326.3157959	669.902709961
1327.07446289	696.654602051
1327.83312988	691.688415527
1328.59179688	713.317993164
1329.35046387	716.799560547
1330.10900879	737.814025879
1330.86767578	739.780456543
1331.62634277	734.262207031
1332.38500977	769.18939209
1333.14367676	761.47479248
1333.90234375	766.84954834
1334.66101074	770.560424805
1335.41967773	800.77722168
1336.17822266	783.902832031
1336.93688965	802.739074707
1337.69555664	788.054138184
1338.45422363	809.95098877
1339.21289063	802.681274414
1339.97155762	804.42590332
1340.73022461	796.852478027
1341.4888916	792.448974609
1342.24755859	823.892150879
1343.00610352	830.490844727
1343.76477051	830.070739746
1344.5234375	808.578918457
1345.28210449	822.540222168
1346.04077148	813.776062012
1346.79943848	821.301696777
1347.55810547	829.205688477
1348.31677246	803.11706543
1349.07543945	836.600036621
1349.83398438	807.441467285
1350.59265137	820.283081055
1351.35131836	826.832519531
1352.10998535	814.369262695
1352.86865234	827.300354004
1353.62731934	799.022949219
1354.38598633	804.823181152
1355.14465332	810.931030273
1355.90332031	798.671630859
1356.66186523	805.262939453
1357.42053223	780.46875
1358.17919922	789.321777344
1358.93786621	809.977661133
1359.6965332	787.696899414
1360.4552002	784.928344727
1361.21386719	774.946044922
1361.97253418	763.880615234
1362.73120117	756.717651367
1363.48974609	727.067321777
1364.24841309	737.623840332
1365.00708008	733.745178223
1365.76574707	699.826721191
1366.52441406	698.587402344
1367.28308105	703.782714844
1368.04174805	700.830200195
1368.80041504	696.67767334
1369.55908203	686.124389648
1370.31762695	700.59362793
1371.07629395	680.321594238
1371.83496094	670.72467041
1372.59362793	672.994445801
1373.35229492	664.03112793
1374.11096191	657.102172852
1374.86962891	646.625427246
1375.6282959	642.062255859
1376.38696289	641.496032715
1377.14550781	613.200622559
1377.9041748	651.877502441
1378.6628418	613.200622559
1379.42150879	682.214782715
1380.18017578	587.331298828
1380.93884277	581.859130859
1381.69750977	580.142700195
1382.45617676	577.17401123
1383.21484375	577.479553223
1383.97338867	569.49822998
1384.73205566	571.009521484
1385.49072266	564.465393066
1386.24938965	543.632080078
1387.00805664	542.842712402
1387.76672363	536.645141602
1388.52539063	524.091125488
1389.28405762	534.14276123
1390.04272461	529.012634277
1390.80126953	508.446899414
1391.55993652	498.939117432
1392.31860352	502.404693604
1393.07727051	516.487609863
1393.8359375	501.84286499
1394.59460449	502.26751709
1395.35327148	480.367431641
1396.11193848	478.170013428
1396.87060547	480.904754639
1397.62915039	476.55581665
1398.38781738	475.084136963
1399.14648438	474.36428833
1399.90515137	464.127593994
1400.66381836	464.254333496
1401.42248535	456.460021973
1402.18115234	455.953643799
1402.93981934	473.082855225
1403.69848633	428.679656982
1404.45703125	451.334320068
1405.21569824	450.554107666
1405.97436523	437.913238525
1406.73303223	446.055847168
1407.49169922	459.770111084
1408.25036621	425.080200195
1409.0090332	420.804779053
1409.7677002	421.49822998
1410.52636719	418.272277832
1411.28491211	418.712646484
1412.0435791	419.263092041
1412.80224609	411.17074585
1413.56091309	414.5753479
1414.31958008	408.529907227
1415.07824707	400.737426758
1415.83691406	410.631958008
1416.59558105	391.416717529
1417.35424805	396.07019043
1418.11279297	394.783996582
1418.87145996	394.913421631
1419.63012695	386.198791504
1420.38879395	391.844360352
1421.14746094	390.854492188
1421.90612793	382.660827637
1422.66479492	386.533294678
1423.42346191	378.847839355
1424.18212891	376.631896973
1424.94067383	384.408416748
1425.69934082	382.149475098
1426.45800781	376.941253662
1427.2166748	372.749603271
1427.9753418	362.719390869
1428.73400879	367.630828857
1429.49267578	366.257415771
1430.25134277	363.21105957
1431.01000977	364.790008545
1431.76855469	366.428924561
1432.52722168	357.871307373
1433.28588867	353.830566406
1434.04455566	363.845489502
1434.80322266	351.533905029
1435.56188965	350.764923096
1436.32055664	342.482574463
1437.07922363	355.063049316
1437.83789063	356.37109375
1438.59643555	351.207855225
1439.35510254	353.823120117
1440.11376953	350.837249756
1440.87243652	345.826538086
1441.63110352	350.698364258
1442.38977051	347.532806396
1443.1484375	355.5859375
1443.90710449	340.133636475
1444.66577148	359.498504639
1445.42431641	346.327819824
1446.1829834	349.318267822
1446.94165039	345.343994141
1447.70031738	344.395996094
1448.45898438	354.911773682
1449.21765137	348.582733154
1449.97631836	339.24508667
1450.73498535	348.209564209
1451.49365234	339.14630127
1452.25219727	344.740570068
1453.01086426	346.196258545
1453.76953125	328.120239258
1454.52819824	341.863189697
1455.28686523	338.853118896
1456.04553223	338.7215271
1456.80419922	340.109741211
1457.56286621	344.131286621
1458.3215332	338.885650635
1459.08007813	336.72177124
1459.83874512	338.679840088
1460.59741211	346.058441162
1461.3560791	348.729644775
1462.11474609	338.423919678
1462.87341309	333.296630859
1463.63208008	342.066864014
1464.39074707	336.529754639
1465.14941406	335.581115723
1465.90795898	333.261352539
1466.66662598	337.1925354
1467.42529297	341.725494385
1468.18395996	341.907409668
1468.94262695	332.350708008
1469.70129395	345.26751709
1470.45996094	343.196716309
1471.21862793	331.023529053
1471.97729492	340.206817627
1472.73583984	338.842254639
1473.49450684	349.599975586
1474.25317383	330.477386475
1475.01184082	343.760314941
1475.77050781	328.159973145
1476.5291748	335.641113281
1477.2878418	327.21270752
1478.04650879	323.167358398
1478.80517578	331.28503418
1479.5637207	341.099090576
1480.3223877	343.998657227
1481.08105469	337.427459717
1481.83972168	329.795471191
1482.59838867	336.478424072
1483.35705566	339.042480469
1484.11572266	342.694091797
1484.87438965	345.519378662
1485.63305664	332.172485352
1486.39160156	337.709869385
1487.15026855	334.866210938
1487.90893555	333.360992432
1488.66760254	336.25
1489.42626953	337.17791748
1490.18493652	327.995941162
1490.94360352	326.672058105
1491.70227051	324.751617432
1492.4609375	329.590911865
1493.21948242	335.445709229
1493.97814941	346.627929688
1494.73681641	344.787689209
1495.4954834	344.218658447
1496.25415039	343.796417236
1497.01281738	333.388214111
1497.77148438	312.525268555
1498.53015137	326.331665039
1499.28881836	337.491027832
1500.04736328	343.964355469
1500.80603027	352.321807861
1501.56469727	342.289703369
1502.32336426	316.866088867
1503.08203125	326.063659668
1503.84069824	333.584442139
1504.59936523	335.720703125
1505.35803223	331.476165771
1506.11669922	343.375823975
1506.87524414	347.110076904
1507.63391113	340.813537598
1508.39257813	345.031494141
1509.15124512	342.032104492
1509.90991211	344.015594482
1510.6685791	337.377838135
1511.42724609	336.575286865
1512.18591309	347.695281982
1512.94458008	339.532348633
1513.703125	341.378204346
1514.46179199	347.328674316
1515.22045898	344.573577881
1515.97912598	341.274383545
1516.73779297	341.596252441
1517.49645996	340.424316406
1518.25512695	360.012969971
1519.01379395	342.37902832
1519.77246094	341.748626709
1520.53100586	341.01675415
1521.28967285	349
1522.04833984	350.377319336
1522.80700684	361.423156738
1523.56567383	356.357696533
1524.32434082	354.353942871
1525.08300781	367.560455322
1525.8416748	356.78817749
1526.6003418	368.163085938
1527.35888672	363.568359375
1528.11755371	374.137573242
1528.8762207	377.540527344
1529.6348877	354.383148193
1530.39355469	361.608398438
1531.15222168	360.694854736
1531.91088867	364.100708008
1532.66955566	374.693664551
1533.42822266	372.99697876
1534.18676758	375.934509277
1534.94543457	372.895904541
1535.70410156	373.11428833
1536.46276855	371.806060791
1537.22143555	383.473815918
1537.98010254	378.263793945
1538.73876953	410.711761475
1539.49743652	400.929901123
1540.25610352	393.093658447
1541.01464844	382.782196045
1541.77331543	397.650085449
1542.53198242	396.86932373
1543.29064941	396.304260254
1544.04931641	403.410949707
1544.8079834	425.958709717
1545.56665039	425.839355469
1546.32531738	414.459777832
1547.08398438	417.919311523
1547.8425293	424.767425537
1548.60119629	431.140441895
1549.35986328	439.353271484
1550.11853027	438.262573242
1550.87719727	434.649353027
1551.63586426	429.11932373
1552.39453125	453.740356445
1553.15319824	478.420288086
1553.91186523	469.32989502
1554.67041016	460.918334961
1555.42907715	471.391448975
1556.18774414	477.061187744
1556.94641113	497.995391846
1557.70507813	495.829650879
1558.46374512	496.109832764
1559.22241211	513.477539063
1559.9810791	495.954162598
1560.73974609	494.703948975
1561.49829102	498.65246582
1562.25695801	507.261627197
1563.015625	524.369567871
1563.77429199	532.946228027
1564.53295898	536.506713867
1565.29162598	533.003967285
1566.05029297	543.321777344
1566.80895996	547.503601074
1567.56762695	552.782104492
1568.32617188	571.348937988
1569.08483887	582.022949219
1569.84350586	576.836791992
1570.60217285	585.113769531
1571.36083984	603.527526855
1572.11950684	622.113586426
1572.87817383	606.577453613
1573.63684082	604.172180176
1574.39550781	594.24407959
1575.15405273	613.018127441
1575.91271973	637.049194336
1576.67138672	636.81427002
1577.43005371	627.14440918
1578.1887207	636.502807617
1578.9473877	663.440612793
1579.70605469	659.06854248
1580.46472168	659.082763672
1581.22338867	674.12713623
1581.98193359	682.014709473
1582.74060059	694.496643066
1583.49926758	700.877746582
1584.25793457	712.748046875
1585.01660156	703.921020508
1585.77526855	711.463134766
1586.53393555	722.90435791
1587.29260254	733.379821777
1588.05126953	736.406311035
1588.80981445	728.108703613
1589.56848145	723.820861816
1590.32714844	735.727905273
1591.08581543	740.475769043
1591.84448242	745.995605469
1592.60314941	766.450256348
1593.36181641	751.800109863
1594.1204834	747.587341309
1594.87915039	745.965942383
1595.63769531	741.322875977
1596.3963623	739.044494629
1597.1550293	745.157531738
1597.91369629	738.105529785
1598.67236328	741.306274414
1599.43103027	761.90020752
1600.18969727	760.362243652
1600.94836426	753.329467773
1601.70690918	728.886047363
1602.46557617	741.686401367
1603.22424316	762.467163086
1603.98291016	726.358398438
1604.74157715	754.405334473
1605.50024414	716.192016602
1606.25891113	736.030456543
1607.01757813	722.566223145
1607.77624512	725.415222168
1608.53479004	714.540649414
1609.29345703	715.267700195
1610.05212402	714.431274414
1610.81079102	704.300231934
1611.56945801	700.546325684
1612.328125	699.895446777
1613.08679199	699.470153809
1613.84545898	695.360961914
1614.60412598	679.274108887
1615.3626709	680.164611816
1616.12133789	664.220703125
1616.88000488	654.223999023
1617.63867188	657.554077148
1618.39733887	658.401245117
1619.15600586	637.741821289
1619.91467285	640.364257813
1620.67333984	627.111328125
1621.43200684	604.825439453
1622.19055176	593.000732422
1622.94921875	595.955444336
1623.70788574	582.360046387
1624.46655273	579.054504395
1625.22521973	572.167663574
1625.98388672	558.11517334
1626.74255371	549.372314453
1627.5012207	547.702453613
1628.2598877	533.056152344
1629.01843262	512.762023926
1629.77709961	503.423980713
1630.5357666	497.240325928
1631.29443359	483.198974609
1632.05310059	479.131469727
1632.81176758	467.008209229
1633.57043457	454.551849365
1634.32910156	448.687591553
1635.08776855	449.478668213
1635.84631348	430.851348877
1636.60498047	414.001281738
1637.36364746	401.777435303
1638.12231445	388.896209717
1638.88098145	395.615905762
1639.63964844	391.91192627
1640.39831543	372.75970459
1641.15698242	366.734619141
1641.91564941	360.903411865
1642.67419434	350.665802002
1643.43286133	350.302337646
1644.19152832	331.448364258
1644.95019531	320.706542969
1645.7088623	313.583190918
1646.4675293	311.88848877
1647.22619629	309.336669922
1647.98486328	299.702606201
1648.74353027	292.332977295
1649.5020752	280.960662842
1650.26074219	277.870452881
1651.01940918	274.063232422
1651.77807617	266.085235596
1652.53674316	260.193206787
1653.29541016	254.076461792
1654.05407715	248.239547729
1654.81274414	246.324005127
1655.57141113	227.936737061
1656.32995605	243.519546509
1657.08862305	225.780822754
1657.84729004	219.271896362
1658.60595703	215.878036499
1659.36462402	210.853103638
1660.12329102	210.376968384
1660.88195801	207.578735352
1661.640625	205.278961182
1662.39929199	200.765411377
1663.15783691	193.072723389
1663.91650391	177.512405396
1664.6751709	186.512405396
1665.43383789	177.855484009
1666.19250488	174.110595703
1666.95117188	175.169448853
1667.70983887	164.781295776
1668.46850586	158.916946411
1669.22717285	159.172836304
1669.98571777	151.331619263
1670.74438477	149.393127441
1671.50305176	146.769226074
1672.26171875	144.101226807
1673.02038574	141.659606934
1673.77905273	133.803863525
1674.53771973	137.863632202
1675.29638672	134.607925415
1676.05505371	135.058639526
1676.81359863	135.946182251
1677.57226563	130.246505737
1678.33093262	122.04901123
1679.08959961	126.010658264
1679.8482666	118.421173096
1680.60693359	112.021270752
1681.36560059	118.722129822
1682.12426758	112.160484314
1682.88293457	109.956443787
1683.64147949	106.771392822
1684.40014648	103.210243225
1685.15881348	104.149200439
1685.91748047	100.216506958
1686.67614746	101.649116516
1687.43481445	104.12953186
1688.19348145	93.9197616577
1688.95214844	94.9633255005
1689.71081543	96.1679992676
1690.46936035	90.9834213257
1691.22802734	94.5898742676
1691.98669434	95.4891281128
1692.74536133	88.4130706787
1693.50402832	85.8352584839
1694.26269531	84.674369812
1695.0213623	86.0790863037
1695.7800293	79.9943618774
1696.53869629	86.3469772339
1697.29724121	80.5714187622
1698.0559082	81.6927642822
1698.8145752	80.9840393066
1699.57324219	79.1347808838
1700.33190918	78.6850357056
1701.09057617	74.575302124
1701.84924316	75.7570800781
1702.60791016	77.5447311401
1703.36657715	76.1572418213
1704.12512207	74.5242843628
1704.88378906	75.3984909058
1705.64245605	75.7036819458
1706.40112305	75.1396713257
1707.15979004	69.0469589233
1707.91845703	72.7175979614
1708.67712402	69.5257720947
1709.43579102	66.032081604
1710.19445801	65.7415771484
1710.95300293	69.0815505981
1711.71166992	68.9512786865
1712.47033691	67.7596054077
1713.22900391	68.362739563
1713.9876709	63.2213439941
1714.74633789	62.7053375244
1715.50500488	64.9476394653
1716.26367188	63.3374824524
1717.02233887	62.9187736511
1717.78088379	63.5424613953
1718.53955078	62.0403747559
1719.29821777	67.151473999
1720.05688477	68.0529022217
1720.81555176	53.8520889282
1721.57421875	55.3147850037
1722.33288574	58.8315238953
1723.09155273	61.4259872437
1723.85021973	64.6094512939
1724.60876465	59.8278198242
1725.36743164	55.8948898315
1726.12609863	54.4606285095
1726.88476563	54.2244415283
1727.64343262	57.7854499817
1728.40209961	57.022605896
1729.1607666	59.9491424561
1729.91943359	55.6187477112
1730.67810059	59.5380935669
1731.43664551	55.1786689758
1732.1953125	55.493106842
1732.95397949	56.8403816223
1733.71264648	55.7259254456
1734.47131348	56.2593841553
1735.22998047	55.5074729919
1735.98864746	55.9970169067
1736.74731445	54.7657432556
1737.50598145	54.6342277527
1738.26452637	54.4880599976
1739.02319336	53.424446106
1739.78186035	54.3427276611
1740.54052734	56.2101325989
1741.29919434	54.0541229248
1742.05786133	50.7953224182
1742.81652832	54.2092933655
1743.57519531	52.8936080933
1744.3338623	52.6471099854
1745.09240723	53.1700706482
1745.85107422	56.7725257874
1746.60974121	54.7473297119
1747.3684082	51.8790893555
1748.1270752	53.5467262268
1748.88574219	53.0799331665
1749.64440918	46.9091720581
1750.40307617	47.2783546448
1751.16174316	45.6885795593
1751.92028809	48.2300758362
1752.67895508	50.6387214661
1753.43762207	50.5184898376
1754.19628906	50.4458961487
1754.95495605	55.4832496643
1755.71362305	54.2831192017
1756.47229004	54.2934951782
1757.23095703	52.1135826111
1757.98962402	50.8325042725
1758.74816895	48.2602615356
1759.50683594	48.3292274475
1760.26550293	52.7509002686
1761.02416992	49.1736335754
1761.78283691	47.6155204773
1762.54150391	46.8787879944
1763.3001709	48.4953765869
1764.05883789	46.5144119263
1764.81750488	53.7396774292
1765.5760498	51.2472915649
1766.3347168	48.6129302979
1767.09338379	52.9486961365
1767.85205078	44.8830070496
1768.61071777	48.1086807251
1769.36938477	49.0820388794
1770.12805176	49.2806930542
1770.88671875	46.6963577271
1771.64538574	45.5036964417
1772.40393066	48.2280807495
1773.16259766	47.4694519043
1773.92126465	43.9869003296
1774.67993164	47.5473098755
1775.43859863	43.1847457886
1776.19726563	48.6493530273
1776.95593262	51.0008049011
1777.71459961	51.7553291321
1778.4732666	49.0392150879
1779.23181152	49.4499816895
1779.99047852	46.7266426086
1780.74914551	47.7242774963
1781.5078125	47.8084335327
1782.26647949	48.0354881287
1783.02514648	44.4382629395
1783.78381348	45.2788047791
1784.54248047	50.0257644653
1785.30114746	45.436214447
1786.05969238	46.2237854004
1786.81835938	47.1011734009
1787.57702637	45.2978973389
1788.33569336	49.3006286621
1789.09436035	48.897895813
1789.85302734	45.5273284912
1790.61169434	48.3015937805
1791.37036133	51.3140869141
1792.12902832	42.7093734741
1792.88757324	45.6869354248
1793.64624023	45.4257774353
1794.40490723	44.8937911987
1795.16357422	44.5394630432
1795.92224121	44.6538238525
1796.6809082	48.7770042419
1797.4395752	46.2034187317
1798.19824219	44.3847579956
1798.95690918	43.5622634888
1799.7154541	42.9284591675
1800.47412109	43.3079071045
1801.23278809	46.2809028625
1801.99145508	45.0204544067
1802.75012207	45.6401176453
1803.50878906	47.8058280945
1804.26745605	46.5542793274
1805.02612305	49.5637817383
1805.78479004	40.7826919556
1806.54333496	44.1617355347
1807.30200195	46.4413070679
1808.06066895	45.2036514282
1808.81933594	44.9806213379
1809.57800293	46.8937187195
1810.33666992	46.7777404785
1811.09533691	44.3939285278
1811.85400391	41.0953598022
1812.6126709	39.0914459229
1813.37121582	42.2888755798
1814.12988281	42.0819740295
1814.8885498	40.2814865112
1815.6472168	45.1276016235
1816.40588379	45.2567939758
1817.16455078	48.3409004211
1817.92321777	48.0966300964
1818.68188477	45.2396774292
1819.44055176	44.7511863708
1820.19909668	43.62890625
1820.95776367	46.9022102356
1821.71643066	48.5389671326
1822.47509766	48.2899093628
1823.23376465	48.4571113586
1823.99243164	47.2151184082
1824.75109863	46.3790855408
1825.50976563	44.4605484009
1826.26843262	45.2502784729
1827.02697754	48.6255340576
1827.78564453	43.9762115479
1828.54431152	44.8184623718
1829.30297852	47.1614685059
1830.06164551	46.5213012695
1830.8203125	41.7038269043
1831.57897949	45.0057945251
1832.33764648	46.5343666077
1833.09631348	44.2818183899
1833.8548584	46.0865478516
1834.61352539	42.9223136902
1835.37219238	41.0848274231
1836.13085938	43.9663391113
1836.88952637	46.5136413574
1837.64819336	46.4256782532
1838.40686035	46.6349487305
1839.16552734	47.0273780823
1839.92419434	42.9387702942
1840.68273926	42.6071929932
1841.44140625	43.3727798462
1842.20007324	47.9368896484
1842.95874023	46.6304473877
1843.71740723	49.862827301
1844.47607422	52.5009498596
1845.23474121	46.3507919312
1845.9934082	46.1970977783
1846.7520752	46.5057983398
1847.51062012	45.7991294861
1848.26928711	42.8026618958
1849.0279541	46.4168548584
1849.78662109	46.4631652832
1850.54528809	42.4564590454
1851.30395508	36.6382331848
1852.06262207	42.4617958069
1852.82128906	40.7207679749
1853.57995605	50.0633811951
1854.33850098	46.5078773499
1855.09716797	49.9859962463
1855.85583496	46.0067749023
1856.61450195	47.9628562927
1857.37316895	63.8531608582
1858.13183594	48.1195449829
1858.89050293	46.5039672852
1859.64916992	48.1951408386
1860.40783691	46.7349700928
1861.16638184	44.8046264648
1861.92504883	45.1319160461
1862.68371582	43.9432144165
1863.44238281	43.8450202942
1864.2010498	42.5076980591
1864.9597168	43.4080886841
1865.71838379	44.806476593
1866.47705078	45.2272949219
1867.2355957	41.5900268555
1867.9942627	39.5993232727
1868.75292969	53.0958366394
1869.51159668	43.2475395203
1870.27026367	46.466545105
1871.02893066	41.7388305664
1871.78759766	47.4517097473
1872.54626465	45.7430839539
1873.30493164	46.167224884
1874.06347656	40.9213027954
1874.82214355	41.6684379578
1875.58081055	44.7553939819
1876.33947754	38.7864151001
1877.09814453	42.4518127441
1877.85681152	41.1929969788
1878.61547852	49.2839164734
1879.37414551	44.3768119812
1880.1328125	70.8355941772
1880.89135742	45.3818664551
1881.65002441	45.3818664551
1882.40869141	48.52501297
1883.1673584	44.8720054626
1883.92602539	44.2834854126
1884.68469238	40.4157676697
1885.44335938	44.8961601257
1886.20202637	50.0937538147
1886.96069336	43.1290397644
1887.71923828	44.1799125671
1888.47790527	44.5459403992
1889.23657227	45.8506393433
1889.99523926	44.8446884155
1890.75390625	46.088054657
1891.51257324	44.2556152344
1892.27124023	45.3186302185
1893.02990723	46.211227417
1893.78857422	48.166015625
1894.54711914	43.4711303711
1895.30578613	43.7768554688
1896.06445313	44.2148666382
1896.82312012	42.5692024231
1897.58178711	46.3748931885
1898.3404541	42.8723678589
1899.09912109	38.1884880066
1899.85778809	42.0535888672
1900.61645508	46.3599815369
1901.375	40.5802116394
1902.13366699	48.1664199829
1902.89233398	47.3866500854
1903.65100098	47.2319450378
1904.40966797	44.4002037048
1905.16833496	42.5244789124
1905.92700195	40.2750358582
1906.68566895	43.878200531
1907.44433594	49.9159393311
1908.20288086	42.0658416748
1908.96154785	40.7499961853
1909.72021484	36.4639701843
1910.47888184	48.1940460205
1911.23754883	43.6834754944
1911.99621582	48.0826911926
1912.75488281	48.252166748
1913.5135498	45.139995575
1914.2722168	48.0830001831
1915.03076172	47.0925559998
1915.78942871	38.8113212585
1916.5480957	39.2022361755
1917.3067627	41.4308319092
1918.06542969	41.1808700562
1918.82409668	43.6857070923
1919.58276367	40.1957473755
1920.34143066	42.7402534485
1921.10009766	45.5540122986
1921.85864258	44.4270553589
1922.61730957	45.1393280029
1923.37597656	47.45104599
1924.13464355	47.75
1924.89331055	38.9454574585
1925.65197754	40.6694259644
1926.41064453	40.9237556458
1927.16931152	45.0983352661
1927.92797852	45.4984855652
1928.68652344	50.2553291321
1929.44519043	48.8544273376
1930.20385742	50.2315254211
1930.96252441	38.700138092
1931.72119141	49.3978233337
1932.4798584	42.1902427673
1933.23852539	41.3049430847
1933.99719238	39.9949264526
1934.75585938	42.4418869019
1935.5144043	43.9275550842
1936.27307129	46.0439109802
1937.03173828	44.3916091919
1937.79040527	38.7846374512
1938.54907227	44.4574279785
1939.30773926	44.430480957
1940.06640625	38.9554100037
1940.82507324	36.7288665771
1941.58374023	39.5151939392
1942.34228516	45.9986877441
1943.10095215	47.7403564453
1943.85961914	47.2210273743
1944.61828613	45.1336593628
1945.37695313	41.5417938232
1946.13562012	39.9336662292
1946.89428711	49.4675941467
1947.6529541	44.2903747559
1948.41162109	44.7427978516
1949.17016602	43.6384735107
1949.92883301	45.3011283875
1950.6875	43.6041603088
1951.44616699	44.8894081116
1952.20483398	40.6969337463
1952.96350098	50.8598175049
1953.72216797	45.2366676331
1954.48083496	43.1588783264
1955.23950195	44.0453529358
1955.99804688	42.2889671326
1956.75671387	43.3275756836
1957.51538086	45.9402427673
1958.27404785	41.3184089661
1959.03271484	40.1438102722
1959.79138184	41.7015380859
1960.55004883	42.6283836365
1961.30871582	47.6620903015
1962.06738281	48.7816772461
1962.82592773	44.9542884827
1963.58459473	43.1709861755
1964.34326172	48.6635246277
1965.10192871	45.4046821594
1965.8605957	45.7362327576
1966.6192627	45.2861824036
1967.37792969	49.165725708
1968.13659668	44.6258010864
1968.89526367	41.4331016541
1969.65380859	40.4203605652
1970.41247559	43.596370697
1971.17114258	43.6348762512
1971.92980957	44.7477416992
1972.68847656	49.5120353699
1973.44714355	43.1949691772
1974.20581055	43.3597488403
1974.96447754	46.8039703369
1975.72314453	43.3700256348
1976.48168945	41.8739852905
1977.24035645	44.75
1977.99902344	47.3552093506
1978.75769043	45.3032188416
1979.51635742	39.1856307983
1980.27502441	44.4586830139
1981.03369141	38.741607666
1981.7923584	47.3270797729
1982.55102539	41.8373947144
1983.30957031	44.6419830322
1984.0682373	44.984828949
1984.8269043	42.0568695068
1985.58557129	44.2905311584
1986.34423828	45.228225708
1987.10290527	47.0847167969
1987.86157227	42.9100646973
1988.62023926	48.9043579102
1989.37890625	44.7921409607
1990.13745117	48.1374855042
1990.89611816	42.9861755371
1991.65478516	42.7892494202
1992.41345215	43.9604873657
1993.17211914	46.3964500427
1993.93078613	40.3719825745
1994.68945313	48.4305267334
1995.44812012	50.3159561157
1996.20678711	46.2150917053
1996.96533203	43.2265815735
1997.72399902	46.8246002197
1998.48266602	45.2291793823
1999.24133301	42.4503555298
2000	44.9752464294
