400	104.859886169
400.758666992	89.6370849609
401.517303467	104.290817261
402.275970459	93.6527252197
403.034606934	94.0370254517
403.793273926	99.4312286377
404.5519104	103.493942261
405.310577393	107.711090088
406.069213867	100.282684326
406.827880859	96.7673797607
407.586547852	92.6827468872
408.345184326	100.567977905
409.103851318	101.00579834
409.862487793	101.634643555
410.621154785	105.241027832
411.37979126	106.240653992
412.138458252	102.422546387
412.897094727	98.7045822144
413.655761719	101.342933655
414.414428711	100.119728088
415.173065186	104.024131775
415.931732178	98.5117950439
416.690368652	96.4968948364
417.449035645	100.676116943
418.207672119	94.5674057007
418.966339111	95.7241592407
419.724975586	96.6041946411
420.483642578	102.130615234
421.24230957	101.466056824
422.000946045	102.800186157
422.759613037	102.171760559
423.518249512	97.8297348022
424.276916504	93.6539306641
425.035552979	92.5848007202
425.794219971	102.883224487
426.552856445	104.160942078
427.311523438	100.064849854
428.07019043	95.9097595215
428.828826904	97.268699646
429.587493896	104.532821655
430.346130371	109.445884705
431.104797363	103.173042297
431.863433838	95.2885513306
432.62210083	88.2214889526
433.380737305	99.8783950806
434.139404297	98.4907684326
434.898040771	101.297546387
435.656707764	101.428970337
436.415374756	98.9363250732
437.17401123	102.637290955
437.932678223	105.673126221
438.691314697	95.3849563599
439.449981689	105.009033203
440.208618164	99.7143173218
440.967285156	105.44165802
441.725921631	105.941459656
442.484588623	100.306442261
443.243255615	95.194480896
444.00189209	92.6067123413
444.760559082	100.249526978
445.519195557	107.621513367
446.277862549	100.743522644
447.036499023	109.436836243
447.795166016	105.852928162
448.55380249	99.5257034302
449.312469482	100.892852783
450.071136475	102.148223877
450.829772949	92.631362915
451.588439941	94.4816360474
452.347076416	98.3179321289
453.105743408	104.300849915
453.864379883	107.507530212
454.623046875	101.807327271
455.38168335	96.384803772
456.140350342	99.3685455322
456.899017334	104.388786316
457.657653809	97.5967102051
458.416320801	94.7440414429
459.174957275	104.784973145
459.933624268	102.884750366
460.692260742	101.111328125
461.450927734	93.6561203003
462.209564209	89.1725234985
462.968231201	92.0793838501
463.726898193	93.7225265503
464.485534668	89.2362365723
465.24420166	91.3048095703
466.002838135	94.2480163574
466.761505127	93.903755188
467.520141602	94.5336532593
468.278808594	95.8972549438
469.037445068	93.2558364868
469.796112061	93.5871353149
470.554779053	104.400917053
471.313415527	103.737808228
472.07208252	94.5704498291
472.830718994	91.7340774536
473.589385986	89.8251647949
474.348022461	91.0480728149
475.106689453	99.1020507813
475.865325928	98.1706619263
476.62399292	88.0236358643
477.382659912	89.0586166382
478.141296387	96.2031326294
478.899963379	98.2797088623
479.658599854	95.1539459229
480.417266846	90.3858566284
481.17590332	93.5153579712
481.934570313	95.643119812
482.693206787	91.652885437
483.451873779	88.7581253052
484.210540771	91.3592758179
484.969177246	84.4231567383
485.727844238	91.5311431885
486.486480713	93.9966659546
487.245147705	95.8624649048
488.00378418	94.3670501709
488.762451172	91.5120773315
489.521087646	90.7272415161
490.279754639	95.0361099243
491.038421631	100.551719666
491.797058105	94.7547225952
492.555725098	90.0010986328
493.314361572	89.1088027954
494.073028564	95.7829589844
494.831665039	84.1829452515
495.590332031	83.3247299194
496.348968506	90.4116363525
497.107635498	91.8039855957
497.86630249	87.6100769043
498.624938965	86.4858322144
499.383605957	93.8003311157
500.142242432	86.6637191772
500.900909424	83.8422393799
501.659545898	86.6062850952
502.418212891	90.7702865601
503.176849365	90.8846817017
503.935516357	88.3693084717
504.694152832	88.1460418701
505.452819824	89.5159835815
506.211486816	85.1082992554
506.970123291	81.5288085938
507.728790283	89.4924621582
508.487426758	82.893989563
509.24609375	82.0995025635
510.004730225	76.869178772
510.763397217	76.2992324829
511.522033691	87.5090560913
512.280700684	93.9521408081
513.039367676	86.3277511597
513.798034668	89.3129196167
514.556640625	94.6571502686
515.315307617	92.9908370972
516.073974609	94.5869445801
516.832641602	88.6296463013
517.591247559	87.5124206543
518.349914551	89.9398269653
519.108581543	85.4970321655
519.867248535	84.6031570435
520.625915527	82.8571929932
521.384521484	93.2887954712
522.143188477	85.0905761719
522.901855469	84.5498428345
523.660522461	84.3742599487
524.419128418	76.7048110962
525.17779541	73.8881454468
525.936462402	81.9377593994
526.695129395	88.0820541382
527.453796387	89.2134094238
528.212402344	85.3433151245
528.971069336	91.3094100952
529.729736328	89.3558731079
530.48840332	92.5695419312
531.247009277	89.2611999512
532.00567627	85.6666641235
532.764343262	82.5001449585
533.523010254	79.4555282593
534.281677246	87.2437133789
535.040283203	98.0936203003
535.798950195	99.2905502319
536.557617188	95.8705444336
537.31628418	88.7320098877
538.074890137	85.3486099243
538.833557129	84.8523483276
539.592224121	85
540.350891113	86.412940979
541.109558105	88.413230896
541.868164063	86.2183380127
542.626831055	83.986907959
543.385498047	90.2760162354
544.144165039	80.2730331421
544.902770996	83.5224685669
545.661437988	93.0131607056
546.42010498	94.6398162842
547.178771973	89.5623855591
547.937438965	86.8971481323
548.696044922	90.0789413452
549.454711914	92.6949768066
550.213378906	80.1900863647
550.972045898	85.2853546143
551.730651855	90.9360809326
552.489318848	92.2443847656
553.24798584	92.3333282471
554.006652832	88.7823562622
554.765319824	89.9887466431
555.523925781	92.2374267578
556.282592773	85.4105224609
557.041259766	86.6761169434
557.799926758	93.5687713623
558.558532715	99.8679656982
559.317199707	87.5524673462
560.075866699	82.0653533936
560.834533691	81.2117919922
561.593200684	89.5591506958
562.351806641	96.0842971802
563.110473633	97.5812683105
563.869140625	97.5534820557
564.627807617	84.973449707
565.386413574	94.408164978
566.145080566	81.4675445557
566.903747559	90.2439346313
567.662414551	88.0218048096
568.421081543	89.9085693359
569.1796875	91.4832687378
569.938354492	92.3888015747
570.697021484	94.1397476196
571.455688477	92.690246582
572.214294434	85.3611907959
572.972961426	82.5307617188
573.731628418	90.361618042
574.49029541	89.8002624512
575.248962402	85.8172836304
576.007568359	91.6115112305
576.766235352	92.507484436
577.524902344	90.5069351196
578.283569336	91.6077804565
579.042175293	91.2916793823
579.800842285	85.2072219849
580.559509277	85.1950302124
581.31817627	90.3078079224
582.076843262	90.0333709717
582.835449219	88.9274520874
583.594116211	92.4480361938
584.352783203	98.2853088379
585.111450195	100.48399353
585.870056152	96.7735595703
586.628723145	93.9620132446
587.387390137	94.949546814
588.146057129	87.8123245239
588.904724121	92.9359207153
589.663330078	91.4272842407
590.42199707	91.6163024902
591.180664063	92.4208984375
591.939331055	86.5098190308
592.697937012	86.3475646973
593.456604004	87.8821105957
594.215270996	86.1217651367
594.973937988	88.7103118896
595.73260498	96.181930542
596.491210938	84.6874694824
597.24987793	91.3313446045
598.008544922	91.3333358765
598.767211914	87.2741165161
599.525817871	91.3594894409
600.284484863	94.9980239868
601.043151855	89.8097305298
601.801818848	85.7900543213
602.560424805	87.0927886963
603.319091797	90.5440216064
604.077758789	102.46244812
604.836425781	94.2894821167
605.595092773	93.6849517822
606.35369873	88.3901443481
607.112365723	91.8705596924
607.871032715	94.3915176392
608.629699707	90.1771469116
609.388305664	89.3800506592
610.146972656	93.200302124
610.905639648	95.7693099976
611.664306641	98.697555542
612.422973633	103.248519897
613.18157959	90.6321334839
613.940246582	90.0270767212
614.698913574	89.4205474854
615.457580566	96.0696640015
616.216186523	99.1418304443
616.974853516	100.459289551
617.733520508	96.9726028442
618.4921875	88.8754119873
619.250854492	88.3672637939
620.009460449	98.6663665771
620.768127441	94.6755218506
621.526794434	90.7161254883
622.285461426	91.6267852783
623.044067383	104.407691956
623.802734375	96.9827957153
624.561401367	96.8637161255
625.320068359	93.6028823853
626.078735352	91.0064315796
626.837341309	92.0345916748
627.596008301	92.4481201172
628.354675293	92.1357421875
629.113342285	94.6159820557
629.871948242	94.0799560547
630.630615234	90.4430389404
631.389282227	100.058364868
632.147949219	84.6230239868
632.906616211	95.1892623901
633.665222168	103.60383606
634.42388916	103.940345764
635.182556152	104.028144836
635.941223145	102.512237549
636.699829102	95.9214859009
637.458496094	91.4103317261
638.217163086	89.646697998
638.975830078	99.6765213013
639.73449707	106.063667297
640.493103027	102.259719849
641.25177002	94.1910247803
642.010437012	92.7524795532
642.769104004	86.7512435913
643.527709961	91.0469665527
644.286376953	98.3445358276
645.045043945	97.7037582397
645.803710938	107.287712097
646.56237793	106.701324463
647.320983887	95.9464416504
648.079650879	102.034873962
648.838317871	94.2269973755
649.596984863	94.3031845093
650.35559082	98.6072769165
651.114257813	95.8675689697
651.872924805	91.25390625
652.631591797	95.9542312622
653.390258789	104.704917908
654.148864746	103.692184448
654.907531738	97.513999939
655.66619873	98.9132385254
656.424865723	104.322624207
657.18347168	103.40851593
657.942138672	101.93144989
658.700805664	102.674438477
659.459472656	107.244636536
660.218139648	101.714447021
660.976745605	99.0085906982
661.735412598	102.22164917
662.49407959	102.447151184
663.252746582	102.160171509
664.011352539	103.523468018
664.770019531	97.6399230957
665.528686523	97.3349227905
666.287353516	104.329277039
667.046020508	116.86592865
667.804626465	104.931716919
668.563293457	114.538719177
669.321960449	111.21824646
670.080627441	103.498031616
670.839233398	105.172225952
671.597900391	103.61114502
672.356567383	99.9320907593
673.115234375	112.431747437
673.873901367	113.707214355
674.632507324	102.689750671
675.391174316	100.229118347
676.149841309	98.6131362915
676.908508301	102.335884094
677.667114258	98.7609481812
678.42578125	100.044975281
679.184448242	102.83454895
679.943115234	98.9175720215
680.701782227	96.1755599976
681.460388184	99.4143981934
682.219055176	96.3287734985
682.977722168	110.681655884
683.73638916	101.549133301
684.494995117	115.335960388
685.253662109	102.121482849
686.012329102	96.0638809204
686.770996094	105.601600647
687.529663086	107.889900208
688.288269043	100.499313354
689.046936035	100.133018494
689.805603027	108.094657898
690.56427002	107.904937744
691.322875977	97.9693603516
692.081542969	96.4951324463
692.840209961	103.940513611
693.598876953	96.5803451538
694.357543945	108.48664093
695.116149902	108.111206055
695.874816895	106.69128418
696.633483887	109.596244812
697.392150879	110.951301575
698.150756836	102.93397522
698.909423828	98.865562439
699.66809082	105.114585876
700.426757813	106.410484314
701.185424805	106.024360657
701.944030762	106.137039185
702.702697754	92.7420120239
703.461364746	110.899894714
704.220031738	98.7318115234
704.978637695	98.2397384644
705.737304688	111.438957214
706.49597168	109.508079529
707.254638672	106.992652893
708.013305664	109.760681152
708.771911621	109.605888367
709.530578613	105.28742218
710.289245605	105.904800415
711.047912598	116.776916504
711.806518555	105.696899414
712.565185547	106.076385498
713.323852539	111.621955872
714.082519531	104.838905334
714.841186523	115.418426514
715.59979248	113.487220764
716.358459473	112.593673706
717.117126465	113.70324707
717.875793457	117.827629089
718.634399414	118.113586426
719.393066406	107.973487854
720.151733398	100.843276978
720.910400391	106.915390015
721.669067383	109.433860779
722.42767334	107.591041565
723.186340332	117.129486084
723.945007324	108.642280579
724.703674316	124.108482361
725.462280273	116.501976013
726.220947266	108.100097656
726.979614258	101.597084045
727.73828125	103.490264893
728.496948242	109.374832153
729.255554199	111.970504761
730.014221191	117.953300476
730.772888184	124.381393433
731.531555176	119.20426178
732.290161133	118.333328247
733.048828125	118.333328247
733.807495117	115.609161377
734.566162109	125.07006073
735.324768066	116.851104736
736.083435059	118.71030426
736.842102051	120.795158386
737.600769043	124.63633728
738.359436035	121.913871765
739.118041992	116.448707581
739.876708984	115.23046875
740.635375977	110.492492676
741.394042969	118.470443726
742.152648926	120.285644531
742.911315918	116.910713196
743.66998291	114.437782288
744.428649902	111.668296814
745.187316895	121.668914795
745.945922852	119.03037262
746.704589844	124.070953369
747.463256836	120.916671753
748.221923828	122.843566895
748.980529785	125.582145691
749.739196777	120.910995483
750.49786377	118.561317444
751.256530762	119.5573349
752.015197754	123.333335876
752.773803711	122.228942871
753.532470703	113.144805908
754.291137695	126.143531799
755.049804688	126.963745117
755.808410645	122.342750549
756.567077637	125.339126587
757.325744629	120.75957489
758.084411621	115.351295471
758.843078613	118.720695496
759.60168457	121.739120483
760.360351563	126.516639709
761.119018555	127.890304565
761.877685547	117.79334259
762.636291504	131.447616577
763.394958496	125.251480103
764.153625488	125.928184509
764.91229248	108.576080322
765.670959473	122.117195129
766.42956543	127.871704102
767.188232422	118.772094727
767.946899414	125.979568481
768.705566406	125.484565735
769.464172363	126.271827698
770.222839355	126.117698669
770.981506348	119.548690796
771.74017334	117.685287476
772.498840332	125.977676392
773.257446289	132.475723267
774.016113281	131.724456787
774.774780273	120.56313324
775.533447266	119.739616394
776.292053223	121.605735779
777.050720215	126.481033325
777.809387207	135.359008789
778.568054199	135.974441528
779.326721191	130.514907837
780.085327148	132.785064697
780.843994141	126.411170959
781.602661133	121.511375427
782.361328125	123.624519348
783.119934082	123.876495361
783.878601074	122.550804138
784.637268066	122.779701233
785.395935059	131.666671753
786.154602051	131.170501709
786.913208008	126.918891907
787.671875	125.045837402
788.430541992	129.556991577
789.189208984	125.77104187
789.947814941	125.520172119
790.706481934	138.803771973
791.465148926	137.481292725
792.223815918	135.173156738
792.98248291	133.740707397
793.741088867	131.819122314
794.499755859	134.492660522
795.258422852	139.101913452
796.017089844	135.521743774
796.775695801	122.004196167
797.534362793	126.126502991
798.293029785	135.159881592
799.051696777	132.993499756
799.81036377	132.368347168
800.568969727	124.090179443
801.327636719	138.048706055
802.086303711	139.314666748
802.844970703	133.573471069
803.60357666	129.860656738
804.362243652	139.232818604
805.120910645	138.068481445
805.879577637	131.842254639
806.638244629	130.297866821
807.396850586	123.517356873
808.155517578	128.063720703
808.91418457	136.259597778
809.672851563	138.176773071
810.43145752	144.249557495
811.190124512	152.023849487
811.948791504	154.527832031
812.707458496	147.570068359
813.466125488	137.324768066
814.224731445	143.473358154
814.983398438	148.809860229
815.74206543	138.659515381
816.500732422	137.566009521
817.259338379	145.501190186
818.018005371	149.640441895
818.776672363	139.215454102
819.535339355	127.729263306
820.294006348	137.648025513
821.052612305	139.551010132
821.811279297	140.596252441
822.569946289	142.13053894
823.328613281	143.282409668
824.087219238	142.0287323
824.84588623	145.062927246
825.604553223	134.735321045
826.363220215	135.940093994
827.121887207	129.732421875
827.880493164	138.955230713
828.639160156	150.577728271
829.397827148	147.361450195
830.156494141	147.06211853
830.915100098	145.291473389
831.67376709	142.969238281
832.432434082	149.45614624
833.191101074	144.395278931
833.949768066	146.476394653
834.708374023	148.146911621
835.467041016	153.33392334
836.225708008	144.291824341
836.984375	143.350204468
837.742980957	147.660064697
838.501647949	142.495239258
839.260314941	145.181350708
840.018981934	145.245117188
840.777648926	148.022583008
841.536254883	152.112014771
842.294921875	156.393630981
843.053588867	154.461715698
843.812255859	146.756729126
844.570861816	143.798034668
845.329528809	149.204269409
846.088195801	151.814941406
846.846862793	145.424545288
847.605529785	146.135025024
848.364135742	156.397277832
849.122802734	153.369842529
849.881469727	138.07699585
850.640136719	141.228393555
851.398742676	149.538970947
852.157409668	148.333465576
852.91607666	141.04258728
853.674743652	152.026824951
854.433410645	154.949676514
855.192016602	153.483047485
855.950683594	156.891296387
856.709350586	154.899032593
857.468017578	147.976715088
858.226623535	150.03515625
858.985290527	154.316925049
859.74395752	147.272842407
860.502624512	141.482711792
861.261291504	138.632202148
862.019897461	133.636856079
862.778564453	135.530197144
863.537231445	137.574554443
864.295898438	142.624099731
865.054504395	139.232162476
865.813171387	144.890289307
866.571838379	129.291229248
867.330505371	133.021835327
868.089111328	137.424911499
868.84777832	138.558258057
869.606445313	141.362762451
870.365112305	135.784210205
871.123779297	134.298736572
871.882385254	133.970947266
872.641052246	133.322067261
873.399719238	138.277389526
874.15838623	134.203094482
874.916992188	129.724945068
875.67565918	134.666671753
876.434326172	134.252609253
877.192993164	131.226165771
877.951660156	125.043540955
878.710266113	131.662368774
879.468933105	129.765441895
880.227600098	135.675643921
880.98626709	132.36579895
881.744873047	126.060569763
882.503540039	119.66594696
883.262207031	120.32989502
884.020874023	126.312812805
884.779541016	133.794937134
885.538146973	134.984085083
886.296813965	134.166732788
887.055480957	129.595199585
887.814147949	123.802154541
888.572753906	124.531578064
889.331420898	125.481086731
890.090087891	126.383033752
890.848754883	118.030456543
891.607421875	123.020774841
892.366027832	121.439659119
893.124694824	122.742301941
893.883361816	129.350189209
894.642028809	131.254974365
895.400634766	119.460792542
896.159301758	126.702720642
896.91796875	117.113952637
897.676635742	117.2289505
898.435302734	115.354606628
899.193908691	128.944213867
899.952575684	125.779273987
900.711242676	119.47403717
901.469909668	118.448303223
902.228515625	112.824569702
902.987182617	107.083366394
903.745849609	111.674224854
904.504516602	117.590370178
905.263183594	115.481361389
906.021789551	115.383728027
906.780456543	99.4437866211
907.539123535	106.015678406
908.297790527	105.49710083
909.056396484	113.734970093
909.815063477	101.084457397
910.573730469	120.483596802
911.332397461	117.903907776
912.091064453	112.368415833
912.84967041	106.921470642
913.608337402	114.709915161
914.367004395	112.522186279
915.125671387	111.234199524
915.884277344	114.842437744
916.642944336	112.173484802
917.401611328	108.765823364
918.16027832	109.380691528
918.918945313	112.252685547
919.67755127	110.56426239
920.436218262	105.536659241
921.194885254	105.333343506
921.953552246	106.646186829
922.712158203	108.544288635
923.470825195	105.98223114
924.229492188	107.531661987
924.98815918	103.879524231
925.746826172	105.761161804
926.505432129	110.291847229
927.264099121	109.333641052
928.022766113	125.898200989
928.781433105	121.487945557
929.540039063	110.267311096
930.298706055	101.762954712
931.057373047	112.371955872
931.816040039	104.020927429
932.574707031	110.039016724
933.333312988	111.479660034
934.09197998	111.646705627
934.850646973	100.78037262
935.609313965	99.8204498291
936.367919922	104.532928467
937.126586914	107.139183044
937.885253906	108.369728088
938.643920898	104.365333557
939.402587891	106.052505493
940.161193848	100.382820129
940.91986084	101.497467041
941.678527832	102.816375732
942.437194824	107.311393738
943.195800781	114.247673035
943.954467773	115.468742371
944.713134766	109.56401062
945.471801758	107.320999146
946.23046875	104.440208435
946.989074707	104.025093079
947.747741699	101.639503479
948.506408691	99.3600997925
949.265075684	101.956138611
950.023681641	97.8096466064
950.782348633	98.031211853
951.541015625	104.174667358
952.299682617	113.160736084
953.058349609	109.342025757
953.816955566	106.952423096
954.575622559	105.826133728
955.334289551	104.485595703
956.092956543	105.666664124
956.8515625	105.945053101
957.610229492	106.586997986
958.368896484	108.482223511
959.127563477	109.106216431
959.886230469	104.620918274
960.644836426	105.644195557
961.403503418	104.099777222
962.16217041	107.179412842
962.920837402	106.963027954
963.679443359	111.238945007
964.438110352	106.772514343
965.196777344	116.645217896
965.955444336	113.757965088
966.714111328	123.321136475
967.472717285	106.956489563
968.231384277	100.690994263
968.99005127	107.698608398
969.748718262	105.385391235
970.507324219	108.851104736
971.265991211	110.333335876
972.024658203	113.286125183
972.783325195	106.482627869
973.541992188	103.220344543
974.300598145	106.299537659
975.059265137	107.819786072
975.817932129	107.666664124
976.576599121	110.642547607
977.335205078	107.752357483
978.09387207	104.47832489
978.852539063	117.029174805
979.611206055	119.363670349
980.369873047	103.842323303
981.128479004	102.361602783
981.887145996	108.384132385
982.645812988	112.20400238
983.40447998	119.052993774
984.163085938	102.646606445
984.92175293	118.587623596
985.680419922	120.336486816
986.439086914	110.323600769
987.197753906	110.001251221
987.956359863	118.991737366
988.715026855	107.855766296
989.473693848	105.802703857
990.23236084	112.877807617
990.990966797	115.665664673
991.749633789	112.265037537
992.508300781	113.893280029
993.266967773	114.421432495
994.025634766	116.443862915
994.784240723	120.018852234
995.542907715	112.382110596
996.301574707	112.800094604
997.060241699	111.910072327
997.818847656	114.674926758
998.577514648	122.067756653
999.336181641	117.089813232
1000.09484863	115.818984985
1000.85345459	118.316474915
1001.61212158	115.952507019
1002.37078857	121.50328064
1003.12945557	115.019187927
1003.88812256	112.664993286
1004.64672852	119.576835632
1005.40539551	120.374488831
1006.1640625	124.434410095
1006.92272949	125.304389954
1007.68133545	118.906547546
1008.44000244	134.2134552
1009.19866943	125.663902283
1009.95733643	122.16986084
1010.71600342	120.099334717
1011.47460938	132.649154663
1012.23327637	126.815895081
1012.99194336	124.45602417
1013.75061035	125.556632996
1014.50921631	119.142166138
1015.2678833	122.347244263
1016.02655029	116.063613892
1016.78521729	130.230392456
1017.54388428	129.086181641
1018.30249023	134.400314331
1019.06115723	122.966163635
1019.81982422	121.831169128
1020.57849121	126.772659302
1021.33709717	128.120681763
1022.09576416	132.481994629
1022.85443115	137.086837769
1023.61309814	135.72958374
1024.3717041	127.82069397
1025.13037109	131.925674438
1025.88903809	142.909988403
1026.64770508	142.000549316
1027.40637207	138.192062378
1028.16503906	135.215682983
1028.92370605	132.982833862
1029.68237305	137.601623535
1030.44091797	137.332794189
1031.19958496	132.745895386
1031.95825195	137.847015381
1032.71691895	145.567123413
1033.47558594	148.333328247
1034.23425293	146.646713257
1034.99291992	139.497436523
1035.75158691	136.985519409
1036.51025391	129.376907349
1037.26879883	146.624084473
1038.02746582	143.879211426
1038.78613281	154.453079224
1039.5447998	136.591567993
1040.3034668	148.295700073
1041.06213379	132.091751099
1041.82080078	136.733566284
1042.57946777	149.95753479
1043.33813477	152.204589844
1044.09667969	149.109115601
1044.85534668	143.821014404
1045.61401367	144.110687256
1046.37268066	149.998794556
1047.13134766	153.170349121
1047.89001465	152.393508911
1048.64868164	153.483734131
1049.40734863	150.406326294
1050.16601563	155.503997803
1050.92456055	155.187850952
1051.68322754	142.363815308
1052.44189453	145.776931763
1053.20056152	142.622558594
1053.95922852	143.652008057
1054.71789551	147.391906738
1055.4765625	142.321899414
1056.23522949	150.162063599
1056.99389648	155.324508667
1057.75244141	147.923416138
1058.5111084	145.819625854
1059.26977539	144.830459595
1060.02844238	144.724639893
1060.78710938	146.006881714
1061.54577637	147.631256104
1062.30444336	151.762664795
1063.06311035	148.195770264
1063.82177734	146.324584961
1064.58032227	154.578598022
1065.33898926	153.751235962
1066.09765625	158.928939819
1066.85632324	156.578231812
1067.61499023	143.694335938
1068.37365723	145.06578064
1069.13232422	149.195343018
1069.89099121	166.151153564
1070.64953613	159.652099609
1071.40820313	147.085769653
1072.16687012	147.117935181
1072.92553711	161.356552124
1073.6842041	151.180130005
1074.44287109	153.339660645
1075.20153809	146.786087036
1075.96020508	140.232757568
1076.71887207	158.931243896
1077.47741699	161.608596802
1078.23608398	154.62638855
1078.99475098	155.903335571
1079.75341797	155.073684692
1080.51208496	162.571777344
1081.27075195	167.490112305
1082.02941895	162.456954956
1082.78808594	166.242401123
1083.54675293	154.114089966
1084.30529785	163.765335083
1085.06396484	175.221817017
1085.82263184	167.028594971
1086.58129883	171.576309204
1087.33996582	170.630935669
1088.09863281	165.452255249
1088.8572998	156.95072937
1089.6159668	165.027984619
1090.37463379	175.381912231
1091.13317871	178.682006836
1091.8918457	170.105895996
1092.6505127	167.403381348
1093.40917969	165.363693237
1094.16784668	166.779037476
1094.92651367	171.904586792
1095.68518066	166.101516724
1096.44384766	161.824111938
1097.20251465	170.013595581
1097.96105957	171.080596924
1098.71972656	163.940246582
1099.47839355	164.482727051
1100.23706055	168.345626831
1100.99572754	178.4243927
1101.75439453	188.482910156
1102.51306152	187.59375
1103.27172852	184.787948608
1104.03039551	181.566497803
1104.78894043	178.904342651
1105.54760742	178.333328247
1106.30627441	177.660400391
1107.06494141	183.970092773
1107.8236084	190.154953003
1108.58227539	186.432403564
1109.34094238	190.533187866
1110.09960938	178.665435791
1110.85827637	175.17565918
1111.61682129	184.893676758
1112.37548828	182.196929932
1113.13415527	185.673736572
1113.89282227	200.535461426
1114.65148926	185.792404175
1115.41015625	192.643508911
1116.16882324	200.831283569
1116.92749023	200.736068726
1117.68615723	201.001724243
1118.44470215	194.150756836
1119.20336914	180.4037323
1119.96203613	179.922561646
1120.72070313	196.748031616
1121.47937012	194.886184692
1122.23803711	191.559204102
1122.9967041	193.355667114
1123.75537109	195.896438599
1124.51403809	189.292480469
1125.27258301	187.748062134
1126.03125	193.682983398
1126.78991699	200.77230835
1127.54858398	198.584365845
1128.30725098	195.960006714
1129.06591797	203.563583374
1129.82458496	188.490951538
1130.58325195	191.068389893
1131.34191895	201.446426392
1132.10046387	212.626556396
1132.85913086	200.931243896
1133.61779785	213
1134.37646484	212.734039307
1135.13513184	204.467895508
1135.89379883	209.859573364
1136.65246582	200.468643188
1137.41113281	217.335800171
1138.1697998	219.322738647
1138.92834473	204.509414673
1139.68701172	210.87902832
1140.44567871	231.438613892
1141.2043457	231.033050537
1141.9630127	223.953689575
1142.72167969	203.616485596
1143.48034668	225.438690186
1144.23901367	234.839797974
1144.99768066	244.669906616
1145.75622559	224.004867554
1146.51489258	221.420410156
1147.27355957	223.55128479
1148.03222656	231.777603149
1148.79089355	224.963867188
1149.54956055	230.673461914
1150.30822754	232.562362671
1151.06689453	232.110870361
1151.82556152	235.024490356
1152.58410645	244.973495483
1153.34277344	229.930084229
1154.10144043	237.569946289
1154.86010742	254.782409668
1155.61877441	242.19758606
1156.37744141	236.493972778
1157.1361084	245.097686768
1157.89477539	246.623687744
1158.65344238	228.303115845
1159.4119873	248.697387695
1160.1706543	253.021255493
1160.92932129	236.272979736
1161.68798828	230.624237061
1162.44665527	246.406066895
1163.20532227	260.382171631
1163.96398926	253.585067749
1164.72265625	249.347183228
1165.48132324	251.846710205
1166.23986816	248.925262451
1166.99853516	247.773025513
1167.75720215	238.148162842
1168.51586914	251.305435181
1169.27453613	251.170623779
1170.03320313	254.8878479
1170.79187012	248.990692139
1171.55053711	250.872238159
1172.3092041	248.077575684
1173.06774902	250.992401123
1173.82641602	257.154632568
1174.58508301	263.701965332
1175.34375	258.617645264
1176.10241699	256.553314209
1176.86108398	255.966842651
1177.61975098	271.735870361
1178.37841797	259.71975708
1179.13708496	258.580078125
1179.89562988	257.491699219
1180.65429688	251.171569824
1181.41296387	252.604232788
1182.17163086	256.042510986
1182.93029785	270.368865967
1183.68896484	262.623046875
1184.44763184	268.248168945
1185.20629883	263.361846924
1185.96496582	268.721435547
1186.72351074	264.696746826
1187.48217773	260.405334473
1188.24084473	261.299316406
1188.99951172	269.487915039
1189.75817871	269.138580322
1190.5168457	261.161712646
1191.2755127	261.257781982
1192.03417969	267.644317627
1192.79284668	274.829559326
1193.5513916	273.340423584
1194.31005859	266.815734863
1195.06872559	263.730377197
1195.82739258	265.676239014
1196.58605957	261.64050293
1197.34472656	261.839782715
1198.10339355	268.306488037
1198.86206055	272.108703613
1199.62072754	280.147186279
1200.37927246	279.134887695
1201.13793945	277.854400635
1201.89660645	276.01361084
1202.65527344	266.95135498
1203.41394043	270.862091064
1204.17260742	276.208282471
1204.93127441	283.889190674
1205.68994141	279.119354248
1206.4486084	271.486358643
1207.20715332	276.733398438
1207.96582031	266.27166748
1208.7244873	280.379821777
1209.4831543	275.288116455
1210.24182129	283.13192749
1211.00048828	297.062011719
1211.75915527	296.354309082
1212.51782227	285.164764404
1213.27648926	275.633453369
1214.03503418	278.920959473
1214.79370117	291.384796143
1215.55236816	279.954864502
1216.31103516	289.159851074
1217.06970215	293.310272217
1217.82836914	293.902191162
1218.58703613	289.275421143
1219.34570313	277.075653076
1220.10437012	294.292602539
1220.86291504	286.492340088
1221.62158203	296.994354248
1222.38024902	296.717498779
1223.13891602	289.997558594
1223.89758301	290.524414063
1224.65625	299.164398193
1225.41491699	292.853607178
1226.17358398	289.402984619
1226.93225098	304.553100586
1227.6907959	308.485809326
1228.44946289	320.213653564
1229.20812988	312.462127686
1229.96679688	303.454742432
1230.72546387	312.096252441
1231.48413086	311.842071533
1232.24279785	303.322174072
1233.00146484	305.235565186
1233.76013184	315.24597168
1234.51867676	326.523162842
1235.27734375	323.195556641
1236.03601074	325.787872314
1236.79467773	329.102416992
1237.55334473	326.132049561
1238.31201172	327.472564697
1239.07067871	335.078338623
1239.8293457	329.818511963
1240.5880127	334.246154785
1241.34655762	339.596252441
1242.10522461	336.821258545
1242.8638916	325.514343262
1243.62255859	328.691101074
1244.38122559	345.741424561
1245.13989258	341.120300293
1245.89855957	337.750396729
1246.65722656	344.007324219
1247.41589355	345.748962402
1248.17443848	355.90045166
1248.93310547	366.648193359
1249.69177246	366.320739746
1250.45043945	353.995758057
1251.20910645	342.713409424
1251.96777344	343.171295166
1252.72644043	351.136627197
1253.48510742	363.922119141
1254.24377441	362.493988037
1255.00231934	358.004821777
1255.76098633	369.840789795
1256.51965332	370.317382813
1257.27832031	365.654449463
1258.0369873	382.733093262
1258.7956543	388.12399292
1259.55432129	384.811767578
1260.31298828	382.791778564
1261.07165527	385.559783936
1261.8302002	389.869384766
1262.58886719	384.808227539
1263.34753418	388.510772705
1264.10620117	387.377838135
1264.86486816	397.934906006
1265.62353516	385.163421631
1266.38220215	386.369842529
1267.14086914	404.051483154
1267.89953613	412.180053711
1268.65808105	405.780914307
1269.41674805	407.054595947
1270.17541504	416.174987793
1270.93408203	425.028686523
1271.69274902	434.280273438
1272.45141602	423.829620361
1273.21008301	434.587982178
1273.96875	434.652984619
1274.72741699	443.250946045
1275.48596191	437.405639648
1276.24462891	435.749206543
1277.0032959	435.285552979
1277.76196289	445.16293335
1278.52062988	470.191009521
1279.27929688	462.624481201
1280.03796387	463.582946777
1280.79663086	472.590942383
1281.55529785	472.325286865
1282.31384277	477.379425049
1283.07250977	496.292755127
1283.83117676	481.572235107
1284.58984375	489.68157959
1285.34851074	483.645812988
1286.10717773	490.640075684
1286.86584473	491.609436035
1287.62451172	507.424468994
1288.38317871	508.04776001
1289.14172363	501.019805908
1289.90039063	532.473083496
1290.65905762	527.837402344
1291.41772461	502.334136963
1292.1763916	515.13861084
1292.93505859	518.621154785
1293.69372559	533.658813477
1294.45239258	557.704040527
1295.21105957	540.102844238
1295.96960449	534.105957031
1296.72827148	571.58404541
1297.48693848	545.024658203
1298.24560547	559.666687012
1299.00427246	559.525634766
1299.76293945	551.853027344
1300.52160645	563.38293457
1301.28027344	613.347106934
1302.03894043	585.016845703
1302.79748535	586.956054688
1303.55615234	581.776184082
1304.31481934	600.984558105
1305.07348633	596.067687988
1305.83215332	618.006591797
1306.59082031	626.03137207
1307.3494873	658.297058105
1308.1081543	636.684387207
1308.86682129	640.655700684
1309.62536621	641.331787109
1310.3840332	669.219665527
1311.1427002	665.014160156
1311.90136719	671.302429199
1312.66003418	696.230957031
1313.41870117	665.505126953
1314.17736816	680.266784668
1314.93603516	678.672241211
1315.69470215	704.219238281
1316.45324707	708.320617676
1317.21191406	702.343688965
1317.97058105	694.354919434
1318.72924805	738.950500488
1319.48791504	709.684814453
1320.24658203	737.333251953
1321.00524902	712.065368652
1321.76391602	748.987670898
1322.52258301	745.680175781
1323.28112793	748.130859375
1324.03979492	764.558898926
1324.79846191	750.76953125
1325.55712891	761.26373291
1326.3157959	782.160888672
1327.07446289	771.216125488
1327.83312988	802.55255127
1328.59179688	813.310668945
1329.35046387	811.813537598
1330.10900879	792.294067383
1330.86767578	802.992004395
1331.62634277	822.872253418
1332.38500977	810.639953613
1333.14367676	828.485046387
1333.90234375	860.338623047
1334.66101074	798.414306641
1335.41967773	852.906677246
1336.17822266	844.579101563
1336.93688965	838.876525879
1337.69555664	861.594543457
1338.45422363	831.964050293
1339.21289063	834.936584473
1339.97155762	823.221557617
1340.73022461	845.946044922
1341.4888916	846.55657959
1342.24755859	858.630004883
1343.00610352	852.630065918
1343.76477051	859.468322754
1344.5234375	842.377441406
1345.28210449	855.694580078
1346.04077148	830.661376953
1346.79943848	859.737609863
1347.55810547	872.389648438
1348.31677246	855.77923584
1349.07543945	839.679077148
1349.83398438	872.076049805
1350.59265137	841.330993652
1351.35131836	860.265625
1352.10998535	862.843933105
1352.86865234	816.251159668
1353.62731934	852.182861328
1354.38598633	865.471374512
1355.14465332	849.183044434
1355.90332031	828.30090332
1356.66186523	835.373962402
1357.42053223	833.989746094
1358.17919922	814.740234375
1358.93786621	797.057739258
1359.6965332	793.191833496
1360.4552002	803.313354492
1361.21386719	833.540222168
1361.97253418	813.139282227
1362.73120117	810.45715332
1363.48974609	795.764953613
1364.24841309	788.348999023
1365.00708008	771.15826416
1365.76574707	758.944702148
1366.52441406	784.850036621
1367.28308105	769.552490234
1368.04174805	752.226928711
1368.80041504	762.033691406
1369.55908203	767.995788574
1370.31762695	769.208068848
1371.07629395	738.554321289
1371.83496094	730.837219238
1372.59362793	731.732421875
1373.35229492	720.063964844
1374.11096191	716.286376953
1374.86962891	712.768371582
1375.6282959	683.319702148
1376.38696289	680.17175293
1377.14550781	691.285766602
1377.9041748	679.30078125
1378.6628418	674.093444824
1379.42150879	684.008911133
1380.18017578	669.362426758
1380.93884277	670.673156738
1381.69750977	662.130737305
1382.45617676	648.666687012
1383.21484375	644.570373535
1383.97338867	651.241577148
1384.73205566	646.978820801
1385.49072266	630.91595459
1386.24938965	624.853881836
1387.00805664	619.56072998
1387.76672363	610.74407959
1388.52539063	609.49432373
1389.28405762	615.075805664
1390.04272461	606.978027344
1390.80126953	602.688537598
1391.55993652	599.017883301
1392.31860352	588.262634277
1393.07727051	599.03515625
1393.8359375	577.798522949
1394.59460449	564.114746094
1395.35327148	550.568237305
1396.11193848	562.481689453
1396.87060547	559.174560547
1397.62915039	547.808959961
1398.38781738	546.221130371
1399.14648438	551.701477051
1399.90515137	536.298461914
1400.66381836	523.725463867
1401.42248535	541.093261719
1402.18115234	525.792419434
1402.93981934	531.694946289
1403.69848633	522.62097168
1404.45703125	513.073425293
1405.21569824	516.882751465
1405.97436523	525.884765625
1406.73303223	511.69229126
1407.49169922	518.360900879
1408.25036621	518.459533691
1409.0090332	488.469665527
1409.7677002	502.189453125
1410.52636719	498.729217529
1411.28491211	482.546020508
1412.0435791	486.023803711
1412.80224609	496.117248535
1413.56091309	484.190368652
1414.31958008	481.372558594
1415.07824707	480
1415.83691406	481.696014404
1416.59558105	486.467407227
1417.35424805	479.928314209
1418.11279297	471.486968994
1418.87145996	458.279388428
1419.63012695	456.541778564
1420.38879395	461.902160645
1421.14746094	462.481018066
1421.90612793	455.459564209
1422.66479492	437.237030029
1423.42346191	440.401947021
1424.18212891	444.626098633
1424.94067383	453.18460083
1425.69934082	454.093933105
1426.45800781	445.486755371
1427.2166748	438.664123535
1427.9753418	430.963409424
1428.73400879	449.854064941
1429.49267578	460.601013184
1430.25134277	444.08013916
1431.01000977	445.718414307
1431.76855469	445.440551758
1432.52722168	441.384399414
1433.28588867	435.233001709
1434.04455566	438.531158447
1434.80322266	420.892272949
1435.56188965	441.010498047
1436.32055664	441.900482178
1437.07922363	424.474395752
1437.83789063	441.799407959
1438.59643555	437.250274658
1439.35510254	414.822418213
1440.11376953	423.065460205
1440.87243652	425.294921875
1441.63110352	413.225891113
1442.38977051	418.814880371
1443.1484375	400.279785156
1443.90710449	415.932037354
1444.66577148	412.333984375
1445.42431641	417.888244629
1446.1829834	412.985107422
1446.94165039	406.152008057
1447.70031738	413.321502686
1448.45898438	420.215698242
1449.21765137	420.404174805
1449.97631836	401.433990479
1450.73498535	420.688903809
1451.49365234	401.359039307
1452.25219727	404.907012939
1453.01086426	409.705291748
1453.76953125	407.194091797
1454.52819824	409.85333252
1455.28686523	400.430725098
1456.04553223	402.979797363
1456.80419922	392.118377686
1457.56286621	400.189849854
1458.3215332	407.914093018
1459.08007813	403.101928711
1459.83874512	405.512115479
1460.59741211	417.986968994
1461.3560791	394.349121094
1462.11474609	394.498077393
1462.87341309	410.398590088
1463.63208008	409.040130615
1464.39074707	410.932281494
1465.14941406	393.394805908
1465.90795898	389.749389648
1466.66662598	390.041290283
1467.42529297	401.520355225
1468.18395996	399.539154053
1468.94262695	399.362213135
1469.70129395	404.178985596
1470.45996094	399.177825928
1471.21862793	400.133605957
1471.97729492	398.474365234
1472.73583984	391.940002441
1473.49450684	381.474273682
1474.25317383	403
1475.01184082	402.187835693
1475.77050781	386.997680664
1476.5291748	417.062744141
1477.2878418	386.443359375
1478.04650879	398.68359375
1478.80517578	411.909423828
1479.5637207	410.425201416
1480.3223877	408.906311035
1481.08105469	387.534637451
1481.83972168	393.05456543
1482.59838867	398.291564941
1483.35705566	408.917297363
1484.11572266	404.151916504
1484.87438965	388.863464355
1485.63305664	386.770019531
1486.39160156	382.014587402
1487.15026855	388.162353516
1487.90893555	395.777740479
1488.66760254	389.621704102
1489.42626953	390.23425293
1490.18493652	388.898010254
1490.94360352	392.472198486
1491.70227051	394.619354248
1492.4609375	402.539215088
1493.21948242	392.106567383
1493.97814941	381.311309814
1494.73681641	395.111785889
1495.4954834	396.250610352
1496.25415039	380.577301025
1497.01281738	396.583618164
1497.77148438	385.320648193
1498.53015137	383.740905762
1499.28881836	393.760375977
1500.04736328	396.14654541
1500.80603027	396.878723145
1501.56469727	389.460205078
1502.32336426	401.20690918
1503.08203125	401.233062744
1503.84069824	387.129241943
1504.59936523	395.094482422
1505.35803223	405.984130859
1506.11669922	397.616363525
1506.87524414	374.429626465
1507.63391113	388.864440918
1508.39257813	400.555664063
1509.15124512	402.888458252
1509.90991211	404.246734619
1510.6685791	396.448944092
1511.42724609	400.498687744
1512.18591309	404.762695313
1512.94458008	409.767578125
1513.703125	416.335235596
1514.46179199	412.930419922
1515.22045898	404.034118652
1515.97912598	417.107269287
1516.73779297	403.741851807
1517.49645996	403.612609863
1518.25512695	407.064025879
1519.01379395	407.652191162
1519.77246094	419.269134521
1520.53100586	407.441131592
1521.28967285	410.621429443
1522.04833984	411.589233398
1522.80700684	423.413665771
1523.56567383	412.236022949
1524.32434082	408.160217285
1525.08300781	419.425323486
1525.8416748	412.507720947
1526.6003418	415.229797363
1527.35888672	419.521850586
1528.11755371	412.706634521
1528.8762207	414.185272217
1529.6348877	422.886383057
1530.39355469	425.338592529
1531.15222168	423.234283447
1531.91088867	422.452941895
1532.66955566	434.192596436
1533.42822266	441.917694092
1534.18676758	416.862426758
1534.94543457	435.469512939
1535.70410156	445.076202393
1536.46276855	451.544433594
1537.22143555	446.162384033
1537.98010254	425.511871338
1538.73876953	427.5546875
1539.49743652	452.851776123
1540.25610352	438.401763916
1541.01464844	453.400024414
1541.77331543	468.201599121
1542.53198242	456.13369751
1543.29064941	461.339263916
1544.04931641	456.481109619
1544.8079834	473.889984131
1545.56665039	472.137084961
1546.32531738	472.172973633
1547.08398438	463.152801514
1547.8425293	470.970123291
1548.60119629	475.995513916
1549.35986328	493.124664307
1550.11853027	494.617858887
1550.87719727	495.640594482
1551.63586426	498.937194824
1552.39453125	496.770690918
1553.15319824	504.518920898
1553.91186523	504.004943848
1554.67041016	512.576843262
1555.42907715	531.465820313
1556.18774414	535.883850098
1556.94641113	530.16015625
1557.70507813	546.898071289
1558.46374512	546.498840332
1559.22241211	558.354980469
1559.9810791	548.629455566
1560.73974609	570.205505371
1561.49829102	570.659179688
1562.25695801	559.597167969
1563.015625	548.579772949
1563.77429199	576.024475098
1564.53295898	576.983947754
1565.29162598	574.877563477
1566.05029297	594.963134766
1566.80895996	596.641052246
1567.56762695	590.810974121
1568.32617188	591.132019043
1569.08483887	607.954162598
1569.84350586	592.194213867
1570.60217285	604.826416016
1571.36083984	625.723388672
1572.11950684	638.240234375
1572.87817383	664.054870605
1573.63684082	640.114257813
1574.39550781	658.600036621
1575.15405273	682.995666504
1575.91271973	655.4296875
1576.67138672	660.056396484
1577.43005371	689.406677246
1578.1887207	705.089172363
1578.9473877	706.921569824
1579.70605469	705.638793945
1580.46472168	702.144470215
1581.22338867	719.605224609
1581.98193359	732.419250488
1582.74060059	740.208862305
1583.49926758	748.081420898
1584.25793457	755.972045898
1585.01660156	748.719970703
1585.77526855	745.092651367
1586.53393555	766.026550293
1587.29260254	773.783447266
1588.05126953	775.446594238
1588.80981445	777.737609863
1589.56848145	793.178222656
1590.32714844	786.41619873
1591.08581543	799.568481445
1591.84448242	778.857421875
1592.60314941	804.957214355
1593.36181641	788.633422852
1594.1204834	806.479248047
1594.87915039	827.313049316
1595.63769531	822.06439209
1596.3963623	813.778015137
1597.1550293	821.131530762
1597.91369629	827.299438477
1598.67236328	819.787658691
1599.43103027	819.403259277
1600.18969727	807.073852539
1600.94836426	804.772399902
1601.70690918	831.48840332
1602.46557617	827.953430176
1603.22424316	813.868103027
1603.98291016	841.93145752
1604.74157715	806.116577148
1605.50024414	826.552001953
1606.25891113	792.786621094
1607.01757813	793.926269531
1607.77624512	806.650268555
1608.53479004	792.703125
1609.29345703	779.640075684
1610.05212402	776.42401123
1610.81079102	766.627563477
1611.56945801	746.953918457
1612.328125	748.479003906
1613.08679199	756.721313477
1613.84545898	756.23260498
1614.60412598	742.415222168
1615.3626709	726.221923828
1616.12133789	697.617980957
1616.88000488	707.698364258
1617.63867188	687.297485352
1618.39733887	689.637390137
1619.15600586	677.161132813
1619.91467285	660.61126709
1620.67333984	648.546508789
1621.43200684	631.324035645
1622.19055176	634.151489258
1622.94921875	623.502258301
1623.70788574	599.103881836
1624.46655273	591.374023438
1625.22521973	584.101806641
1625.98388672	566.568664551
1626.74255371	548.178283691
1627.5012207	549.54901123
1628.2598877	523.710998535
1629.01843262	513.332946777
1629.77709961	505.382781982
1630.5357666	507.393127441
1631.29443359	492.322845459
1632.05310059	477.441619873
1632.81176758	471.545196533
1633.57043457	462.707244873
1634.32910156	450.729827881
1635.08776855	437.64364624
1635.84631348	441.466491699
1636.60498047	426.407897949
1637.36364746	417.663909912
1638.12231445	413.838348389
1638.88098145	407.107208252
1639.63964844	396.672210693
1640.39831543	383.974700928
1641.15698242	372.492767334
1641.91564941	381.899078369
1642.67419434	359.724243164
1643.43286133	352.883575439
1644.19152832	337.492767334
1644.95019531	341.99597168
1645.7088623	334.987609863
1646.4675293	330.495452881
1647.22619629	325.461242676
1647.98486328	318.607330322
1648.74353027	315.998931885
1649.5020752	306.97644043
1650.26074219	296.624572754
1651.01940918	291.927856445
1651.77807617	287.573913574
1652.53674316	274.136199951
1653.29541016	269.929351807
1654.05407715	270.184448242
1654.81274414	263.45904541
1655.57141113	261.450653076
1656.32995605	262.822845459
1657.08862305	244.19883728
1657.84729004	243.5572052
1658.60595703	241.317779541
1659.36462402	232.365341187
1660.12329102	231.831695557
1660.88195801	230.445343018
1661.640625	223.600784302
1662.39929199	216.689437866
1663.15783691	213.885238647
1663.91650391	213.056289673
1664.6751709	204.482955933
1665.43383789	200.449234009
1666.19250488	194.355529785
1666.95117188	193.086456299
1667.70983887	187.121200562
1668.46850586	185.584594727
1669.22717285	181.110031128
1669.98571777	175.514205933
1670.74438477	172.254074097
1671.50305176	170.408843994
1672.26171875	163.249542236
1673.02038574	163.748565674
1673.77905273	163.539077759
1674.53771973	156.697769165
1675.29638672	149.289840698
1676.05505371	151.702911377
1676.81359863	149.868164063
1677.57226563	147.250015259
1678.33093262	152.639404297
1679.08959961	147.432067871
1679.8482666	148.719848633
1680.60693359	136.796936035
1681.36560059	132.398635864
1682.12426758	129.281051636
1682.88293457	131.851516724
1683.64147949	126.880805969
1684.40014648	129.504776001
1685.15881348	131.382873535
1685.91748047	129.642150879
1686.67614746	126.659294128
1687.43481445	125.318954468
1688.19348145	130.860488892
1688.95214844	120.559310913
1689.71081543	116.488861084
1690.46936035	116.832710266
1691.22802734	117.666542053
1691.98669434	114.564529419
1692.74536133	108.100006104
1693.50402832	112.75479126
1694.26269531	108.655975342
1695.0213623	107.8801651
1695.7800293	109.680099487
1696.53869629	107.977401733
1697.29724121	107.749351501
1698.0559082	106.621406555
1698.8145752	103.534805298
1699.57324219	104.12828064
1700.33190918	106.382278442
1701.09057617	96.4876251221
1701.84924316	95.9228973389
1702.60791016	96.1995620728
1703.36657715	100.357421875
1704.12512207	97.2004623413
1704.88378906	93.0122833252
1705.64245605	95.3179168701
1706.40112305	98.1930847168
1707.15979004	99.0461044312
1707.91845703	94.0049209595
1708.67712402	97.313117981
1709.43579102	86.452583313
1710.19445801	91.3866424561
1710.95300293	91.2603912354
1711.71166992	86.7503585815
1712.47033691	85.7492294312
1713.22900391	91.0393676758
1713.9876709	92.4649353027
1714.74633789	89.3638458252
1715.50500488	85.269859314
1716.26367188	85.4974212646
1717.02233887	81.6953811646
1717.78088379	78.9016189575
1718.53955078	79.7993545532
1719.29821777	91.1910476685
1720.05688477	76.9567642212
1720.81555176	79.6167297363
1721.57421875	77.0728530884
1722.33288574	77.9537277222
1723.09155273	77.9761581421
1723.85021973	77.0532073975
1724.60876465	84.8386383057
1725.36743164	84.1801147461
1726.12609863	81.0071029663
1726.88476563	77.3469772339
1727.64343262	77.1000823975
1728.40209961	77.0371932983
1729.1607666	78.5136566162
1729.91943359	74.5593032837
1730.67810059	74.7945556641
1731.43664551	73.6883392334
1732.1953125	74.7881698608
1732.95397949	72.3772735596
1733.71264648	74.6714477539
1734.47131348	74.6352462769
1735.22998047	75.7359085083
1735.98864746	80.3941192627
1736.74731445	80.5960006714
1737.50598145	74.158493042
1738.26452637	72.6961593628
1739.02319336	80.9198379517
1739.78186035	79.5382080078
1740.54052734	74.6322097778
1741.29919434	78.2200241089
1742.05786133	75.494972229
1742.81652832	75.8383026123
1743.57519531	70.7964477539
1744.3338623	71.2906036377
1745.09240723	70.2904968262
1745.85107422	76.2745361328
1746.60974121	74.8069229126
1747.3684082	72.7460403442
1748.1270752	71.5511856079
1748.88574219	75.735458374
1749.64440918	73.3818511963
1750.40307617	71.9380187988
1751.16174316	68.8058853149
1751.92028809	71.4651260376
1752.67895508	69.6559906006
1753.43762207	64.6789703369
1754.19628906	69.0187225342
1754.95495605	68.3996810913
1755.71362305	72.4314575195
1756.47229004	68.6668167114
1757.23095703	65.5340957642
1757.98962402	69.4539031982
1758.74816895	68.5092010498
1759.50683594	69.8052749634
1760.26550293	69.2439498901
1761.02416992	68.91040802
1761.78283691	66.2552566528
1762.54150391	66.2108001709
1763.3001709	67.9229125977
1764.05883789	65.8019638062
1764.81750488	72.290687561
1765.5760498	58.2404174805
1766.3347168	69.8620452881
1767.09338379	65.6603546143
1767.85205078	61.2235565186
1768.61071777	65.8435287476
1769.36938477	71.1266326904
1770.12805176	67.5968322754
1770.88671875	62.3076858521
1771.64538574	66.6545028687
1772.40393066	70.9555053711
1773.16259766	66.4298248291
1773.92126465	66.867225647
1774.67993164	65.5487365723
1775.43859863	66.2171783447
1776.19726563	65.0047912598
1776.95593262	59.3837089539
1777.71459961	67.4267654419
1778.4732666	63.707359314
1779.23181152	66.9910430908
1779.99047852	66.9181213379
1780.74914551	65.9429168701
1781.5078125	66.015045166
1782.26647949	64.8324737549
1783.02514648	62.9030342102
1783.78381348	66.9989852905
1784.54248047	65.2817459106
1785.30114746	55.5854034424
1786.05969238	65.8895492554
1786.81835938	61.140586853
1787.57702637	62.3904418945
1788.33569336	63.1839790344
1789.09436035	61.905090332
1789.85302734	63.7011604309
1790.61169434	63.8974304199
1791.37036133	63.1218109131
1792.12902832	56.5729141235
1792.88757324	62.2745857239
1793.64624023	69.0566558838
1794.40490723	68.0833740234
1795.16357422	66.1929092407
1795.92224121	64.1947097778
1796.6809082	64.881690979
1797.4395752	64.2028198242
1798.19824219	59.8599700928
1798.95690918	64.5767059326
1799.7154541	61.6414299011
1800.47412109	63.0125999451
1801.23278809	62.5140075684
1801.99145508	59.1716270447
1802.75012207	60.2733573914
1803.50878906	64.1952590942
1804.26745605	60.7428741455
1805.02612305	69.174659729
1805.78479004	58.275062561
1806.54333496	66.9818954468
1807.30200195	66.7496185303
1808.06066895	57.3460083008
1808.81933594	63.8801383972
1809.57800293	61.4293937683
1810.33666992	60.924369812
1811.09533691	64.5798187256
1811.85400391	59.8526611328
1812.6126709	57.1613426208
1813.37121582	59.9496841431
1814.12988281	60.7915039063
1814.8885498	66.7748794556
1815.6472168	59.2409057617
1816.40588379	58.0620346069
1817.16455078	64.2365951538
1817.92321777	66.1814804077
1818.68188477	61.0976066589
1819.44055176	61.8271751404
1820.19909668	56.5486564636
1820.95776367	56.5575904846
1821.71643066	61.2100143433
1822.47509766	60.6782150269
1823.23376465	59.9742889404
1823.99243164	57.6090126038
1824.75109863	58.5050468445
1825.50976563	58.0205192566
1826.26843262	60.9723320007
1827.02697754	65.6144104004
1827.78564453	65.0488357544
1828.54431152	67.0029449463
1829.30297852	58.5931282043
1830.06164551	57.6422576904
1830.8203125	58.4606628418
1831.57897949	58.3664894104
1832.33764648	63.7883338928
1833.09631348	62.4122009277
1833.8548584	53.5241317749
1834.61352539	60.3842353821
1835.37219238	64.903175354
1836.13085938	55.9316444397
1836.88952637	56.8916320801
1837.64819336	63.151386261
1838.40686035	67.6175765991
1839.16552734	62.4074134827
1839.92419434	63.7128295898
1840.68273926	57.1216392517
1841.44140625	58.7027740479
1842.20007324	65.3010559082
1842.95874023	62.5456314087
1843.71740723	62.9976539612
1844.47607422	59.1353416443
1845.23474121	64.4888305664
1845.9934082	63.2529029846
1846.7520752	60.0649223328
1847.51062012	55.8657531738
1848.26928711	57.640422821
1849.0279541	57.7762413025
1849.78662109	61.3012504578
1850.54528809	59.7756195068
1851.30395508	61.407043457
1852.06262207	63.8818702698
1852.82128906	61.4736824036
1853.57995605	59.7248039246
1854.33850098	60.5978393555
1855.09716797	63.8373260498
1855.85583496	67.0687103271
1856.61450195	64.702507019
1857.37316895	57.9562416077
1858.13183594	58.371383667
1858.89050293	62.7158241272
1859.64916992	63.2929840088
1860.40783691	52.7722244263
1861.16638184	58.2997398376
1861.92504883	61.4068107605
1862.68371582	62.2533149719
1863.44238281	64.0251998901
1864.2010498	62.9596633911
1864.9597168	61.8221359253
1865.71838379	61.5125350952
1866.47705078	63.8020248413
1867.2355957	63.0544548035
1867.9942627	62.8144416809
1868.75292969	59.6371879578
1869.51159668	67.2270431519
1870.27026367	60.2555656433
1871.02893066	56.4260139465
1871.78759766	52.7223548889
1872.54626465	57.8194046021
1873.30493164	55.1462173462
1874.06347656	50.9795074463
1874.82214355	55.770565033
1875.58081055	51.2192153931
1876.33947754	55.883266449
1877.09814453	57.7595939636
1877.85681152	56.6199836731
1878.61547852	63.9622077942
1879.37414551	63.8634605408
1880.1328125	61.3259773254
1880.89135742	56.4645080566
1881.65002441	55.0469779968
1882.40869141	65.4577255249
1883.1673584	61.4996757507
1883.92602539	50.185382843
1884.68469238	61.3632125854
1885.44335938	57.136138916
1886.20202637	59.2275047302
1886.96069336	58.3733520508
1887.71923828	54.9989089966
1888.47790527	58.8502120972
1889.23657227	58.9952774048
1889.99523926	61.4041290283
1890.75390625	60.4947471619
1891.51257324	58.5530586243
1892.27124023	58.1725502014
1893.02990723	69.9918899536
1893.78857422	67.7171096802
1894.54711914	52.2309455872
1895.30578613	56.2479095459
1896.06445313	63.7455863953
1896.82312012	63.2837371826
1897.58178711	61.1670875549
1898.3404541	59.851272583
1899.09912109	60.1493225098
1899.85778809	55.1097145081
1900.61645508	54.5923805237
1901.375	59.931552887
1902.13366699	51.2517280579
1902.89233398	58.3954620361
1903.65100098	62.7838363647
1904.40966797	64.5335998535
1905.16833496	56.0093803406
1905.92700195	56.1415176392
1906.68566895	60.5452423096
1907.44433594	60
1908.20288086	53.8986244202
1908.96154785	61.7216415405
1909.72021484	59.4710426331
1910.47888184	60.9401435852
1911.23754883	59
1911.99621582	59.2446174622
1912.75488281	59.6666679382
1913.5135498	53.7996253967
1914.2722168	48.0000648499
1915.03076172	46.566822052
1915.78942871	56.4522361755
1916.5480957	60.9044723511
1917.3067627	57.0586280823
1918.06542969	61.7092018127
1918.82409668	60.1142997742
1919.58276367	63.2547111511
1920.34143066	57.417755127
1921.10009766	55.2109680176
1921.85864258	59.1388130188
1922.61730957	57.4044723511
1923.37597656	59.0144500732
1924.13464355	60.9747314453
1924.89331055	61.7973022461
1925.65197754	58.2184486389
1926.41064453	52.9702949524
1927.16931152	57.1689567566
1927.92797852	60
1928.68652344	59.7997627258
1929.44519043	64.1208496094
1930.20385742	60.3448371887
1930.96252441	49.5852890015
1931.72119141	54.0234870911
1932.4798584	56.383769989
1933.23852539	60.9249038696
1933.99719238	57.3536300659
1934.75585938	59.2171058655
1935.5144043	60.4010353088
1936.27307129	56.5727844238
1937.03173828	57.5771827698
1937.79040527	59.7010917664
1938.54907227	58.4055747986
1939.30773926	56.8377075195
1940.06640625	53.8864898682
1940.82507324	54.1294174194
1941.58374023	59.404006958
1942.34228516	56.3639526367
1943.10095215	56.7111778259
1943.85961914	56.9689331055
1944.61828613	60.1551246643
1945.37695313	60.6965942383
1946.13562012	56.5490646362
1946.89428711	67.2479019165
1947.6529541	58.7271232605
1948.41162109	60.8536758423
1949.17016602	58.6766319275
1949.92883301	61.4458045959
1950.6875	58.5716323853
1951.44616699	63.2405586243
1952.20483398	65.5858612061
1952.96350098	51.8450813293
1953.72216797	56.44323349
1954.48083496	54.8784980774
1955.23950195	57.7307434082
1955.99804688	57.9264793396
1956.75671387	58.3011283875
1957.51538086	61.8269195557
1958.27404785	60.4191131592
1959.03271484	57.949836731
1959.79138184	58.311794281
1960.55004883	62.5220375061
1961.30871582	58.1350021362
1962.06738281	64.095741272
1962.82592773	64.3513565063
1963.58459473	59.0942344666
1964.34326172	56.7023925781
1965.10192871	63.7434005737
1965.8605957	49.2691383362
1966.6192627	50.8311500549
1967.37792969	61.3942909241
1968.13659668	58.5613021851
1968.89526367	61.6963996887
1969.65380859	60.1836776733
1970.41247559	58.6297836304
1971.17114258	61.544960022
1971.92980957	64.9068832397
1972.68847656	56.2597312927
1973.44714355	58.2347259521
1974.20581055	57.6437072754
1974.96447754	61.1982383728
1975.72314453	62.9314117432
1976.48168945	60.8936271667
1977.24035645	61.2501869202
1977.99902344	63.2939300537
1978.75769043	59.8794441223
1979.51635742	51.7000846863
1980.27502441	65.2323455811
1981.03369141	57.5321464539
1981.7923584	56.9381561279
1982.55102539	64.0596313477
1983.30957031	56.4182395935
1984.0682373	63.373790741
1984.8269043	67.3182144165
1985.58557129	61.1531677246
1986.34423828	59.9709701538
1987.10290527	54.6878547668
1987.86157227	66.4256286621
1988.62023926	62.8281097412
1989.37890625	59.5540390015
1990.13745117	60.2261238098
1990.89611816	57.0151977539
1991.65478516	58.6340026855
1992.41345215	59
1993.17211914	58.0414237976
1993.93078613	60.2814979553
1994.68945313	59.4722290039
1995.44812012	56.7985877991
1996.20678711	55.6654777527
1996.96533203	60.2135009766
1997.72399902	55.1237602234
1998.48266602	56.5061607361
1999.24133301	57.066783905
2000	59.7590789795
