400	75.6050033569
400.758666992	92.5842666626
401.517303467	83.7987747192
402.275970459	89.6079025269
403.034606934	91.2626266479
403.793273926	96.2694320679
404.5519104	100.618934631
405.310577393	92.4938049316
406.069213867	85.5306243896
406.827880859	93.4400482178
407.586547852	85.6988296509
408.345184326	87.7605285645
409.103851318	90.0234069824
409.862487793	89.6803894043
410.621154785	91.5210342407
411.37979126	93.9798583984
412.138458252	87.5774536133
412.897094727	91.4892272949
413.655761719	102.335754395
414.414428711	100.314971924
415.173065186	97.59034729
415.931732178	90.0894622803
416.690368652	87.2314682007
417.449035645	92.4159088135
418.207672119	94.7659225464
418.966339111	93.8966369629
419.724975586	97.4167861938
420.483642578	88.3779373169
421.24230957	85.8665161133
422.000946045	93.4249038696
422.759613037	93.9048690796
423.518249512	88.8036575317
424.276916504	89.9558868408
425.035552979	88.6666641235
425.794219971	88.6666641235
426.552856445	95.3420639038
427.311523438	96.5844192505
428.07019043	93.2735443115
428.828826904	88.743309021
429.587493896	88.3331069946
430.346130371	92.6545410156
431.104797363	95.2808532715
431.863433838	91.5248718262
432.62210083	88.8747253418
433.380737305	88.3952941895
434.139404297	85.5494003296
434.898040771	93.0162353516
435.656707764	91.7787399292
436.415374756	87.8478012085
437.17401123	94.3153915405
437.932678223	85.7503509521
438.691314697	88.9837799072
439.449981689	92.5184326172
440.208618164	88.4176025391
440.967285156	88.9437484741
441.725921631	88.2260971069
442.484588623	88.1938781738
443.243255615	89.0293502808
444.00189209	87.0505371094
444.760559082	92.2262115479
445.519195557	99.303314209
446.277862549	99.1084747314
447.036499023	94.6699295044
447.795166016	87.9456710815
448.55380249	84.1752319336
449.312469482	84.9244232178
450.071136475	87.263885498
450.829772949	87.3542785645
451.588439941	83.7008895874
452.347076416	84.58618927
453.105743408	84.1300735474
453.864379883	84
454.623046875	91.485710144
455.38168335	87.0030822754
456.140350342	80.539100647
456.899017334	88.6999206543
457.657653809	83.8576126099
458.416320801	87.6370773315
459.174957275	83.7979049683
459.933624268	85.6697769165
460.692260742	87.666343689
461.450927734	87.5953826904
462.209564209	87
462.968231201	87.217338562
463.726898193	85.4665679932
464.485534668	78.379524231
465.24420166	87.5403289795
466.002838135	85.6263885498
466.761505127	86.859161377
467.520141602	79.9639358521
468.278808594	84.2547607422
469.037445068	90.338508606
469.796112061	88.0577850342
470.554779053	84.6483306885
471.313415527	79.6030044556
472.07208252	82.2644958496
472.830718994	88.9758834839
473.589385986	87.2350158691
474.348022461	83.33253479
475.106689453	77.2278900146
475.865325928	75.1591186523
476.62399292	77.3569641113
477.382659912	79.0555114746
478.141296387	88.1443252563
478.899963379	82.8045654297
479.658599854	91.0486907959
480.417266846	87.5488967896
481.17590332	81.4846420288
481.934570313	82.5688400269
482.693206787	80.0044403076
483.451873779	75.9933776855
484.210540771	82.7747192383
484.969177246	78.6934585571
485.727844238	85.2091140747
486.486480713	76.0133590698
487.245147705	80.0185775757
488.00378418	77.0786514282
488.762451172	83.0444564819
489.521087646	86.8001327515
490.279754639	83.6448898315
491.038421631	82.9873504639
491.797058105	73.7311325073
492.555725098	76.9992446899
493.314361572	82.9412841797
494.073028564	80.2751846313
494.831665039	80.007522583
495.590332031	87.1230163574
496.348968506	80.5909500122
497.107635498	70.8576965332
497.86630249	79.8720932007
498.624938965	82.0265731812
499.383605957	71.2168655396
500.142242432	67.0538330078
500.900909424	66.3969497681
501.659545898	76.619758606
502.418212891	76.053062439
503.176849365	79.3086090088
503.935516357	83.0537338257
504.694152832	76.4024581909
505.452819824	72.3461151123
506.211486816	69.2250366211
506.970123291	72.8045272827
507.728790283	80.5964279175
508.487426758	79.5436325073
509.24609375	70.2686538696
510.004730225	75.6410369873
510.763397217	82.0714797974
511.522033691	76.2345809937
512.280700684	71.3776626587
513.039367676	68.2893829346
513.798034668	73.9612045288
514.556640625	74.2957687378
515.315307617	69.6483306885
516.073974609	76.6716918945
516.832641602	75.531539917
517.591247559	72.7501296997
518.349914551	74
519.108581543	75.3570861816
519.867248535	79.53175354
520.625915527	80.4421539307
521.384521484	75.9714660645
522.143188477	74.8314056396
522.901855469	75.1532745361
523.660522461	78.2534408569
524.419128418	76.1787109375
525.17779541	70.3060073853
525.936462402	64.7081069946
526.695129395	62.6436424255
527.453796387	73.860534668
528.212402344	72.6651687622
528.971069336	71.7702484131
529.729736328	76.1616821289
530.48840332	77.1037521362
531.247009277	74.0737686157
532.00567627	71.3565673828
532.764343262	73.7065200806
533.523010254	74.8836288452
534.281677246	66.3807449341
535.040283203	73.0468063354
535.798950195	73.6452713013
536.557617188	81.4579467773
537.31628418	70.7335128784
538.074890137	72.7115631104
538.833557129	71.5816574097
539.592224121	65.4509353638
540.350891113	63.8839302063
541.109558105	70.18334198
541.868164063	78.3179626465
542.626831055	76.135093689
543.385498047	72.2418289185
544.144165039	68.067276001
544.902770996	66.8391265869
545.661437988	66.0266799927
546.42010498	67.8214797974
547.178771973	70.5417022705
547.937438965	73.0123901367
548.696044922	75.3528289795
549.454711914	75.0503082275
550.213378906	79.588394165
550.972045898	77.4903488159
551.730651855	68.7358703613
552.489318848	81.906791687
553.24798584	78.257850647
554.006652832	72.2898025513
554.765319824	74.4039840698
555.523925781	76.3406906128
556.282592773	72.9228057861
557.041259766	73.939453125
557.799926758	82.0979003906
558.558532715	75.7986984253
559.317199707	83.6686859131
560.075866699	73.5947494507
560.834533691	78.4404220581
561.593200684	79.9113998413
562.351806641	75.7931060791
563.110473633	74.4418716431
563.869140625	75.6674423218
564.627807617	81.7497634888
565.386413574	85.8928985596
566.145080566	76.2626647949
566.903747559	75.948348999
567.662414551	76.2486419678
568.421081543	72.4430618286
569.1796875	69.9665374756
569.938354492	74.9440002441
570.697021484	82.989112854
571.455688477	84.2035293579
572.214294434	77.8820800781
572.972961426	72.3062057495
573.731628418	76.8240127563
574.49029541	78.4439926147
575.248962402	79.1799163818
576.007568359	80.2294387817
576.766235352	78.1741485596
577.524902344	76.493057251
578.283569336	74.7549972534
579.042175293	71.6666641235
579.800842285	73.3061599731
580.559509277	79.8049697876
581.31817627	74.6921920776
582.076843262	87.2650375366
582.835449219	84.9127502441
583.594116211	77.1462860107
584.352783203	79.026763916
585.111450195	84.5800170898
585.870056152	85.176361084
586.628723145	82.0151901245
587.387390137	79.6670074463
588.146057129	76.2430801392
588.904724121	75.9742355347
589.663330078	83.215713501
590.42199707	91.0238952637
591.180664063	85.0424118042
591.939331055	83.5462188721
592.697937012	80.2322158813
593.456604004	79.3731765747
594.215270996	83.6740570068
594.973937988	85.6834640503
595.73260498	82.6464538574
596.491210938	83.7500076294
597.24987793	81.3340606689
598.008544922	73.7855606079
598.767211914	74.8943023682
599.525817871	72.2219009399
600.284484863	77.0345077515
601.043151855	79.2517471313
601.801818848	78
602.560424805	79.3773040771
603.319091797	82
604.077758789	81.3107528687
604.836425781	78.1709976196
605.595092773	85.1230163574
606.35369873	83.8676300049
607.112365723	82.8784332275
607.871032715	79.4197845459
608.629699707	79.4066696167
609.388305664	80.5033340454
610.146972656	78.9936065674
610.905639648	78.1925888062
611.664306641	82.9736709595
612.422973633	86.9118728638
613.18157959	78.0916137695
613.940246582	73.8562011719
614.698913574	79.7509384155
615.457580566	82.9984664917
616.216186523	84.3517608643
616.974853516	86.251914978
617.733520508	86.1586761475
618.4921875	85.2749710083
619.250854492	86.9548110962
620.009460449	91.2825317383
620.768127441	95.7739257813
621.526794434	90.2014389038
622.285461426	87.7730102539
623.044067383	80.717010498
623.802734375	84.8614120483
624.561401367	83.5729217529
625.320068359	84.5318908691
626.078735352	82.6023330688
626.837341309	78.3515701294
627.596008301	79.5386581421
628.354675293	84.6666641235
629.113342285	85.3255691528
629.871948242	88.5143585205
630.630615234	81.543586731
631.389282227	84.2803115845
632.147949219	89.1757965088
632.906616211	80.9010009766
633.665222168	80.7153625488
634.42388916	82.823387146
635.182556152	81.491645813
635.941223145	85.7597427368
636.699829102	95.4509277344
637.458496094	90.0516433716
638.217163086	77.3430709839
638.975830078	87.6586837769
639.73449707	82.4881439209
640.493103027	82.2754364014
641.25177002	87.5053482056
642.010437012	86.7273788452
642.769104004	83.0766220093
643.527709961	87.851852417
644.286376953	94.7401046753
645.045043945	91.3055114746
645.803710938	84.3333358765
646.56237793	84.5051269531
647.320983887	85.8625106812
648.079650879	90.1244125366
648.838317871	85.1221237183
649.596984863	91.8918228149
650.35559082	96.5498046875
651.114257813	95.6367721558
651.872924805	92.7618560791
652.631591797	91.7720031738
653.390258789	90.2185897827
654.148864746	86.3333358765
654.907531738	88.1399612427
655.66619873	95.3023986816
656.424865723	85.688079834
657.18347168	87.5163116455
657.942138672	93.5545578003
658.700805664	85.3447723389
659.459472656	85.0141601563
660.218139648	89.4590301514
660.976745605	92.1682739258
661.735412598	90.7242202759
662.49407959	90.4325256348
663.252746582	92.7701416016
664.011352539	85.9254455566
664.770019531	90.6934051514
665.528686523	90.9984054565
666.287353516	98.3001022339
667.046020508	88.7897872925
667.804626465	86.4183654785
668.563293457	93.3824157715
669.321960449	88.5286254883
670.080627441	89.7443618774
670.839233398	92.8166503906
671.597900391	91.259765625
672.356567383	98.5481033325
673.115234375	89.8380966187
673.873901367	88.9467010498
674.632507324	88.3346252441
675.391174316	92.5990524292
676.149841309	90.7810134888
676.908508301	94.0857315063
677.667114258	96.671257019
678.42578125	95.1844787598
679.184448242	95.3454437256
679.943115234	91.5098419189
680.701782227	83.8863067627
681.460388184	87.9113235474
682.219055176	98.3950576782
682.977722168	91.0317764282
683.73638916	91.4340362549
684.494995117	97.8678970337
685.253662109	105.439247131
686.012329102	103.06388855
686.770996094	93.7030944824
687.529663086	96.7194213867
688.288269043	92.337348938
689.046936035	87.3664932251
689.805603027	91.0363082886
690.56427002	94.1744842529
691.322875977	98.9387283325
692.081542969	94.0539321899
692.840209961	96.5357284546
693.598876953	94.0823364258
694.357543945	99.0391693115
695.116149902	93.1908416748
695.874816895	93.1297454834
696.633483887	93.4491424561
697.392150879	94.8614578247
698.150756836	97.9743041992
698.909423828	98.6194534302
699.66809082	94.4345245361
700.426757813	93.244972229
701.185424805	102.30896759
701.944030762	100.400634766
702.702697754	97.9445877075
703.461364746	95.4824981689
704.220031738	100.236793518
704.978637695	106.767959595
705.737304688	103.839385986
706.49597168	105.789848328
707.254638672	100.440925598
708.013305664	93.3817672729
708.771911621	92.7319793701
709.530578613	91.620765686
710.289245605	92.7271575928
711.047912598	103.998718262
711.806518555	88.5427398682
712.565185547	100.628471375
713.323852539	97.8556747437
714.082519531	98.8124389648
714.841186523	107.356803894
715.59979248	99.7786483765
716.358459473	103.438743591
717.117126465	104.670883179
717.875793457	108.060409546
718.634399414	109.574134827
719.393066406	101.781997681
720.151733398	100.914413452
720.910400391	99.142829895
721.669067383	97.099029541
722.42767334	101.274330139
723.186340332	111.428161621
723.945007324	102.102279663
724.703674316	103.329391479
725.462280273	100.861068726
726.220947266	97.0667266846
726.979614258	97.5809783936
727.73828125	97.6691818237
728.496948242	97.749671936
729.255554199	98.2633666992
730.014221191	96.4972915649
730.772888184	98.4637298584
731.531555176	98.5701980591
732.290161133	105.220024109
733.048828125	114.483306885
733.807495117	106.796836853
734.566162109	102.105316162
735.324768066	99.8110122681
736.083435059	97.7285385132
736.842102051	103.145095825
737.600769043	108.804397583
738.359436035	105.807739258
739.118041992	105.539588928
739.876708984	110.744995117
740.635375977	107.080078125
741.394042969	109.392433167
742.152648926	105.381019592
742.911315918	108.276016235
743.66998291	97.4569320679
744.428649902	111.509613037
745.187316895	109.525482178
745.945922852	111.89692688
746.704589844	107.834495544
747.463256836	107.338539124
748.221923828	114.490600586
748.980529785	114.469985962
749.739196777	110.272888184
750.49786377	110.172981262
751.256530762	106.189346313
752.015197754	114.358551025
752.773803711	112.472236633
753.532470703	121.980422974
754.291137695	112.386116028
755.049804688	115.861999512
755.808410645	110.032333374
756.567077637	121.685516357
757.325744629	112.822631836
758.084411621	103.814208984
758.843078613	107.234535217
759.60168457	111.193832397
760.360351563	113.355056763
761.119018555	110.77897644
761.877685547	102.774414063
762.636291504	116.547218323
763.394958496	114.792404175
764.153625488	115.07333374
764.91229248	105.467712402
765.670959473	112.072105408
766.42956543	116.637733459
767.188232422	115.771034241
767.946899414	119.135070801
768.705566406	111.205780029
769.464172363	112.928573608
770.222839355	114.601379395
770.981506348	115.157165527
771.74017334	118.758537292
772.498840332	117.887123108
773.257446289	119.794517517
774.016113281	117.85332489
774.774780273	121.309738159
775.533447266	115.114471436
776.292053223	109.51612854
777.050720215	118.059379578
777.809387207	108.41191864
778.568054199	119.922073364
779.326721191	120.487442017
780.085327148	115.608200073
780.843994141	120.500656128
781.602661133	122.648048401
782.361328125	122.28729248
783.119934082	127.148681641
783.878601074	125.203224182
784.637268066	116.667816162
785.395935059	122.401939392
786.154602051	124.191574097
786.913208008	123.067588806
787.671875	124.628471375
788.430541992	123.451469421
789.189208984	129.253875732
789.947814941	126.432044983
790.706481934	129.155044556
791.465148926	125.017120361
792.223815918	118.089485168
792.98248291	118.635375977
793.741088867	122.733795166
794.499755859	125.967887878
795.258422852	126.584472656
796.017089844	123.085952759
796.775695801	126.932914734
797.534362793	125.069961548
798.293029785	116.313209534
799.051696777	132.624420166
799.81036377	128.560943604
800.568969727	125.389350891
801.327636719	129.377807617
802.086303711	132.09967041
802.844970703	132.666671753
803.60357666	127.617485046
804.362243652	130.730560303
805.120910645	131.625915527
805.879577637	131.246841431
806.638244629	133.045806885
807.396850586	128.376312256
808.155517578	123.005683899
808.91418457	114.955856323
809.672851563	123.042816162
810.43145752	132.303100586
811.190124512	136.157409668
811.948791504	117.690536499
812.707458496	129.38142395
813.466125488	131.549530029
814.224731445	130.140411377
814.983398438	127.325126648
815.74206543	128.900985718
816.500732422	127.42628479
817.259338379	129.501205444
818.018005371	132.719116211
818.776672363	132.133132935
819.535339355	130.869506836
820.294006348	131.332717896
821.052612305	137.460388184
821.811279297	129.122116089
822.569946289	133.072250366
823.328613281	130.653945923
824.087219238	130.340515137
824.84588623	129.720748901
825.604553223	134.249588013
826.363220215	136.603683472
827.121887207	134.771133423
827.880493164	137.873962402
828.639160156	137.585205078
829.397827148	138.029190063
830.156494141	137.308486938
830.915100098	131.457290649
831.67376709	130.170349121
832.432434082	134.892044067
833.191101074	134.244094849
833.949768066	137.095855713
834.708374023	139.135864258
835.467041016	141.733291626
836.225708008	141.779953003
836.984375	129.22505188
837.742980957	129.618103027
838.501647949	136.040603638
839.260314941	140.514678955
840.018981934	131.519821167
840.777648926	141.353729248
841.536254883	140.587646484
842.294921875	138.363479614
843.053588867	140.037261963
843.812255859	132.337265015
844.570861816	133.096664429
845.329528809	145.897857666
846.088195801	142.225234985
846.846862793	138.680175781
847.605529785	134.780593872
848.364135742	130.86529541
849.122802734	130.440933228
849.881469727	135.651275635
850.640136719	135.020996094
851.398742676	135
852.157409668	128.71472168
852.91607666	130.610183716
853.674743652	137.804519653
854.433410645	140.691833496
855.192016602	143.125717163
855.950683594	139.663787842
856.709350586	130.682785034
857.468017578	125.983123779
858.226623535	128.571182251
858.985290527	136.423019409
859.74395752	138.109649658
860.502624512	122.976951599
861.261291504	123.598808289
862.019897461	132.503158569
862.778564453	126.885879517
863.537231445	134.683395386
864.295898438	128.055877686
865.054504395	129.561141968
865.813171387	130.844726563
866.571838379	131.555099487
867.330505371	128.02571106
868.089111328	130.637374878
868.84777832	120.978630066
869.606445313	118.570152283
870.365112305	124.700782776
871.123779297	124.37940979
871.882385254	127.043579102
872.641052246	126.435157776
873.399719238	118.918380737
874.15838623	124.977432251
874.916992188	123.941726685
875.67565918	120.447479248
876.434326172	124.395515442
877.192993164	117.073638916
877.951660156	128.551345825
878.710266113	120.691802979
879.468933105	131.757171631
880.227600098	118.212226868
880.98626709	124.601737976
881.744873047	124.13130188
882.503540039	124.416770935
883.262207031	117.444030762
884.020874023	118.663314819
884.779541016	116.005271912
885.538146973	118.897659302
886.296813965	120.166320801
887.055480957	117.083999634
887.814147949	120.139068604
888.572753906	118.180679321
889.331420898	109.674682617
890.090087891	113.010353088
890.848754883	117.500167847
891.607421875	122.135192871
892.366027832	115.064178467
893.124694824	109.824729919
893.883361816	107.030906677
894.642028809	110.523025513
895.400634766	102.142791748
896.159301758	108.836921692
896.91796875	106.734184265
897.676635742	110.612091064
898.435302734	99.4944915771
899.193908691	102.084495544
899.952575684	109.838394165
900.711242676	107.517501831
901.469909668	101.344902039
902.228515625	107.877174377
902.987182617	113.104431152
903.745849609	108.839057922
904.504516602	106.880096436
905.263183594	102.743537903
906.021789551	109.41342926
906.780456543	105.684486389
907.539123535	100.170661926
908.297790527	108.926193237
909.056396484	88.5534133911
909.815063477	105.762550354
910.573730469	110.214820862
911.332397461	112.190994263
912.091064453	100.265075684
912.84967041	98.9457931519
913.608337402	109.821403503
914.367004395	106.945007324
915.125671387	102.892219543
915.884277344	97.8329391479
916.642944336	101.181022644
917.401611328	97.667388916
918.16027832	94.6026077271
918.918945313	98.7459640503
919.67755127	105.493896484
920.436218262	107.043128967
921.194885254	100.794754028
921.953552246	102.272590637
922.712158203	102.198936462
923.470825195	100.595581055
924.229492188	107.194145203
924.98815918	94.6458587646
925.746826172	100.07837677
926.505432129	86.7496490479
927.264099121	88.666053772
928.022766113	100.453201294
928.781433105	104.046325684
929.540039063	92.730430603
930.298706055	97.627571106
931.057373047	95.0743637085
931.816040039	92.5133209229
932.574707031	96.6693191528
933.333312988	87.2519836426
934.09197998	93.0661468506
934.850646973	97.6493301392
935.609313965	99.9323501587
936.367919922	103.338394165
937.126586914	102.849815369
937.885253906	97.0831069946
938.643920898	92.680015564
939.402587891	95.070022583
940.161193848	91.3067550659
940.91986084	99.0456314087
941.678527832	90.7483520508
942.437194824	92.8470458984
943.195800781	91.2259368896
943.954467773	108.830039978
944.713134766	102.746696472
945.471801758	90.0534744263
946.23046875	102.536903381
946.989074707	96.5270233154
947.747741699	98.9506225586
948.506408691	92.8498382568
949.265075684	94.6228103638
950.023681641	89.9650421143
950.782348633	95.1248626709
951.541015625	93.3061676025
952.299682617	96.9615402222
953.058349609	102.848472595
953.816955566	98.1903915405
954.575622559	96.173866272
955.334289551	100.312759399
956.092956543	95.0213623047
956.8515625	90.2856292725
957.610229492	96.474822998
958.368896484	97.8772659302
959.127563477	95.5827407837
959.886230469	93.6638717651
960.644836426	97.1036300659
961.403503418	95.1836776733
962.16217041	91.8211669922
962.920837402	98.543838501
963.679443359	89.2973098755
964.438110352	107.518325806
965.196777344	96.6547546387
965.955444336	95.0507278442
966.714111328	88.1484375
967.472717285	98.7299880981
968.231384277	92.2438049316
968.99005127	98.4236526489
969.748718262	93.9464950562
970.507324219	93.0862960815
971.265991211	94.5294418335
972.024658203	97.0442428589
972.783325195	99.5075912476
973.541992188	99.9265518188
974.300598145	99.2834091187
975.059265137	103.865760803
975.817932129	100.253463745
976.576599121	97.2088088989
977.335205078	105.239219666
978.09387207	105.524909973
978.852539063	97.7739562988
979.611206055	94.8821487427
980.369873047	99.8886184692
981.128479004	103.098739624
981.887145996	101.280036926
982.645812988	105.755836487
983.40447998	102.593284607
984.163085938	104.210159302
984.92175293	94.9054641724
985.680419922	100.229660034
986.439086914	98.7250518799
987.197753906	100.659194946
987.956359863	98.4187316895
988.715026855	98.0231323242
989.473693848	101.891204834
990.23236084	102.044891357
990.990966797	103.943275452
991.749633789	112.603599548
992.508300781	118.762580872
993.266967773	112.397651672
994.025634766	109.901161194
994.784240723	110.671379089
995.542907715	108.655632019
996.301574707	104.903663635
997.060241699	104.487228394
997.818847656	105.697471619
998.577514648	102.912895203
999.336181641	107.726425171
1000.09484863	119.318244934
1000.85345459	118.546318054
1001.61212158	113.433616638
1002.37078857	112.421592712
1003.12945557	108.100715637
1003.88812256	109.800666809
1004.64672852	111.041847229
1005.40539551	120.878746033
1006.1640625	116.007217407
1006.92272949	111.179023743
1007.68133545	111.899772644
1008.44000244	112.49319458
1009.19866943	120.450027466
1009.95733643	114.673034668
1010.71600342	109.777603149
1011.47460938	113.007789612
1012.23327637	115.600334167
1012.99194336	113.771827698
1013.75061035	115.195800781
1014.50921631	105.250015259
1015.2678833	112.314537048
1016.02655029	113.666664124
1016.78521729	119.033470154
1017.54388428	116.971244812
1018.30249023	112.508483887
1019.06115723	105.32434082
1019.81982422	112.023101807
1020.57849121	120.880844116
1021.33709717	124.609191895
1022.09576416	123.092330933
1022.85443115	122.056335449
1023.61309814	120.845474243
1024.3717041	123.20967865
1025.13037109	123.639801025
1025.88903809	120.522499084
1026.64770508	120.599891663
1027.40637207	122.4634552
1028.16503906	122.806724548
1028.92370605	120.256439209
1029.68237305	118.654098511
1030.44091797	116.933113098
1031.19958496	118.983581543
1031.95825195	129.512878418
1032.71691895	127.216773987
1033.47558594	119.693504333
1034.23425293	124.890228271
1034.99291992	130.374298096
1035.75158691	125.666664124
1036.51025391	126.142044067
1037.26879883	129.760650635
1038.02746582	130.76171875
1038.78613281	131.799240112
1039.5447998	127.616462708
1040.3034668	125.340652466
1041.06213379	125.333335876
1041.82080078	134.200424194
1042.57946777	139.911392212
1043.33813477	143.344818115
1044.09667969	131.649108887
1044.85534668	143.681838989
1045.61401367	129.33984375
1046.37268066	130.046768188
1047.13134766	131.78729248
1047.89001465	139.893585205
1048.64868164	138.871292114
1049.40734863	136.708343506
1050.16601563	136.333328247
1050.92456055	142.399627686
1051.68322754	135.334655762
1052.44189453	144.06048584
1053.20056152	134.101501465
1053.95922852	132.311355591
1054.71789551	139.333328247
1055.4765625	138.066101074
1056.23522949	134.0390625
1056.99389648	137.176300049
1057.75244141	143
1058.5111084	143.305908203
1059.26977539	141.619979858
1060.02844238	142.895645142
1060.78710938	143.186920166
1061.54577637	135.333328247
1062.30444336	136.520004272
1063.06311035	139.114898682
1063.82177734	140
1064.58032227	143.857696533
1065.33898926	149.681869507
1066.09765625	140.489486694
1066.85632324	137.506149292
1067.61499023	133.388671875
1068.37365723	137.907836914
1069.13232422	145.310180664
1069.89099121	141.756790161
1070.64953613	133.681243896
1071.40820313	145.133514404
1072.16687012	141.064559937
1072.92553711	157.546264648
1073.6842041	145.914337158
1074.44287109	148.712020874
1075.20153809	136.534240723
1075.96020508	132.606933594
1076.71887207	154.585876465
1077.47741699	146.188735962
1078.23608398	157.520446777
1078.99475098	151.719985962
1079.75341797	145.775436401
1080.51208496	149.573532104
1081.27075195	140.201858521
1082.02941895	147.46043396
1082.78808594	143.518966675
1083.54675293	148.549377441
1084.30529785	154.616119385
1085.06396484	148.663619995
1085.82263184	148.849563599
1086.58129883	159.939117432
1087.33996582	149.845123291
1088.09863281	144.922958374
1088.8572998	148.312835693
1089.6159668	142.061584473
1090.37463379	148.072860718
1091.13317871	149.726669312
1091.8918457	154.4478302
1092.6505127	159.504241943
1093.40917969	160.242431641
1094.16784668	156.887634277
1094.92651367	151.762084961
1095.68518066	156.577835083
1096.44384766	157.860992432
1097.20251465	157.217163086
1097.96105957	163.436187744
1098.71972656	164.8331604
1099.47839355	160.228759766
1100.23706055	162.922409058
1100.99572754	167.501327515
1101.75439453	162.987197876
1102.51306152	158.489578247
1103.27172852	163.060333252
1104.03039551	173.044876099
1104.78894043	167.703430176
1105.54760742	157.940139771
1106.30627441	162.103256226
1107.06494141	163.462997437
1107.8236084	174.263015747
1108.58227539	165.091094971
1109.34094238	152.870727539
1110.09960938	167.026611328
1110.85827637	170.210586548
1111.61682129	173.942596436
1112.37548828	175.740524292
1113.13415527	174.557479858
1113.89282227	175.145599365
1114.65148926	174.525054932
1115.41015625	182.124465942
1116.16882324	181.606903076
1116.92749023	186.52784729
1117.68615723	184.383956909
1118.44470215	182.883239746
1119.20336914	173
1119.96203613	174.529464722
1120.72070313	180.981643677
1121.47937012	180.232040405
1122.23803711	172.360717773
1122.9967041	179.182693481
1123.75537109	171.985427856
1124.51403809	176.087631226
1125.27258301	178.578659058
1126.03125	177.918701172
1126.78991699	178.357971191
1127.54858398	186.887496948
1128.30725098	191.026672363
1129.06591797	184.195602417
1129.82458496	175.719207764
1130.58325195	176.143630981
1131.34191895	173.687194824
1132.10046387	175.123580933
1132.85913086	194.115966797
1133.61779785	183.213775635
1134.37646484	188.983764648
1135.13513184	198.984161377
1135.89379883	198.057327271
1136.65246582	179.442123413
1137.41113281	193.008224487
1138.1697998	199.631347656
1138.92834473	190.772323608
1139.68701172	196.230499268
1140.44567871	191.142578125
1141.2043457	206.79359436
1141.9630127	181.710388184
1142.72167969	188.304855347
1143.48034668	198.78755188
1144.23901367	197.761581421
1144.99768066	189.27166748
1145.75622559	198.407669067
1146.51489258	194.978775024
1147.27355957	203.332565308
1148.03222656	216.645980835
1148.79089355	215.517074585
1149.54956055	202.510940552
1150.30822754	202.097061157
1151.06689453	192.252044678
1151.82556152	186.735214233
1152.58410645	210.09336853
1153.34277344	215.873184204
1154.10144043	213.226287842
1154.86010742	203.600463867
1155.61877441	206.949676514
1156.37744141	202.389358521
1157.1361084	212.317306519
1157.89477539	211.369598389
1158.65344238	205.154495239
1159.4119873	202.887786865
1160.1706543	215.471786499
1160.92932129	210.912506104
1161.68798828	221.638763428
1162.44665527	216.916946411
1163.20532227	226.889450073
1163.96398926	215.835067749
1164.72265625	220.945175171
1165.48132324	218.992874146
1166.23986816	221.344192505
1166.99853516	226.131362915
1167.75720215	229.11529541
1168.51586914	223.481155396
1169.27453613	225.540878296
1170.03320313	229.826263428
1170.79187012	223.008590698
1171.55053711	221.233886719
1172.3092041	226.202087402
1173.06774902	230.360961914
1173.82641602	227.238220215
1174.58508301	217.488174438
1175.34375	226.861785889
1176.10241699	224.965393066
1176.86108398	230.496932983
1177.61975098	234.462295532
1178.37841797	231.051818848
1179.13708496	231.564483643
1179.89562988	235.910858154
1180.65429688	225.678146362
1181.41296387	215.651321411
1182.17163086	225.352935791
1182.93029785	221.710205078
1183.68896484	242.863265991
1184.44763184	223.692001343
1185.20629883	223.9871521
1185.96496582	228.342803955
1186.72351074	232.555114746
1187.48217773	229.668380737
1188.24084473	225.420791626
1188.99951172	221.912261963
1189.75817871	230.358062744
1190.5168457	232.464309692
1191.2755127	233.305618286
1192.03417969	231.427612305
1192.79284668	237.909912109
1193.5513916	238.972229004
1194.31005859	234.141876221
1195.06872559	237.058441162
1195.82739258	242.273300171
1196.58605957	239.668563843
1197.34472656	240.904296875
1198.10339355	245.21723938
1198.86206055	241.215545654
1199.62072754	233.583496094
1200.37927246	235.919281006
1201.13793945	232.898971558
1201.89660645	237.632324219
1202.65527344	243.849502563
1203.41394043	239.811920166
1204.17260742	246.228775024
1204.93127441	255.434753418
1205.68994141	244.546173096
1206.4486084	245.321060181
1207.20715332	247.376663208
1207.96582031	247.005203247
1208.7244873	255.347915649
1209.4831543	249.458267212
1210.24182129	260.525024414
1211.00048828	248.702362061
1211.75915527	250.771942139
1212.51782227	249.717391968
1213.27648926	256.256713867
1214.03503418	256.921051025
1214.79370117	250.162490845
1215.55236816	248.869613647
1216.31103516	253.725585938
1217.06970215	250.726409912
1217.82836914	260.749420166
1218.58703613	262.332489014
1219.34570313	251.381317139
1220.10437012	260.680297852
1220.86291504	239.906707764
1221.62158203	258.36517334
1222.38024902	251.968704224
1223.13891602	263.155883789
1223.89758301	264.333343506
1224.65625	262.575195313
1225.41491699	265.785522461
1226.17358398	272.275482178
1226.93225098	264.168121338
1227.6907959	255.780197144
1228.44946289	259.43548584
1229.20812988	254.343948364
1229.96679688	262.761016846
1230.72546387	263.631622314
1231.48413086	260.506256104
1232.24279785	256.728881836
1233.00146484	267.209228516
1233.76013184	282.504272461
1234.51867676	291.159332275
1235.27734375	293.453613281
1236.03601074	285.652679443
1236.79467773	278.180786133
1237.55334473	284.229827881
1238.31201172	298.921508789
1239.07067871	299.049835205
1239.8293457	292.518005371
1240.5880127	302.292114258
1241.34655762	287.365203857
1242.10522461	278.604980469
1242.8638916	294.449829102
1243.62255859	305.938964844
1244.38122559	306.530639648
1245.13989258	306.575927734
1245.89855957	302.59487915
1246.65722656	305.897613525
1247.41589355	313.722930908
1248.17443848	314.680023193
1248.93310547	317.358001709
1249.69177246	312.631774902
1250.45043945	307.480285645
1251.20910645	307.809967041
1251.96777344	309.256896973
1252.72644043	314.945922852
1253.48510742	327.706298828
1254.24377441	330.0284729
1255.00231934	319.651367188
1255.76098633	325.595977783
1256.51965332	326.782012939
1257.27832031	322.256866455
1258.0369873	320.359893799
1258.7956543	330.585876465
1259.55432129	336.596069336
1260.31298828	328.534881592
1261.07165527	346.802215576
1261.8302002	327.884002686
1262.58886719	329.521942139
1263.34753418	339.163085938
1264.10620117	348.414154053
1264.86486816	362.909637451
1265.62353516	350.169006348
1266.38220215	352.828826904
1267.14086914	351.377258301
1267.89953613	346.213317871
1268.65808105	352.231994629
1269.41674805	359.708496094
1270.17541504	367.475250244
1270.93408203	384.107147217
1271.69274902	372.653747559
1272.45141602	379.605773926
1273.21008301	378.80355835
1273.96875	379.851959229
1274.72741699	393.915161133
1275.48596191	377.895599365
1276.24462891	379.841369629
1277.0032959	394.856994629
1277.76196289	399.451049805
1278.52062988	395.560638428
1279.27929688	396.377746582
1280.03796387	421.032562256
1280.79663086	413.545837402
1281.55529785	408.735015869
1282.31384277	401.264526367
1283.07250977	425.025085449
1283.83117676	411.779876709
1284.58984375	429.000030518
1285.34851074	429.533508301
1286.10717773	435.386505127
1286.86584473	437.000854492
1287.62451172	449.219421387
1288.38317871	447.538604736
1289.14172363	447.126556396
1289.90039063	469.012512207
1290.65905762	453.306396484
1291.41772461	458.499786377
1292.1763916	455.625946045
1292.93505859	461.440795898
1293.69372559	456.578155518
1294.45239258	463.272674561
1295.21105957	480.471435547
1295.96960449	495.028106689
1296.72827148	495.909729004
1297.48693848	492.754150391
1298.24560547	496.746307373
1299.00427246	516.539001465
1299.76293945	527.983032227
1300.52160645	526.602111816
1301.28027344	498.900756836
1302.03894043	519.616088867
1302.79748535	513.633728027
1303.55615234	509.927124023
1304.31481934	555.684204102
1305.07348633	561.294372559
1305.83215332	548.670227051
1306.59082031	553.013244629
1307.3494873	566.651367188
1308.1081543	568.665039063
1308.86682129	600.578613281
1309.62536621	591.354614258
1310.3840332	567.098693848
1311.1427002	605.872436523
1311.90136719	599.365905762
1312.66003418	594.021850586
1313.41870117	614.552185059
1314.17736816	606.370300293
1314.93603516	630.918151855
1315.69470215	641.619262695
1316.45324707	645.98626709
1317.21191406	662.97052002
1317.97058105	652.362182617
1318.72924805	677.63861084
1319.48791504	692.325683594
1320.24658203	680.666625977
1321.00524902	662.733825684
1321.76391602	700.766418457
1322.52258301	727.572265625
1323.28112793	711.207702637
1324.03979492	695.497619629
1324.79846191	716.932067871
1325.55712891	743.481689453
1326.3157959	755.111633301
1327.07446289	740.385375977
1327.83312988	743.585693359
1328.59179688	756.241760254
1329.35046387	766.675231934
1330.10900879	767.882202148
1330.86767578	797.696777344
1331.62634277	788.218017578
1332.38500977	785.188232422
1333.14367676	790.694824219
1333.90234375	806.763977051
1334.66101074	804.03314209
1335.41967773	851.503967285
1336.17822266	854.062805176
1336.93688965	843.842529297
1337.69555664	847.292663574
1338.45422363	855.326843262
1339.21289063	842.585083008
1339.97155762	855.277404785
1340.73022461	866.666687012
1341.4888916	864.132751465
1342.24755859	839.348449707
1343.00610352	859.853515625
1343.76477051	890.401062012
1344.5234375	848.157592773
1345.28210449	896.598144531
1346.04077148	856.586853027
1346.79943848	874.631225586
1347.55810547	871.263793945
1348.31677246	895.160583496
1349.07543945	878.291503906
1349.83398438	873.792114258
1350.59265137	884.516845703
1351.35131836	886.250427246
1352.10998535	878.760070801
1352.86865234	868.512573242
1353.62731934	865.576049805
1354.38598633	868.275939941
1355.14465332	860.37487793
1355.90332031	852.741882324
1356.66186523	852.565063477
1357.42053223	844.177185059
1358.17919922	832.437072754
1358.93786621	820.084594727
1359.6965332	837.181762695
1360.4552002	827.961425781
1361.21386719	806.387878418
1361.97253418	804.69152832
1362.73120117	795.773498535
1363.48974609	806.010620117
1364.24841309	793.162597656
1365.00708008	796.253845215
1365.76574707	773.786743164
1366.52441406	761.73223877
1367.28308105	769.285644531
1368.04174805	754.75994873
1368.80041504	754.516296387
1369.55908203	754.094848633
1370.31762695	745.128417969
1371.07629395	741.566345215
1371.83496094	746.227355957
1372.59362793	745.863830566
1373.35229492	733.861938477
1374.11096191	719.998596191
1374.86962891	726.982971191
1375.6282959	729.350708008
1376.38696289	706.510742188
1377.14550781	689.845947266
1377.9041748	681.363586426
1378.6628418	681.806213379
1379.42150879	676.0078125
1380.18017578	673.935668945
1380.93884277	662.448425293
1381.69750977	638.38079834
1382.45617676	640.728393555
1383.21484375	632.575622559
1383.97338867	608.662902832
1384.73205566	619.951721191
1385.49072266	632.076782227
1386.24938965	619.621154785
1387.00805664	601.335510254
1387.76672363	581.975402832
1388.52539063	585.471679688
1389.28405762	580.31048584
1390.04272461	595.827453613
1390.80126953	578.459411621
1391.55993652	573.964172363
1392.31860352	550.837280273
1393.07727051	549.831115723
1393.8359375	556.805175781
1394.59460449	550.919250488
1395.35327148	549.438903809
1396.11193848	551.241088867
1396.87060547	525.711853027
1397.62915039	525.592224121
1398.38781738	529.218017578
1399.14648438	517.800231934
1399.90515137	502.744384766
1400.66381836	519.671875
1401.42248535	523.226623535
1402.18115234	507.304534912
1402.93981934	515.208435059
1403.69848633	508.480773926
1404.45703125	508.318847656
1405.21569824	493.739227295
1405.97436523	497.282104492
1406.73303223	498.929382324
1407.49169922	480.61831665
1408.25036621	478.47164917
1409.0090332	481.397735596
1409.7677002	469.657226563
1410.52636719	453.729492188
1411.28491211	466.546966553
1412.0435791	455.487792969
1412.80224609	463.996185303
1413.56091309	463.671630859
1414.31958008	452.039093018
1415.07824707	453.003540039
1415.83691406	444.958679199
1416.59558105	448.624450684
1417.35424805	446.700042725
1418.11279297	457.97454834
1418.87145996	439.526977539
1419.63012695	442.683349609
1420.38879395	441.119659424
1421.14746094	434.481018066
1421.90612793	429.386199951
1422.66479492	414.443206787
1423.42346191	414.200531006
1424.18212891	423.680419922
1424.94067383	433.601776123
1425.69934082	427.154632568
1426.45800781	416.030395508
1427.2166748	424.835571289
1427.9753418	415.815124512
1428.73400879	404.027282715
1429.49267578	415.363677979
1430.25134277	420.713989258
1431.01000977	426.480712891
1431.76855469	424.428100586
1432.52722168	412.863098145
1433.28588867	399.568328857
1434.04455566	405.172454834
1434.80322266	402.584472656
1435.56188965	406.957489014
1436.32055664	417.429534912
1437.07922363	409.162261963
1437.83789063	402.55480957
1438.59643555	410.387145996
1439.35510254	406.44821167
1440.11376953	393.555145264
1440.87243652	405.821746826
1441.63110352	387.386688232
1442.38977051	392.457977295
1443.1484375	396.81072998
1443.90710449	374.542999268
1444.66577148	411.330200195
1445.42431641	383.6746521
1446.1829834	384.757049561
1446.94165039	400.597290039
1447.70031738	400.227935791
1448.45898438	403.980377197
1449.21765137	390.149841309
1449.97631836	385.439086914
1450.73498535	397.157684326
1451.49365234	391.337615967
1452.25219727	377.599945068
1453.01086426	376.862884521
1453.76953125	376.7890625
1454.52819824	382.224182129
1455.28686523	398.033996582
1456.04553223	387.843902588
1456.80419922	388.434692383
1457.56286621	386.844116211
1458.3215332	376.038146973
1459.08007813	370.515106201
1459.83874512	364.502044678
1460.59741211	361.562774658
1461.3560791	366.468902588
1462.11474609	376.489807129
1462.87341309	377.335357666
1463.63208008	377.042358398
1464.39074707	377.884368896
1465.14941406	383.668212891
1465.90795898	377.149597168
1466.66662598	374.802398682
1467.42529297	379.9034729
1468.18395996	365.004272461
1468.94262695	385.186645508
1469.70129395	373.745483398
1470.45996094	384.3487854
1471.21862793	383.933013916
1471.97729492	381.188018799
1472.73583984	381.958984375
1473.49450684	366.547027588
1474.25317383	362.04788208
1475.01184082	364.956481934
1475.77050781	364.04888916
1476.5291748	363.386749268
1477.2878418	354.71182251
1478.04650879	371.754241943
1478.80517578	365.674865723
1479.5637207	364.762756348
1480.3223877	379.747436523
1481.08105469	373.066009521
1481.83972168	373.139404297
1482.59838867	381.611907959
1483.35705566	381.648468018
1484.11572266	368.116119385
1484.87438965	367.514190674
1485.63305664	372.795257568
1486.39160156	377.897857666
1487.15026855	379.409881592
1487.90893555	379.147979736
1488.66760254	375.367980957
1489.42626953	366.906890869
1490.18493652	377.355133057
1490.94360352	378.543243408
1491.70227051	376.238006592
1492.4609375	366.138153076
1493.21948242	383.155151367
1493.97814941	377.116577148
1494.73681641	379.949768066
1495.4954834	383.915649414
1496.25415039	379.19241333
1497.01281738	367.6769104
1497.77148438	368.299591064
1498.53015137	364.415008545
1499.28881836	376.043029785
1500.04736328	391.021759033
1500.80603027	367.157470703
1501.56469727	373.787536621
1502.32336426	357.847503662
1503.08203125	369.795257568
1503.84069824	386.456176758
1504.59936523	383.334228516
1505.35803223	383.385131836
1506.11669922	379.086791992
1506.87524414	386.759216309
1507.63391113	373.803039551
1508.39257813	368.735687256
1509.15124512	379.820495605
1509.90991211	387.299957275
1510.6685791	376.188751221
1511.42724609	389.832336426
1512.18591309	388.125579834
1512.94458008	390.405487061
1513.703125	382.026977539
1514.46179199	383.683288574
1515.22045898	372.218933105
1515.97912598	387.963195801
1516.73779297	388.435455322
1517.49645996	367.339569092
1518.25512695	374.165161133
1519.01379395	386.479095459
1519.77246094	411.530883789
1520.53100586	402.505004883
1521.28967285	396.219482422
1522.04833984	375.591705322
1522.80700684	372.265686035
1523.56567383	387.051116943
1524.32434082	380.558502197
1525.08300781	394.603546143
1525.8416748	384.362945557
1526.6003418	393.451141357
1527.35888672	399.215362549
1528.11755371	403.916442871
1528.8762207	414.684265137
1529.6348877	409.48248291
1530.39355469	412.374481201
1531.15222168	425.495849609
1531.91088867	421.384460449
1532.66955566	416.234741211
1533.42822266	411.870452881
1534.18676758	406.118713379
1534.94543457	429.989227295
1535.70410156	433.361907959
1536.46276855	414.82925415
1537.22143555	428.223052979
1537.98010254	438.695526123
1538.73876953	438.363891602
1539.49743652	457.091674805
1540.25610352	432.683380127
1541.01464844	440.269073486
1541.77331543	449.779907227
1542.53198242	431.929229736
1543.29064941	441.396759033
1544.04931641	462.336303711
1544.8079834	472.809051514
1545.56665039	475.230529785
1546.32531738	475.011657715
1547.08398438	487.475494385
1547.8425293	482.631958008
1548.60119629	487.438598633
1549.35986328	500.696533203
1550.11853027	483.105316162
1550.87719727	488.906066895
1551.63586426	500.82333374
1552.39453125	495.282287598
1553.15319824	506.659667969
1553.91186523	526.360717773
1554.67041016	512.953308105
1555.42907715	521.20892334
1556.18774414	533.075866699
1556.94641113	535.280212402
1557.70507813	543.452453613
1558.46374512	548.193664551
1559.22241211	569.405029297
1559.9810791	580.161987305
1560.73974609	586.759643555
1561.49829102	573.649230957
1562.25695801	567.067199707
1563.015625	569.785888672
1563.77429199	583.962768555
1564.53295898	600.390014648
1565.29162598	615.125
1566.05029297	618.282836914
1566.80895996	613.462158203
1567.56762695	653.986816406
1568.32617188	646.551696777
1569.08483887	642.738647461
1569.84350586	643.561096191
1570.60217285	663.756408691
1571.36083984	670.469177246
1572.11950684	671.055664063
1572.87817383	665.754394531
1573.63684082	702.576782227
1574.39550781	665.496276855
1575.15405273	702.575622559
1575.91271973	710.045654297
1576.67138672	716.22253418
1577.43005371	723.854797363
1578.1887207	729.842041016
1578.9473877	737.542236328
1579.70605469	730.194030762
1580.46472168	746.590820313
1581.22338867	760.020263672
1581.98193359	754.265869141
1582.74060059	773.039672852
1583.49926758	791.551513672
1584.25793457	790.703491211
1585.01660156	789.963378906
1585.77526855	807.842407227
1586.53393555	807.024047852
1587.29260254	805.565612793
1588.05126953	814.717163086
1588.80981445	840.97088623
1589.56848145	868.964599609
1590.32714844	847.694091797
1591.08581543	860.476867676
1591.84448242	843.340393066
1592.60314941	853.521911621
1593.36181641	842.017578125
1594.1204834	845.038818359
1594.87915039	847.018249512
1595.63769531	855.283081055
1596.3963623	838.889038086
1597.1550293	837.392150879
1597.91369629	871.984924316
1598.67236328	858.233703613
1599.43103027	850.103759766
1600.18969727	837.015441895
1600.94836426	839.754943848
1601.70690918	831.022033691
1602.46557617	824.802124023
1603.22424316	845.110351563
1603.98291016	823.218444824
1604.74157715	813.791931152
1605.50024414	845.794799805
1606.25891113	833.302307129
1607.01757813	821.300842285
1607.77624512	816.662109375
1608.53479004	803.738342285
1609.29345703	820.865112305
1610.05212402	811.828918457
1610.81079102	804.004577637
1611.56945801	795.014160156
1612.328125	795.665222168
1613.08679199	798.258789063
1613.84545898	797.402954102
1614.60412598	760.329528809
1615.3626709	749.921691895
1616.12133789	754.053649902
1616.88000488	762.76550293
1617.63867188	715.311645508
1618.39733887	700.528015137
1619.15600586	723.780700684
1619.91467285	716.226379395
1620.67333984	703.923156738
1621.43200684	676.694458008
1622.19055176	667.837219238
1622.94921875	659.292297363
1623.70788574	646.458068848
1624.46655273	631.905517578
1625.22521973	619.465698242
1625.98388672	604.461364746
1626.74255371	600.407958984
1627.5012207	605.204833984
1628.2598877	578.173217773
1629.01843262	547.739746094
1629.77709961	563.683349609
1630.5357666	549.164733887
1631.29443359	536.926025391
1632.05310059	513.243041992
1632.81176758	508.740631104
1633.57043457	486.828735352
1634.32910156	486.03302002
1635.08776855	482.863708496
1635.84631348	476.593933105
1636.60498047	468.477264404
1637.36364746	452.4140625
1638.12231445	448.6847229
1638.88098145	438.928863525
1639.63964844	434.138305664
1640.39831543	408.141235352
1641.15698242	397.210144043
1641.91564941	392.862030029
1642.67419434	383.390228271
1643.43286133	380.700714111
1644.19152832	372.502349854
1644.95019531	357.124694824
1645.7088623	358.417572021
1646.4675293	347.521148682
1647.22619629	348.33001709
1647.98486328	334.706756592
1648.74353027	323.746643066
1649.5020752	310.398284912
1650.26074219	302.225799561
1651.01940918	295.649932861
1651.77807617	296.700439453
1652.53674316	295.090332031
1653.29541016	282.143066406
1654.05407715	282.13659668
1654.81274414	271.528808594
1655.57141113	260.578369141
1656.32995605	262.084533691
1657.08862305	255.310195923
1657.84729004	251.247970581
1658.60595703	247.837493896
1659.36462402	239.362991333
1660.12329102	230.574890137
1660.88195801	220.802536011
1661.640625	223.826507568
1662.39929199	221.497299194
1663.15783691	213.328994751
1663.91650391	199.475784302
1664.6751709	204.275817871
1665.43383789	200.321029663
1666.19250488	194.846115112
1666.95117188	186.356613159
1667.70983887	193.65411377
1668.46850586	183.130996704
1669.22717285	176.722503662
1669.98571777	177.029129028
1670.74438477	168.611465454
1671.50305176	168.545425415
1672.26171875	165.285186768
1673.02038574	163.790878296
1673.77905273	162.223999023
1674.53771973	157.777511597
1675.29638672	154.23538208
1676.05505371	155.992050171
1676.81359863	155.507522583
1677.57226563	140.196472168
1678.33093262	144.720596313
1679.08959961	138.195480347
1679.8482666	139.642852783
1680.60693359	139.602279663
1681.36560059	137.307830811
1682.12426758	129.733886719
1682.88293457	124.681373596
1683.64147949	124.356803894
1684.40014648	121.337936401
1685.15881348	119.531661987
1685.91748047	114.325126648
1686.67614746	114.630897522
1687.43481445	112.062210083
1688.19348145	113.345710754
1688.95214844	107.941612244
1689.71081543	110.343925476
1690.46936035	107.977111816
1691.22802734	103.634048462
1691.98669434	100.155433655
1692.74536133	105.651725769
1693.50402832	97.9772796631
1694.26269531	100.856056213
1695.0213623	106.874168396
1695.7800293	102.549125671
1696.53869629	97.7648468018
1697.29724121	95.7992019653
1698.0559082	93.9227828979
1698.8145752	94.4337005615
1699.57324219	96.917175293
1700.33190918	93.8200683594
1701.09057617	91.3452682495
1701.84924316	87.1421585083
1702.60791016	85.6631240845
1703.36657715	88.6751480103
1704.12512207	85.902923584
1704.88378906	83.7976913452
1705.64245605	82.9893875122
1706.40112305	83.0930175781
1707.15979004	82.8882904053
1707.91845703	79.3474349976
1708.67712402	83.4339981079
1709.43579102	83.322517395
1710.19445801	74.2743148804
1710.95300293	85.5522384644
1711.71166992	83.3717880249
1712.47033691	78.6254272461
1713.22900391	77.0186386108
1713.9876709	83.0137710571
1714.74633789	81.8677597046
1715.50500488	79.0136413574
1716.26367188	77.7522583008
1717.02233887	75.0270843506
1717.78088379	78.9380645752
1718.53955078	76.0172348022
1719.29821777	81.873626709
1720.05688477	76.1132507324
1720.81555176	71.0604934692
1721.57421875	74.0852890015
1722.33288574	74.170753479
1723.09155273	75.0542678833
1723.85021973	75.4291152954
1724.60876465	71.1310958862
1725.36743164	73.9813308716
1726.12609863	71.8274993896
1726.88476563	68.0404815674
1727.64343262	70.7535324097
1728.40209961	71.1380157471
1729.1607666	67.8509292603
1729.91943359	68.0900268555
1730.67810059	72.8006515503
1731.43664551	65.400970459
1732.1953125	70.2292861938
1732.95397949	65.5569229126
1733.71264648	66.9234619141
1734.47131348	72.2329559326
1735.22998047	63.7718162537
1735.98864746	64.748550415
1736.74731445	68.2176208496
1737.50598145	64.9357223511
1738.26452637	66.5609207153
1739.02319336	69.6800460815
1739.78186035	67.3634567261
1740.54052734	62.9938697815
1741.29919434	59.9187927246
1742.05786133	66.6998748779
1742.81652832	63.0368690491
1743.57519531	64.3959503174
1744.3338623	62.5618896484
1745.09240723	61.3368721008
1745.85107422	57.9093704224
1746.60974121	56.5147094727
1747.3684082	60.4028549194
1748.1270752	56.8863754272
1748.88574219	57.6840591431
1749.64440918	59.2657775879
1750.40307617	59.5267524719
1751.16174316	58.4710426331
1751.92028809	60.6690788269
1752.67895508	59.7314682007
1753.43762207	64.0944442749
1754.19628906	64.0605392456
1754.95495605	58.6409988403
1755.71362305	60.8496017456
1756.47229004	57.9364089966
1757.23095703	58.5770072937
1757.98962402	61.4341506958
1758.74816895	57.9981460571
1759.50683594	54.9524078369
1760.26550293	57.7143249512
1761.02416992	58.8117752075
1761.78283691	59.6581382751
1762.54150391	58.1622467041
1763.3001709	57.4080619812
1764.05883789	58.0336303711
1764.81750488	62.1079025269
1765.5760498	59.2615852356
1766.3347168	54.3058166504
1767.09338379	56.7989692688
1767.85205078	54.5705718994
1768.61071777	53.4865531921
1769.36938477	56.774433136
1770.12805176	58.6484527588
1770.88671875	59.0234832764
1771.64538574	56.42710495
1772.40393066	60.1934890747
1773.16259766	61.951877594
1773.92126465	60.6982192993
1774.67993164	57.9207992554
1775.43859863	60.3069076538
1776.19726563	59.1979866028
1776.95593262	59.7929267883
1777.71459961	56.4093704224
1778.4732666	61.4727058411
1779.23181152	56.4310874939
1779.99047852	60.655872345
1780.74914551	54.9441223145
1781.5078125	52.9704780579
1782.26647949	55.9283485413
1783.02514648	53.718952179
1783.78381348	53.2857589722
1784.54248047	49.1152763367
1785.30114746	54.6274147034
1786.05969238	59.2928276062
1786.81835938	56.7888031006
1787.57702637	59.59116745
1788.33569336	65.982925415
1789.09436035	56.2979431152
1789.85302734	54.641166687
1790.61169434	58.8250427246
1791.37036133	59.8244247437
1792.12902832	60.7102355957
1792.88757324	53.8195991516
1793.64624023	55.25157547
1794.40490723	60.0502548218
1795.16357422	61.1024703979
1795.92224121	54.1249084473
1796.6809082	47.8623580933
1797.4395752	55.243396759
1798.19824219	54.6782073975
1798.95690918	55.7635612488
1799.7154541	59.7508583069
1800.47412109	57.4039764404
1801.23278809	59.0028572083
1801.99145508	61.2495117188
1802.75012207	52.7278556824
1803.50878906	52.3811531067
1804.26745605	58.6684913635
1805.02612305	59.5247993469
1805.78479004	56.0063667297
1806.54333496	53.8074150085
1807.30200195	55.9538192749
1808.06066895	57.2761764526
1808.81933594	58.9937515259
1809.57800293	60.7751274109
1810.33666992	59.2594718933
1811.09533691	53.214969635
1811.85400391	54.3404045105
1812.6126709	57.9489135742
1813.37121582	62.7997207642
1814.12988281	57.6446304321
1814.8885498	55.7567062378
1815.6472168	56.8720741272
1816.40588379	58.9311027527
1817.16455078	46.8449401855
1817.92321777	54.510509491
1818.68188477	51.7574310303
1819.44055176	56.4315299988
1820.19909668	55.8016777039
1820.95776367	61.0434951782
1821.71643066	58.9759140015
1822.47509766	58.4650917053
1823.23376465	50.4466590881
1823.99243164	59.9917755127
1824.75109863	49.1782989502
1825.50976563	49.3872642517
1826.26843262	63.2086105347
1827.02697754	53.2015533447
1827.78564453	59.901348114
1828.54431152	54.2907485962
1829.30297852	58.3289871216
1830.06164551	55.9661483765
1830.8203125	53.6735191345
1831.57897949	58.8271484375
1832.33764648	59.726398468
1833.09631348	54.5165863037
1833.8548584	55.5756111145
1834.61352539	55.7021179199
1835.37219238	54.4648513794
1836.13085938	48.6320304871
1836.88952637	51.5462989807
1837.64819336	49.5982704163
1838.40686035	53.2004585266
1839.16552734	58.6695671082
1839.92419434	63.0536613464
1840.68273926	56.2479515076
1841.44140625	55.3676109314
1842.20007324	53.6847229004
1842.95874023	46.5743217468
1843.71740723	53.2027816772
1844.47607422	53.4129142761
1845.23474121	55.0665817261
1845.9934082	54.3173484802
1846.7520752	52.3125610352
1847.51062012	50.9988059998
1848.26928711	54.4340553284
1849.0279541	58.0263710022
1849.78662109	53.3989677429
1850.54528809	58.3953094482
1851.30395508	57.0313034058
1852.06262207	73.6830596924
1852.82128906	57.711479187
1853.57995605	74.0457229614
1854.33850098	55.6109542847
1855.09716797	56.4966087341
1855.85583496	54.8709030151
1856.61450195	57.2032241821
1857.37316895	54.545501709
1858.13183594	58.1065673828
1858.89050293	54.942024231
1859.64916992	53.2229995728
1860.40783691	56.8014373779
1861.16638184	62.5415267944
1861.92504883	57.2023544312
1862.68371582	49.2697563171
1863.44238281	50.6191902161
1864.2010498	55.2692222595
1864.9597168	49.5128440857
1865.71838379	48.1788368225
1866.47705078	51.7865791321
1867.2355957	54.0050430298
1867.9942627	51.4910011292
1868.75292969	59.8480987549
1869.51159668	46.9542732239
1870.27026367	50.794303894
1871.02893066	49.511341095
1871.78759766	58.5989303589
1872.54626465	52.6863441467
1873.30493164	53.3365097046
1874.06347656	53.0341377258
1874.82214355	49.9727249146
1875.58081055	51.9956130981
1876.33947754	50.6026000977
1877.09814453	56.3713302612
1877.85681152	55.1672363281
1878.61547852	45.3427734375
1879.37414551	46.9639320374
1880.1328125	49.8774986267
1880.89135742	54.5214805603
1881.65002441	56.5616950989
1882.40869141	56.4862136841
1883.1673584	56.6755981445
1883.92602539	59.930316925
1884.68469238	53.6139221191
1885.44335938	58.6944541931
1886.20202637	47.062412262
1886.96069336	52.6729507446
1887.71923828	50.984287262
1888.47790527	52.1446838379
1889.23657227	52.9972229004
1889.99523926	52.8568344116
1890.75390625	50.8155174255
1891.51257324	52.886390686
1892.27124023	51.954246521
1893.02990723	54.7415084839
1893.78857422	51.4040527344
1894.54711914	54.9484214783
1895.30578613	52.8429679871
1896.06445313	53.3391036987
1896.82312012	47.4680900574
1897.58178711	55.9992218018
1898.3404541	62.342956543
1899.09912109	59.6119880676
1899.85778809	53.1925239563
1900.61645508	56.9980659485
1901.375	43.5172843933
1902.13366699	53.5830879211
1902.89233398	53.6383934021
1903.65100098	54.0899124146
1904.40966797	49.413520813
1905.16833496	52.9440994263
1905.92700195	52.5582199097
1906.68566895	51.5081100464
1907.44433594	46.1701507568
1908.20288086	57.826625824
1908.96154785	55.7903823853
1909.72021484	49.3781700134
1910.47888184	58.831489563
1911.23754883	56.5776748657
1911.99621582	50.9543533325
1912.75488281	45.1965293884
1913.5135498	47.6777839661
1914.2722168	53.1110572815
1915.03076172	50.0896110535
1915.78942871	50.7346687317
1916.5480957	51.6454391479
1917.3067627	52.6225280762
1918.06542969	59.8652153015
1918.82409668	53.880947113
1919.58276367	52.2940254211
1920.34143066	54.9848442078
1921.10009766	50.9929733276
1921.85864258	47.3644981384
1922.61730957	50.1502037048
1923.37597656	51.5470848083
1924.13464355	58.2322502136
1924.89331055	53.2606086731
1925.65197754	55.6222038269
1926.41064453	53.2237625122
1927.16931152	52.1200294495
1927.92797852	56.3151435852
1928.68652344	63.9387817383
1929.44519043	60.4359436035
1930.20385742	52.8193855286
1930.96252441	48.0222625732
1931.72119141	56.2675628662
1932.4798584	50.7503738403
1933.23852539	46.5219955444
1933.99719238	54.7890548706
1934.75585938	51.7967033386
1935.5144043	51.1207427979
1936.27307129	56.9388198853
1937.03173828	49.8800888062
1937.79040527	48.9347877502
1938.54907227	52.8410682678
1939.30773926	52.930393219
1940.06640625	56.6648674011
1940.82507324	54.6351509094
1941.58374023	53.0353355408
1942.34228516	56.2006454468
1943.10095215	57.1236381531
1943.85961914	52.5734825134
1944.61828613	58.1068954468
1945.37695313	50.8679008484
1946.13562012	50.9533538818
1946.89428711	48.2916030884
1947.6529541	48.9291954041
1948.41162109	51.4364395142
1949.17016602	51.6716499329
1949.92883301	57.3974227905
1950.6875	56.4722137451
1951.44616699	57.9290351868
1952.20483398	53.4343109131
1952.96350098	54.6411819458
1953.72216797	51.031917572
1954.48083496	51.7422142029
1955.23950195	54.3772544861
1955.99804688	55.4004974365
1956.75671387	54.9057350159
1957.51538086	55.5732574463
1958.27404785	50.3387680054
1959.03271484	65.2627029419
1959.79138184	51.2266845703
1960.55004883	47.6107254028
1961.30871582	54.729724884
1962.06738281	54.3027114868
1962.82592773	52.9390563965
1963.58459473	51.0810661316
1964.34326172	50.2618751526
1965.10192871	55.1990394592
1965.8605957	54.1070404053
1966.6192627	56.8793907166
1967.37792969	54.2209663391
1968.13659668	50.9742240906
1968.89526367	57.4185180664
1969.65380859	53.7929573059
1970.41247559	60.1437683105
1971.17114258	58.1852912903
1971.92980957	52.8468742371
1972.68847656	59.6412086487
1973.44714355	46.0790214539
1974.20581055	47.5820198059
1974.96447754	47.9882354736
1975.72314453	54.1612548828
1976.48168945	55.1504058838
1977.24035645	58.4824638367
1977.99902344	55.8203125
1978.75769043	54.631187439
1979.51635742	51.2231216431
1980.27502441	55.301197052
1981.03369141	48.5929374695
1981.7923584	58.628238678
1982.55102539	57.220867157
1983.30957031	55.0459098816
1984.0682373	52.2891387939
1984.8269043	51.7727355957
1985.58557129	52.1981964111
1986.34423828	54.4634590149
1987.10290527	51.3620796204
1987.86157227	51.8512535095
1988.62023926	50.8243865967
1989.37890625	52.6104812622
1990.13745117	48.3143119812
1990.89611816	51.9000968933
1991.65478516	57.9281654358
1992.41345215	49.0019302368
1993.17211914	51.4733657837
1993.93078613	56.3002700806
1994.68945313	47.8055610657
1995.44812012	47.8302574158
1996.20678711	50.8090744019
1996.96533203	55.432056427
1997.72399902	60.2171630859
1998.48266602	56.3781013489
1999.24133301	53.2003555298
2000	58.033000946
