[Point Spectroscopy Data]
Approach Rate=0.1000 µm/sec
Retreat Rate=0.1000 µm/sec
Z Start=-5.5000 µm
Z End=5.5000 µm
Cycle Hold Time=0.000 sec
½ Cycle Hold Time=0.000 sec
&Z Piezo Linerizer On=yes
Trigger on:Deflection Signal   >==2.000000 V

[Series layout]
Points Number=1024
Series Number=1
Trace Z Position, µm	Deflection Signal, V	Retrace Z Position, µm	Deflection Signal, V

[Data]
 -5.500000	  0.778156	  5.500000	  0.274784	  5.500000	  0.274784
 -5.489246	  0.761123	  5.489247	  0.274784	  5.489247	  0.274784
 -5.478493	  0.745916	  5.478494	  0.278130	  5.478494	  0.278130
 -5.467741	  0.739224	  5.467741	  0.276001	  5.467741	  0.276001
 -5.456988	  0.733141	  5.456988	  0.276305	  5.456988	  0.276305
 -5.446236	  0.723408	  5.446236	  0.276001	  5.446236	  0.276001
 -5.435483	  0.720975	  5.435483	  0.279955	  5.435483	  0.279955
 -5.424731	  0.712459	  5.424731	  0.278738	  5.424731	  0.278738
 -5.413978	  0.705463	  5.413978	  0.279346	  5.413978	  0.279346
 -5.403225	  0.705159	  5.403225	  0.282692	  5.403225	  0.282692
 -5.392472	  0.696035	  5.392473	  0.277521	  5.392473	  0.277521
 -5.381720	  0.694818	  5.381720	  0.280867	  5.381720	  0.280867
 -5.370967	  0.695731	  5.370967	  0.279955	  5.370967	  0.279955
 -5.360214	  0.689343	  5.360214	  0.284213	  5.360214	  0.284213
 -5.349462	  0.689647	  5.349462	  0.282084	  5.349462	  0.282084
 -5.338709	  0.685085	  5.338709	  0.286038	  5.338709	  0.286038
 -5.327956	  0.678394	  5.327956	  0.285429	  5.327956	  0.285429
 -5.317203	  0.677177	  5.317204	  0.284821	  5.317204	  0.284821
 -5.306451	  0.672615	  5.306451	  0.282692	  5.306451	  0.282692
 -5.295698	  0.674440	  5.295698	  0.286950	  5.295698	  0.286950
 -5.284945	  0.672311	  5.284946	  0.286038	  5.284946	  0.286038
 -5.274193	  0.666836	  5.274193	  0.283909	  5.274193	  0.283909
 -5.263441	  0.663186	  5.263441	  0.287254	  5.263441	  0.287254
 -5.252687	  0.666228	  5.252687	  0.285125	  5.252687	  0.285125
 -5.241934	  0.661970	  5.241934	  0.289079	  5.241934	  0.289079
 -5.231182	  0.663795	  5.231182	  0.285125	  5.231182	  0.285125
 -5.220429	  0.659536	  5.220429	  0.286950	  5.220429	  0.286950
 -5.209677	  0.656799	  5.209677	  0.291817	  5.209677	  0.291817
 -5.198924	  0.653758	  5.198924	  0.292121	  5.198924	  0.292121
 -5.188171	  0.657103	  5.188172	  0.289992	  5.188172	  0.289992
 -5.177419	  0.657103	  5.177419	  0.295466	  5.177419	  0.295466
 -5.166666	  0.651628	  5.166666	  0.289687	  5.166666	  0.289687
 -5.155913	  0.651324	  5.155913	  0.295466	  5.155913	  0.295466
 -5.145161	  0.646154	  5.145161	  0.295466	  5.145161	  0.295466
 -5.134408	  0.649195	  5.134408	  0.292729	  5.134408	  0.292729
 -5.123655	  0.651628	  5.123655	  0.295466	  5.123655	  0.295466
 -5.112902	  0.644937	  5.112903	  0.297900	  5.112903	  0.297900
 -5.102150	  0.645241	  5.102150	  0.299116	  5.102150	  0.299116
 -5.091397	  0.646458	  5.091397	  0.299116	  5.091397	  0.299116
 -5.080644	  0.640983	  5.080644	  0.303070	  5.080644	  0.303070
 -5.069892	  0.644329	  5.069891	  0.303070	  5.069891	  0.303070
 -5.059139	  0.645850	  5.059138	  0.300333	  5.059138	  0.300333
 -5.048387	  0.640071	  5.048386	  0.300333	  5.048386	  0.300333
 -5.037633	  0.644633	  5.037633	  0.301549	  5.037633	  0.301549
 -5.026881	  0.638246	  5.026881	  0.300333	  5.026881	  0.300333
 -5.016128	  0.640679	  5.016128	  0.302158	  5.016128	  0.302158
 -5.005376	  0.636421	  5.005376	  0.303983	  5.005376	  0.303983
 -4.994623	  0.632771	  4.994623	  0.303678	  4.994623	  0.303678
 -4.983871	  0.633684	  4.983871	  0.307328	  4.983871	  0.307328
 -4.973117	  0.635813	  4.973117	  0.305808	  4.973117	  0.305808
 -4.962365	  0.635508	  4.962365	  0.302158	  4.962365	  0.302158
 -4.951612	  0.632771	  4.951612	  0.305199	  4.951612	  0.305199
 -4.940859	  0.631554	  4.940859	  0.305503	  4.940859	  0.305503
 -4.930107	  0.635813	  4.930107	  0.305503	  4.930107	  0.305503
 -4.919354	  0.630642	  4.919354	  0.307024	  4.919354	  0.307024
 -4.908601	  0.631859	  4.908601	  0.310370	  4.908601	  0.310370
 -4.897849	  0.633379	  4.897849	  0.307024	  4.897849	  0.307024
 -4.887096	  0.633075	  4.887096	  0.304287	  4.887096	  0.304287
 -4.876343	  0.630034	  4.876343	  0.307937	  4.876343	  0.307937
 -4.865591	  0.628209	  4.865591	  0.310066	  4.865591	  0.310066
 -4.854838	  0.624863	  4.854837	  0.306720	  4.854837	  0.306720
 -4.844086	  0.625471	  4.844085	  0.309457	  4.844085	  0.309457
 -4.833333	  0.631859	  4.833333	  0.315540	  4.833333	  0.315540
 -4.822580	  0.626992	  4.822580	  0.314932	  4.822580	  0.314932
 -4.811827	  0.621517	  4.811827	  0.314932	  4.811827	  0.314932
 -4.801075	  0.622430	  4.801074	  0.316149	  4.801074	  0.316149
 -4.790322	  0.626384	  4.790322	  0.314628	  4.790322	  0.314628
 -4.779569	  0.629730	  4.779569	  0.315540	  4.779569	  0.315540
 -4.768816	  0.623951	  4.768816	  0.316149	  4.768816	  0.316149
 -4.758064	  0.622430	  4.758063	  0.317365	  4.758063	  0.317365
 -4.747311	  0.628817	  4.747311	  0.321015	  4.747311	  0.321015
 -4.736558	  0.619693	  4.736558	  0.316757	  4.736558	  0.316757
 -4.725806	  0.623951	  4.725806	  0.318886	  4.725806	  0.318886
 -4.715053	  0.622126	  4.715053	  0.323448	  4.715053	  0.323448
 -4.704301	  0.618476	  4.704300	  0.323448	  4.704300	  0.323448
 -4.693548	  0.624863	  4.693547	  0.326186	  4.693547	  0.326186
 -4.682795	  0.617259	  4.682795	  0.317669	  4.682795	  0.317669
 -4.672042	  0.616043	  4.672042	  0.320103	  4.672042	  0.320103
 -4.661289	  0.622430	  4.661289	  0.323448	  4.661289	  0.323448
 -4.650537	  0.619084	  4.650537	  0.321928	  4.650537	  0.321928
 -4.639784	  0.618476	  4.639784	  0.319494	  4.639784	  0.319494
 -4.629032	  0.620605	  4.629031	  0.320103	  4.629031	  0.320103
 -4.618279	  0.614522	  4.618279	  0.324057	  4.618279	  0.324057
 -4.607526	  0.620301	  4.607526	  0.323448	  4.607526	  0.323448
 -4.596773	  0.619388	  4.596773	  0.320103	  4.596773	  0.320103
 -4.586021	  0.617259	  4.586020	  0.323753	  4.586020	  0.323753
 -4.575268	  0.615434	  4.575268	  0.321928	  4.575268	  0.321928
 -4.564516	  0.617868	  4.564516	  0.318278	  4.564516	  0.318278
 -4.553763	  0.617868	  4.553762	  0.320103	  4.553762	  0.320103
 -4.543010	  0.613305	  4.543010	  0.319494	  4.543010	  0.319494
 -4.532258	  0.619084	  4.532257	  0.318886	  4.532257	  0.318886
 -4.521504	  0.614218	  4.521504	  0.317669	  4.521504	  0.317669
 -4.510752	  0.616651	  4.510752	  0.318582	  4.510752	  0.318582
 -4.500000	  0.617259	  4.499999	  0.314020	  4.499999	  0.314020
 -4.489246	  0.612393	  4.489246	  0.315845	  4.489246	  0.315845
 -4.478494	  0.614522	  4.478494	  0.315845	  4.478494	  0.315845
 -4.467741	  0.613305	  4.467741	  0.315845	  4.467741	  0.315845
 -4.456988	  0.611480	  4.456988	  0.309457	  4.456988	  0.309457
 -4.446236	  0.615130	  4.446236	  0.310066	  4.446236	  0.310066
 -4.435483	  0.614218	  4.435483	  0.310674	  4.435483	  0.310674
 -4.424731	  0.612697	  4.424730	  0.310978	  4.424730	  0.310978
 -4.413978	  0.610264	  4.413978	  0.309153	  4.413978	  0.309153
 -4.403225	  0.608439	  4.403225	  0.307632	  4.403225	  0.307632
 -4.392473	  0.609047	  4.392472	  0.306416	  4.392472	  0.306416
 -4.381720	  0.611176	  4.381719	  0.310978	  4.381719	  0.310978
 -4.370967	  0.610872	  4.370967	  0.307328	  4.370967	  0.307328
 -4.360214	  0.611480	  4.360214	  0.304591	  4.360214	  0.304591
 -4.349462	  0.605093	  4.349461	  0.310978	  4.349461	  0.310978
 -4.338709	  0.610568	  4.338708	  0.306720	  4.338708	  0.306720
 -4.327957	  0.610872	  4.327956	  0.307328	  4.327956	  0.307328
 -4.317204	  0.607526	  4.317203	  0.307024	  4.317203	  0.307024
 -4.306451	  0.607222	  4.306451	  0.308241	  4.306451	  0.308241
 -4.295698	  0.604789	  4.295698	  0.302766	  4.295698	  0.302766
 -4.284946	  0.599314	  4.284945	  0.307328	  4.284945	  0.307328
 -4.274193	  0.599314	  4.274192	  0.305503	  4.274192	  0.305503
 -4.263440	  0.602356	  4.263440	  0.305503	  4.263440	  0.305503
 -4.252687	  0.605093	  4.252687	  0.303070	  4.252687	  0.303070
 -4.241935	  0.604789	  4.241934	  0.302766	  4.241934	  0.302766
 -4.231182	  0.600227	  4.231182	  0.303983	  4.231182	  0.303983
 -4.220429	  0.601748	  4.220429	  0.303678	  4.220429	  0.303678
 -4.209677	  0.602052	  4.209676	  0.306416	  4.209676	  0.306416
 -4.198924	  0.598706	  4.198924	  0.296683	  4.198924	  0.296683
 -4.188171	  0.598706	  4.188171	  0.300637	  4.188171	  0.300637
 -4.177418	  0.597489	  4.177418	  0.299116	  4.177418	  0.299116
 -4.166666	  0.595665	  4.166666	  0.301245	  4.166666	  0.301245
 -4.155913	  0.592927	  4.155913	  0.305503	  4.155913	  0.305503
 -4.145161	  0.594752	  4.145161	  0.295771	  4.145161	  0.295771
 -4.134408	  0.595056	  4.134408	  0.302766	  4.134408	  0.302766
 -4.123655	  0.593535	  4.123655	  0.306112	  4.123655	  0.306112
 -4.112903	  0.596577	  4.112902	  0.299420	  4.112902	  0.299420
 -4.102150	  0.588973	  4.102149	  0.302766	  4.102149	  0.302766
 -4.091397	  0.583803	  4.091397	  0.298812	  4.091397	  0.298812
 -4.080645	  0.584411	  4.080644	  0.303374	  4.080644	  0.303374
 -4.069892	  0.590190	  4.069891	  0.307024	  4.069891	  0.307024
 -4.059139	  0.587757	  4.059139	  0.298204	  4.059139	  0.298204
 -4.048387	  0.579240	  4.048386	  0.302462	  4.048386	  0.302462
 -4.037633	  0.582282	  4.037633	  0.306720	  4.037633	  0.306720
 -4.026881	  0.579849	  4.026881	  0.306720	  4.026881	  0.306720
 -4.016129	  0.579849	  4.016128	  0.307024	  4.016128	  0.307024
 -4.005376	  0.581065	  4.005375	  0.306416	  4.005375	  0.306416
 -3.994623	  0.578024	  3.994622	  0.302766	  3.994622	  0.302766
 -3.983871	  0.576503	  3.983870	  0.307024	  3.983870	  0.307024
 -3.973118	  0.576503	  3.973117	  0.310978	  3.973117	  0.310978
 -3.962365	  0.576503	  3.962365	  0.311282	  3.962365	  0.311282
 -3.951612	  0.569507	  3.951612	  0.313715	  3.951612	  0.313715
 -3.940860	  0.572549	  3.940859	  0.313107	  3.940859	  0.313107
 -3.930107	  0.571941	  3.930106	  0.310978	  3.930106	  0.310978
 -3.919354	  0.570724	  3.919354	  0.315236	  3.919354	  0.315236
 -3.908602	  0.570724	  3.908601	  0.314932	  3.908601	  0.314932
 -3.897849	  0.563120	  3.897848	  0.314628	  3.897848	  0.314628
 -3.887096	  0.567683	  3.887096	  0.313715	  3.887096	  0.313715
 -3.876343	  0.564641	  3.876343	  0.316149	  3.876343	  0.316149
 -3.865591	  0.559775	  3.865591	  0.312803	  3.865591	  0.312803
 -3.854838	  0.555821	  3.854838	  0.321319	  3.854838	  0.321319
 -3.844085	  0.562208	  3.844085	  0.318886	  3.844085	  0.318886
 -3.833333	  0.558254	  3.833333	  0.320103	  3.833333	  0.320103
 -3.822580	  0.561295	  3.822580	  0.322536	  3.822580	  0.322536
 -3.811827	  0.556429	  3.811827	  0.325882	  3.811827	  0.325882
 -3.801075	  0.555516	  3.801074	  0.323448	  3.801074	  0.323448
 -3.790322	  0.551562	  3.790322	  0.320103	  3.790322	  0.320103
 -3.779569	  0.543046	  3.779569	  0.326186	  3.779569	  0.326186
 -3.768817	  0.545175	  3.768816	  0.323448	  3.768816	  0.323448
 -3.758064	  0.547000	  3.758063	  0.324969	  3.758063	  0.324969
 -3.747311	  0.543655	  3.747311	  0.330444	  3.747311	  0.330444
 -3.736558	  0.545175	  3.736558	  0.328315	  3.736558	  0.328315
 -3.725806	  0.539701	  3.725806	  0.335919	  3.725806	  0.335919
 -3.715053	  0.538180	  3.715053	  0.338048	  3.715053	  0.338048
 -3.704300	  0.541830	  3.704300	  0.335614	  3.704300	  0.335614
 -3.693548	  0.539396	  3.693547	  0.333790	  3.693547	  0.333790
 -3.682795	  0.531184	  3.682795	  0.338048	  3.682795	  0.338048
 -3.672042	  0.533009	  3.672042	  0.336527	  3.672042	  0.336527
 -3.661290	  0.531793	  3.661289	  0.343827	  3.661289	  0.343827
 -3.650537	  0.526318	  3.650537	  0.341697	  3.650537	  0.341697
 -3.639784	  0.527534	  3.639784	  0.345651	  3.639784	  0.345651
 -3.629032	  0.524493	  3.629031	  0.349301	  3.629031	  0.349301
 -3.618279	  0.522668	  3.618278	  0.345651	  3.618278	  0.345651
 -3.607526	  0.516889	  3.607526	  0.351430	  3.607526	  0.351430
 -3.596773	  0.515977	  3.596773	  0.350214	  3.596773	  0.350214
 -3.586021	  0.516281	  3.586021	  0.357513	  3.586021	  0.357513
 -3.575268	  0.513239	  3.575268	  0.357209	  3.575268	  0.357209
 -3.564516	  0.509894	  3.564515	  0.352647	  3.564515	  0.352647
 -3.553763	  0.504419	  3.553762	  0.353255	  3.553762	  0.353255
 -3.543010	  0.507460	  3.543010	  0.364813	  3.543010	  0.364813
 -3.532257	  0.509894	  3.532257	  0.362684	  3.532257	  0.362684
 -3.521505	  0.499552	  3.521504	  0.361163	  3.521504	  0.361163
 -3.510752	  0.498640	  3.510751	  0.369071	  3.510751	  0.369071
 -3.499999	  0.497728	  3.499999	  0.368463	  3.499999	  0.368463
 -3.489246	  0.497728	  3.489246	  0.371200	  3.489246	  0.371200
 -3.478494	  0.495294	  3.478493	  0.370288	  3.478493	  0.370288
 -3.467741	  0.496511	  3.467741	  0.370288	  3.467741	  0.370288
 -3.456989	  0.490732	  3.456988	  0.369984	  3.456988	  0.369984
 -3.446235	  0.487995	  3.446236	  0.376979	  3.446236	  0.376979
 -3.435483	  0.488299	  3.435483	  0.375763	  3.435483	  0.375763
 -3.424730	  0.485561	  3.424730	  0.373938	  3.424730	  0.373938
 -3.413978	  0.484345	  3.413978	  0.384279	  3.413978	  0.384279
 -3.403225	  0.478870	  3.403225	  0.384279	  3.403225	  0.384279
 -3.392472	  0.480087	  3.392472	  0.386408	  3.392472	  0.386408
 -3.381720	  0.476133	  3.381720	  0.385495	  3.381720	  0.385495
 -3.370967	  0.480391	  3.370967	  0.387320	  3.370967	  0.387320
 -3.360214	  0.470658	  3.360214	  0.386104	  3.360214	  0.386104
 -3.349462	  0.472179	  3.349462	  0.392795	  3.349462	  0.392795
 -3.338709	  0.467921	  3.338708	  0.394316	  3.338708	  0.394316
 -3.327956	  0.467312	  3.327956	  0.398878	  3.327956	  0.398878
 -3.317204	  0.467921	  3.317203	  0.392491	  3.317203	  0.392491
 -3.306451	  0.460317	  3.306451	  0.401920	  3.306451	  0.401920
 -3.295698	  0.460925	  3.295698	  0.404657	  3.295698	  0.404657
 -3.284945	  0.455755	  3.284945	  0.405874	  3.284945	  0.405874
 -3.274193	  0.456363	  3.274193	  0.404049	  3.274193	  0.404049
 -3.263440	  0.452409	  3.263440	  0.407090	  3.263440	  0.407090
 -3.252687	  0.449976	  3.252687	  0.410740	  3.252687	  0.410740
 -3.241935	  0.452105	  3.241935	  0.413782	  3.241935	  0.413782
 -3.231182	  0.447542	  3.231182	  0.412565	  3.231182	  0.412565
 -3.220429	  0.445413	  3.220429	  0.414998	  3.220429	  0.414998
 -3.209677	  0.438722	  3.209677	  0.418040	  3.209677	  0.418040
 -3.198924	  0.442980	  3.198924	  0.417431	  3.198924	  0.417431
 -3.188171	  0.433247	  3.188171	  0.414390	  3.188171	  0.414390
 -3.177419	  0.434768	  3.177418	  0.422298	  3.177418	  0.422298
 -3.166666	  0.432031	  3.166666	  0.421385	  3.166666	  0.421385
 -3.155913	  0.435072	  3.155913	  0.423210	  3.155913	  0.423210
 -3.145160	  0.431727	  3.145160	  0.421081	  3.145160	  0.421081
 -3.134408	  0.430510	  3.134408	  0.424731	  3.134408	  0.424731
 -3.123655	  0.426556	  3.123655	  0.428685	  3.123655	  0.428685
 -3.112902	  0.424731	  3.112902	  0.430510	  3.112902	  0.430510
 -3.102150	  0.424123	  3.102150	  0.434464	  3.102150	  0.434464
 -3.091397	  0.422906	  3.091397	  0.434464	  3.091397	  0.434464
 -3.080644	  0.420473	  3.080644	  0.430206	  3.080644	  0.430206
 -3.069891	  0.418952	  3.069891	  0.437201	  3.069891	  0.437201
 -3.059139	  0.416215	  3.059139	  0.434160	  3.059139	  0.434160
 -3.048386	  0.416519	  3.048386	  0.432335	  3.048386	  0.432335
 -3.037634	  0.408915	  3.037633	  0.433856	  3.037633	  0.433856
 -3.026881	  0.412565	  3.026881	  0.440547	  3.026881	  0.440547
 -3.016128	  0.410436	  3.016128	  0.439330	  3.016128	  0.439330
 -3.005375	  0.413173	  0.000000	  0.000000	  3.005375	  0.436593
 -2.994623	  0.407698	  0.000000	  0.000000	  2.994623	  0.439026
 -2.983870	  0.408003	  0.000000	  0.000000	  2.983870	  0.442068
 -2.973117	  0.406786	  0.000000	  0.000000	  2.973117	  0.438418
 -2.962365	  0.401311	  0.000000	  0.000000	  2.962365	  0.443588
 -2.951612	  0.394620	  0.000000	  0.000000	  2.951612	  0.445413
 -2.940859	  0.402832	  0.000000	  0.000000	  2.940859	  0.446326
 -2.930107	  0.393099	  0.000000	  0.000000	  2.930107	  0.442676
 -2.919354	  0.396749	  0.000000	  0.000000	  2.919353	  0.443588
 -2.908602	  0.393099	  0.000000	  0.000000	  2.908601	  0.445718
 -2.897849	  0.393099	  0.000000	  0.000000	  2.897848	  0.448759
 -2.887096	  0.395532	  0.000000	  0.000000	  2.887096	  0.444197
 -2.876343	  0.396749	  0.000000	  0.000000	  2.876343	  0.443588
 -2.865591	  0.397966	  0.000000	  0.000000	  2.865591	  0.451496
 -2.854838	  0.393403	  0.000000	  0.000000	  2.854838	  0.445109
 -2.844085	  0.391274	  0.000000	  0.000000	  2.844085	  0.444501
 -2.833332	  0.388233	  0.000000	  0.000000	  2.833333	  0.444197
 -2.822580	  0.390362	  0.000000	  0.000000	  2.822580	  0.447542
 -2.811827	  0.390362	  0.000000	  0.000000	  2.811827	  0.446630
 -2.801074	  0.383366	  0.000000	  0.000000	  2.801074	  0.444805
 -2.790322	  0.382454	  0.000000	  0.000000	  2.790322	  0.448455
 -2.779569	  0.386104	  0.000000	  0.000000	  2.779569	  0.444805
 -2.768816	  0.390362	  0.000000	  0.000000	  2.768816	  0.442980
 -2.758064	  0.387624	  0.000000	  0.000000	  2.758064	  0.445718
 -2.747311	  0.384887	  0.000000	  0.000000	  2.747311	  0.444805
 -2.736558	  0.385191	  0.000000	  0.000000	  2.736558	  0.446326
 -2.725805	  0.380325	  0.000000	  0.000000	  2.725806	  0.446934
 -2.715053	  0.384583	  0.000000	  0.000000	  2.715053	  0.451192
 -2.704300	  0.386104	  0.000000	  0.000000	  2.704300	  0.441155
 -2.693547	  0.385800	  0.000000	  0.000000	  2.693548	  0.439939
 -2.682795	  0.380933	  0.000000	  0.000000	  2.682795	  0.436897
 -2.672042	  0.383062	  0.000000	  0.000000	  2.672042	  0.440243
 -2.661289	  0.385800	  0.000000	  0.000000	  2.661289	  0.439939
 -2.650537	  0.388841	  0.000000	  0.000000	  2.650537	  0.438114
 -2.639784	  0.386104	  0.000000	  0.000000	  2.639784	  0.435985
 -2.629031	  0.385800	  0.000000	  0.000000	  2.629031	  0.439026
 -2.618279	  0.383670	  0.000000	  0.000000	  2.618279	  0.429597
 -2.607526	  0.386408	  0.000000	  0.000000	  2.607526	  0.430206
 -2.596773	  0.378196	  0.000000	  0.000000	  2.596773	  0.435376
 -2.586020	  0.383366	  0.000000	  0.000000	  2.586020	  0.429597
 -2.575268	  0.386408	  0.000000	  0.000000	  2.575268	  0.429597
 -2.564515	  0.383670	  0.000000	  0.000000	  2.564515	  0.426860
 -2.553762	  0.382758	  0.000000	  0.000000	  2.553763	  0.430206
 -2.543010	  0.383670	  0.000000	  0.000000	  2.543010	  0.425339
 -2.532257	  0.378500	  0.000000	  0.000000	  2.532257	  0.426252
 -2.521504	  0.387624	  0.000000	  0.000000	  2.521505	  0.419560
 -2.510751	  0.384279	  0.000000	  0.000000	  2.510752	  0.419865
 -2.499999	  0.386712	  0.000000	  0.000000	  2.500000	  0.421081
 -2.489246	  0.389449	  0.000000	  0.000000	  2.489247	  0.418040
 -2.478493	  0.389449	  0.000000	  0.000000	  2.478494	  0.418648
 -2.467741	  0.388537	  0.000000	  0.000000	  2.467741	  0.413173
 -2.456988	  0.392491	  0.000000	  0.000000	  2.456989	  0.414086
 -2.446236	  0.387016	  0.000000	  0.000000	  2.446236	  0.409523
 -2.435483	  0.392491	  0.000000	  0.000000	  2.435483	  0.404049
 -2.424730	  0.390362	  0.000000	  0.000000	  2.424730	  0.405265
 -2.413977	  0.390666	  0.000000	  0.000000	  2.413978	  0.404049
 -2.403225	  0.393707	  0.000000	  0.000000	  2.403225	  0.405874
 -2.392472	  0.391883	  0.000000	  0.000000	  2.392473	  0.404353
 -2.381719	  0.391578	  0.000000	  0.000000	  2.381720	  0.398878
 -2.370967	  0.390666	  0.000000	  0.000000	  2.370967	  0.404049
 -2.360214	  0.394316	  0.000000	  0.000000	  2.360214	  0.402528
 -2.349461	  0.394316	  0.000000	  0.000000	  2.349462	  0.396749
 -2.338709	  0.395228	  0.000000	  0.000000	  2.338709	  0.399486
 -2.327956	  0.401311	  0.000000	  0.000000	  2.327956	  0.395532
 -2.317203	  0.399182	  0.000000	  0.000000	  2.317204	  0.399791
 -2.306451	  0.391578	  0.000000	  0.000000	  2.306451	  0.388537
 -2.295698	  0.399791	  0.000000	  0.000000	  2.295698	  0.389449
 -2.284945	  0.396445	  0.000000	  0.000000	  2.284945	  0.391883
 -2.274193	  0.396749	  0.000000	  0.000000	  2.274193	  0.389449
 -2.263440	  0.400095	  0.000000	  0.000000	  2.263440	  0.392187
 -2.252687	  0.398270	  0.000000	  0.000000	  2.252687	  0.382758
 -2.241934	  0.401615	  0.000000	  0.000000	  2.241935	  0.385495
 -2.231182	  0.398270	  0.000000	  0.000000	  2.231182	  0.383366
 -2.220429	  0.400703	  0.000000	  0.000000	  2.220429	  0.383366
 -2.209676	  0.402832	  0.000000	  0.000000	  2.209677	  0.378500
 -2.198924	  0.403440	  0.000000	  0.000000	  2.198924	  0.379108
 -2.188171	  0.402832	  0.000000	  0.000000	  2.188171	  0.381237
 -2.177418	  0.402832	  0.000000	  0.000000	  2.177419	  0.377587
 -2.166666	  0.405569	  0.000000	  0.000000	  2.166666	  0.374242
 -2.155913	  0.404657	  0.000000	  0.000000	  2.155913	  0.379108
 -2.145160	  0.400095	  0.000000	  0.000000	  2.145161	  0.371200
 -2.134408	  0.402528	  0.000000	  0.000000	  2.134408	  0.377587
 -2.123655	  0.404049	  0.000000	  0.000000	  2.123655	  0.376979
 -2.112902	  0.402224	  0.000000	  0.000000	  2.112902	  0.373633
 -2.102149	  0.400399	  0.000000	  0.000000	  2.102150	  0.370592
 -2.091397	  0.405265	  0.000000	  0.000000	  2.091397	  0.373329
 -2.080644	  0.400399	  0.000000	  0.000000	  2.080644	  0.370896
 -2.069891	  0.404049	  0.000000	  0.000000	  2.069892	  0.374546
 -2.059139	  0.397966	  0.000000	  0.000000	  2.059139	  0.374850
 -2.048386	  0.403440	  0.000000	  0.000000	  2.048386	  0.369984
 -2.037633	  0.396141	  0.000000	  0.000000	  2.037634	  0.373329
 -2.026881	  0.404657	  0.000000	  0.000000	  2.026881	  0.367550
 -2.016128	  0.404657	  0.000000	  0.000000	  2.016129	  0.366030
 -2.005375	  0.404049	  0.000000	  0.000000	  2.005376	  0.371504
 -1.994623	  0.402832	  0.000000	  0.000000	  1.994623	  0.373633
 -1.983870	  0.405569	  0.000000	  0.000000	  1.983870	  0.370592
 -1.973117	  0.406482	  0.000000	  0.000000	  1.973118	  0.369984
 -1.962365	  0.402528	  0.000000	  0.000000	  1.962365	  0.370592
 -1.951612	  0.398270	  0.000000	  0.000000	  1.951612	  0.369375
 -1.940859	  0.396445	  0.000000	  0.000000	  1.940859	  0.371200
 -1.930106	  0.396749	  0.000000	  0.000000	  1.930107	  0.369679
 -1.919354	  0.403136	  0.000000	  0.000000	  1.919354	  0.371809
 -1.908601	  0.397661	  0.000000	  0.000000	  1.908601	  0.373633
 -1.897848	  0.402224	  0.000000	  0.000000	  1.897849	  0.373938
 -1.887096	  0.397966	  0.000000	  0.000000	  1.887096	  0.373329
 -1.876343	  0.395837	  0.000000	  0.000000	  1.876343	  0.377892
 -1.865590	  0.397357	  0.000000	  0.000000	  1.865591	  0.374546
 -1.854838	  0.398270	  0.000000	  0.000000	  1.854838	  0.374850
 -1.844085	  0.394012	  0.000000	  0.000000	  1.844085	  0.382150
 -1.833332	  0.391274	  0.000000	  0.000000	  1.833333	  0.376067
 -1.822580	  0.397966	  0.000000	  0.000000	  1.822580	  0.379716
 -1.811827	  0.393099	  0.000000	  0.000000	  1.811827	  0.379412
 -1.801074	  0.389754	  0.000000	  0.000000	  1.801075	  0.378804
 -1.790321	  0.388537	  0.000000	  0.000000	  1.790322	  0.376371
 -1.779569	  0.387624	  0.000000	  0.000000	  1.779569	  0.381846
 -1.768816	  0.385800	  0.000000	  0.000000	  1.768816	  0.382150
 -1.758063	  0.388841	  0.000000	  0.000000	  1.758064	  0.383062
 -1.747311	  0.386408	  0.000000	  0.000000	  1.747311	  0.381846
 -1.736558	  0.382758	  0.000000	  0.000000	  1.736559	  0.382454
 -1.725805	  0.385800	  0.000000	  0.000000	  1.725806	  0.384887
 -1.715053	  0.382758	  0.000000	  0.000000	  1.715053	  0.386712
 -1.704300	  0.379108	  0.000000	  0.000000	  1.704300	  0.390058
 -1.693547	  0.375154	  0.000000	  0.000000	  1.693548	  0.390362
 -1.682795	  0.376371	  0.000000	  0.000000	  1.682795	  0.391883
 -1.672042	  0.371504	  0.000000	  0.000000	  1.672042	  0.390666
 -1.661289	  0.369984	  0.000000	  0.000000	  1.661290	  0.393099
 -1.650537	  0.376371	  0.000000	  0.000000	  1.650537	  0.399182
 -1.639784	  0.369375	  0.000000	  0.000000	  1.639784	  0.396141
 -1.629031	  0.371504	  0.000000	  0.000000	  1.629032	  0.400095
 -1.618279	  0.373025	  0.000000	  0.000000	  1.618279	  0.399791
 -1.607526	  0.359642	  0.000000	  0.000000	  1.607526	  0.401311
 -1.596773	  0.360251	  0.000000	  0.000000	  1.596774	  0.400703
 -1.586021	  0.361163	  0.000000	  0.000000	  1.586021	  0.402528
 -1.575268	  0.359947	  0.000000	  0.000000	  1.575268	  0.403745
 -1.564515	  0.366030	  0.000000	  0.000000	  1.564515	  0.405874
 -1.553763	  0.359034	  0.000000	  0.000000	  1.553763	  0.407698
 -1.543010	  0.356297	  0.000000	  0.000000	  1.543010	  0.413477
 -1.532257	  0.355384	  0.000000	  0.000000	  1.532257	  0.410132
 -1.521504	  0.352343	  0.000000	  0.000000	  1.521505	  0.411044
 -1.510752	  0.350822	  0.000000	  0.000000	  1.510752	  0.412261
 -1.499999	  0.349605	  0.000000	  0.000000	  1.499999	  0.413782
 -1.489246	  0.352039	  0.000000	  0.000000	  1.489247	  0.416519
 -1.478494	  0.339264	  0.000000	  0.000000	  1.478494	  0.416823
 -1.467741	  0.346868	  0.000000	  0.000000	  1.467741	  0.417431
 -1.456988	  0.338048	  0.000000	  0.000000	  1.456989	  0.419560
 -1.446236	  0.338656	  0.000000	  0.000000	  1.446236	  0.422602
 -1.435483	  0.335614	  0.000000	  0.000000	  1.435483	  0.424731
 -1.424730	  0.337744	  0.000000	  0.000000	  1.424730	  0.419865
 -1.413978	  0.333485	  0.000000	  0.000000	  1.413978	  0.432943
 -1.403225	  0.335310	  0.000000	  0.000000	  1.403225	  0.433247
 -1.392472	  0.336831	  0.000000	  0.000000	  1.392472	  0.426860
 -1.381719	  0.328923	  0.000000	  0.000000	  1.381720	  0.430206
 -1.370967	  0.326490	  0.000000	  0.000000	  1.370967	  0.435376
 -1.360214	  0.323753	  0.000000	  0.000000	  1.360214	  0.438114
 -1.349461	  0.323144	  0.000000	  0.000000	  1.349462	  0.436289
 -1.338709	  0.321623	  0.000000	  0.000000	  1.338709	  0.440851
 -1.327956	  0.314628	  0.000000	  0.000000	  1.327956	  0.443284
 -1.317203	  0.319494	  0.000000	  0.000000	  1.317204	  0.443284
 -1.306451	  0.316149	  0.000000	  0.000000	  1.306451	  0.438722
 -1.295698	  0.314932	  0.000000	  0.000000	  1.295698	  0.446022
 -1.284945	  0.309762	  0.000000	  0.000000	  1.284945	  0.442980
 -1.274193	  0.310674	  0.000000	  0.000000	  1.274193	  0.446630
 -1.263440	  0.310370	  0.000000	  0.000000	  1.263440	  0.450584
 -1.252687	  0.305503	  0.000000	  0.000000	  1.252687	  0.451801
 -1.241934	  0.301549	  0.000000	  0.000000	  1.241935	  0.447542
 -1.231182	  0.297291	  0.000000	  0.000000	  1.231182	  0.453321
 -1.220429	  0.305199	  0.000000	  0.000000	  1.220429	  0.452409
 -1.209676	  0.303678	  0.000000	  0.000000	  1.209677	  0.453930
 -1.198924	  0.293641	  0.000000	  0.000000	  1.198924	  0.457579
 -1.188171	  0.295466	  0.000000	  0.000000	  1.188171	  0.457579
 -1.177418	  0.293946	  0.000000	  0.000000	  1.177418	  0.458188
 -1.166666	  0.292121	  0.000000	  0.000000	  1.166666	  0.463054
 -1.155913	  0.291817	  0.000000	  0.000000	  1.155913	  0.455146
 -1.145160	  0.287558	  0.000000	  0.000000	  1.145160	  0.460925
 -1.134408	  0.289383	  0.000000	  0.000000	  1.134408	  0.456667
 -1.123655	  0.282996	  0.000000	  0.000000	  1.123655	  0.466704
 -1.112902	  0.276305	  0.000000	  0.000000	  1.112903	  0.463662
 -1.102149	  0.282084	  0.000000	  0.000000	  1.102150	  0.464879
 -1.091397	  0.283604	  0.000000	  0.000000	  1.091397	  0.467921
 -1.080644	  0.278130	  0.000000	  0.000000	  1.080644	  0.468225
 -1.069891	  0.276001	  0.000000	  0.000000	  1.069892	  0.463967
 -1.059139	  0.276305	  0.000000	  0.000000	  1.059139	  0.469137
 -1.048386	  0.276609	  0.000000	  0.000000	  1.048386	  0.464271
 -1.037633	  0.270830	  0.000000	  0.000000	  1.037634	  0.472483
 -1.026881	  0.264747	  0.000000	  0.000000	  1.026881	  0.463054
 -1.016128	  0.268093	  0.000000	  0.000000	  1.016128	  0.468225
 -1.005375	  0.260793	  0.000000	  0.000000	  1.005376	  0.472179
 -0.994623	  0.264443	  0.000000	  0.000000	  0.994623	  0.471266
 -0.983870	  0.253189	  0.000000	  0.000000	  0.983870	  0.467921
 -0.973117	  0.258360	  0.000000	  0.000000	  0.973118	  0.468833
 -0.962364	  0.256231	  0.000000	  0.000000	  0.962365	  0.468225
 -0.951612	  0.255622	  0.000000	  0.000000	  0.951612	  0.473091
 -0.940859	  0.255318	  0.000000	  0.000000	  0.940859	  0.469746
 -0.930106	  0.255318	  0.000000	  0.000000	  0.930107	  0.467616
 -0.919354	  0.250756	  0.000000	  0.000000	  0.919354	  0.476437
 -0.908601	  0.250148	  0.000000	  0.000000	  0.908601	  0.474612
 -0.897848	  0.244673	  0.000000	  0.000000	  0.897849	  0.467312
 -0.887096	  0.248323	  0.000000	  0.000000	  0.887096	  0.468225
 -0.876343	  0.246498	  0.000000	  0.000000	  0.876343	  0.467616
 -0.865590	  0.242544	  0.000000	  0.000000	  0.865591	  0.470962
 -0.854838	  0.246194	  0.000000	  0.000000	  0.854838	  0.463662
 -0.844085	  0.244673	  0.000000	  0.000000	  0.844085	  0.468529
 -0.833332	  0.242240	  0.000000	  0.000000	  0.833333	  0.469137
 -0.822580	  0.237982	  0.000000	  0.000000	  0.822580	  0.468833
 -0.811827	  0.245281	  0.000000	  0.000000	  0.811827	  0.462750
 -0.801074	  0.238286	  0.000000	  0.000000	  0.801075	  0.467921
 -0.790322	  0.243456	  0.000000	  0.000000	  0.790322	  0.468225
 -0.779569	  0.241023	  0.000000	  0.000000	  0.779569	  0.467921
 -0.768816	  0.233724	  0.000000	  0.000000	  0.768816	  0.462446
 -0.758063	  0.238590	  0.000000	  0.000000	  0.758064	  0.463662
 -0.747311	  0.237982	  0.000000	  0.000000	  0.747311	  0.460621
 -0.736558	  0.235244	  0.000000	  0.000000	  0.736558	  0.456971
 -0.725805	  0.238286	  0.000000	  0.000000	  0.725806	  0.457884
 -0.715053	  0.237373	  0.000000	  0.000000	  0.715053	  0.455755
 -0.704300	  0.237373	  0.000000	  0.000000	  0.704300	  0.453625
 -0.693547	  0.232203	  0.000000	  0.000000	  0.693548	  0.458796
 -0.682795	  0.232507	  0.000000	  0.000000	  0.682795	  0.452409
 -0.672042	  0.233419	  0.000000	  0.000000	  0.672042	  0.448151
 -0.661289	  0.233419	  0.000000	  0.000000	  0.661290	  0.450280
 -0.650537	  0.239502	  0.000000	  0.000000	  0.650537	  0.449367
 -0.639784	  0.233724	  0.000000	  0.000000	  0.639784	  0.446934
 -0.629031	  0.229465	  0.000000	  0.000000	  0.629032	  0.445109
 -0.618279	  0.230378	  0.000000	  0.000000	  0.618279	  0.442676
 -0.607526	  0.232507	  0.000000	  0.000000	  0.607526	  0.441764
 -0.596773	  0.230682	  0.000000	  0.000000	  0.596773	  0.439939
 -0.586020	  0.235548	  0.000000	  0.000000	  0.586021	  0.443284
 -0.575268	  0.237069	  0.000000	  0.000000	  0.575268	  0.439330
 -0.564515	  0.237982	  0.000000	  0.000000	  0.564515	  0.432943
 -0.553762	  0.234636	  0.000000	  0.000000	  0.553763	  0.433856
 -0.543010	  0.237982	  0.000000	  0.000000	  0.543010	  0.437201
 -0.532257	  0.235548	  0.000000	  0.000000	  0.532257	  0.426252
 -0.521504	  0.234940	  0.000000	  0.000000	  0.521505	  0.428685
 -0.510752	  0.241327	  0.000000	  0.000000	  0.510752	  0.425339
 -0.499999	  0.241631	  0.000000	  0.000000	  0.499999	  0.422602
 -0.489246	  0.238286	  0.000000	  0.000000	  0.489247	  0.427468
 -0.478494	  0.241023	  0.000000	  0.000000	  0.478494	  0.420777
 -0.467741	  0.240719	  0.000000	  0.000000	  0.467741	  0.418344
 -0.456988	  0.242544	  0.000000	  0.000000	  0.456988	  0.411957
 -0.446235	  0.243152	  0.000000	  0.000000	  0.446236	  0.416215
 -0.435483	  0.246498	  0.000000	  0.000000	  0.435483	  0.416215
 -0.424730	  0.244977	  0.000000	  0.000000	  0.424730	  0.405265
 -0.413977	  0.246802	  0.000000	  0.000000	  0.413978	  0.411348
 -0.403225	  0.245585	  0.000000	  0.000000	  0.403225	  0.411957
 -0.392472	  0.252581	  0.000000	  0.000000	  0.392472	  0.410132
 -0.381719	  0.248931	  0.000000	  0.000000	  0.381720	  0.410132
 -0.370967	  0.250756	  0.000000	  0.000000	  0.370967	  0.404049
 -0.360214	  0.252277	  0.000000	  0.000000	  0.360214	  0.402224
 -0.349461	  0.251364	  0.000000	  0.000000	  0.349462	  0.402832
 -0.338709	  0.246498	  0.000000	  0.000000	  0.338709	  0.401615
 -0.327956	  0.250148	  0.000000	  0.000000	  0.327956	  0.396749
 -0.317203	  0.257447	  0.000000	  0.000000	  0.317203	  0.396749
 -0.306451	  0.255622	  0.000000	  0.000000	  0.306451	  0.397661
 -0.295698	  0.259881	  0.000000	  0.000000	  0.295698	  0.397357
 -0.284945	  0.256535	  0.000000	  0.000000	  0.284945	  0.395228
 -0.274192	  0.262314	  0.000000	  0.000000	  0.274193	  0.392795
 -0.263440	  0.260185	  0.000000	  0.000000	  0.263440	  0.391274
 -0.252687	  0.265964	  0.000000	  0.000000	  0.252687	  0.389145
 -0.241934	  0.259272	  0.000000	  0.000000	  0.241935	  0.389449
 -0.231182	  0.259881	  0.000000	  0.000000	  0.231182	  0.385800
 -0.220429	  0.265051	  0.000000	  0.000000	  0.220429	  0.386408
 -0.209676	  0.267484	  0.000000	  0.000000	  0.209677	  0.387016
 -0.198924	  0.263835	  0.000000	  0.000000	  0.198924	  0.387624
 -0.188171	  0.269613	  0.000000	  0.000000	  0.188171	  0.388537
 -0.177418	  0.271438	  0.000000	  0.000000	  0.177419	  0.388841
 -0.166666	  0.266572	  0.000000	  0.000000	  0.166666	  0.384583
 -0.155913	  0.272655	  0.000000	  0.000000	  0.155913	  0.389145
 -0.145160	  0.263835	  0.000000	  0.000000	  0.145160	  0.385191
 -0.134408	  0.272351	  0.000000	  0.000000	  0.134408	  0.382454
 -0.123655	  0.279042	  0.000000	  0.000000	  0.123655	  0.382758
 -0.112902	  0.271743	  0.000000	  0.000000	  0.112902	  0.389145
 -0.102149	  0.276001	  0.000000	  0.000000	  0.102150	  0.380933
 -0.091397	  0.279346	  0.000000	  0.000000	  0.091397	  0.383366
 -0.080644	  0.279042	  0.000000	  0.000000	  0.080644	  0.387929
 -0.069891	  0.278738	  0.000000	  0.000000	  0.069892	  0.386712
 -0.059139	  0.272959	  0.000000	  0.000000	  0.059139	  0.389145
 -0.048386	  0.280867	  0.000000	  0.000000	  0.048386	  0.381541
 -0.037633	  0.277521	  0.000000	  0.000000	  0.037634	  0.383670
 -0.026881	  0.280867	  0.000000	  0.000000	  0.026881	  0.390666
 -0.016128	  0.280867	  0.000000	  0.000000	  0.016128	  0.387624
 -0.005375	  0.279346	  0.000000	  0.000000	  0.005376	  0.387929
  0.005377	  0.279042	  0.000000	  0.000000	 -0.005377	  0.389449
  0.016130	  0.279346	  0.000000	  0.000000	 -0.016130	  0.388841
  0.026883	  0.281780	  0.000000	  0.000000	 -0.026883	  0.387016
  0.037635	  0.278434	  0.000000	  0.000000	 -0.037635	  0.385800
  0.048388	  0.278738	  0.000000	  0.000000	 -0.048388	  0.387016
  0.059141	  0.282388	  0.000000	  0.000000	 -0.059141	  0.388233
  0.069894	  0.278434	  0.000000	  0.000000	 -0.069893	  0.396445
  0.080646	  0.277826	  0.000000	  0.000000	 -0.080646	  0.391274
  0.091399	  0.279955	  0.000000	  0.000000	 -0.091399	  0.391883
  0.102152	  0.276913	  0.000000	  0.000000	 -0.102151	  0.394316
  0.112904	  0.271438	  0.000000	  0.000000	 -0.112904	  0.395837
  0.123657	  0.276001	  0.000000	  0.000000	 -0.123657	  0.397053
  0.134410	  0.281171	  0.000000	  0.000000	 -0.134409	  0.401615
  0.145162	  0.274480	  0.000000	  0.000000	 -0.145162	  0.399182
  0.155915	  0.277521	  0.000000	  0.000000	 -0.155915	  0.404657
  0.166668	  0.276609	  0.000000	  0.000000	 -0.166667	  0.404961
  0.177420	  0.270526	  0.000000	  0.000000	 -0.177420	  0.411957
  0.188173	  0.271438	  0.000000	  0.000000	 -0.188173	  0.406482
  0.198926	  0.277826	  0.000000	  0.000000	 -0.198926	  0.407090
  0.209679	  0.276305	  0.000000	  0.000000	 -0.209678	  0.404657
  0.220431	  0.275088	  0.000000	  0.000000	 -0.220431	  0.411348
  0.231184	  0.272047	  0.000000	  0.000000	 -0.231184	  0.410436
  0.241937	  0.273872	  0.000000	  0.000000	 -0.241936	  0.410740
  0.252689	  0.268093	  0.000000	  0.000000	 -0.252689	  0.411652
  0.263442	  0.268093	  0.000000	  0.000000	 -0.263442	  0.417127
  0.274195	  0.266572	  0.000000	  0.000000	 -0.274194	  0.419560
  0.284947	  0.268397	  0.000000	  0.000000	 -0.284947	  0.412869
  0.295700	  0.267484	  0.000000	  0.000000	 -0.295700	  0.417431
  0.306453	  0.263835	  0.000000	  0.000000	 -0.306452	  0.413782
  0.317205	  0.259272	  0.000000	  0.000000	 -0.317205	  0.426860
  0.327958	  0.256231	  0.000000	  0.000000	 -0.327958	  0.425948
  0.338711	  0.258056	  0.000000	  0.000000	 -0.338711	  0.421994
  0.349463	  0.259881	  0.000000	  0.000000	 -0.349463	  0.432335
  0.360216	  0.258056	  0.000000	  0.000000	 -0.360216	  0.432335
  0.370969	  0.254406	  0.000000	  0.000000	 -0.370969	  0.431118
  0.381722	  0.253189	  0.000000	  0.000000	 -0.381721	  0.436897
  0.392474	  0.251973	  0.000000	  0.000000	 -0.392474	  0.434160
  0.403227	  0.250756	  0.000000	  0.000000	 -0.403227	  0.437810
  0.413980	  0.254710	  0.000000	  0.000000	 -0.413979	  0.431727
  0.424732	  0.247714	  0.000000	  0.000000	 -0.424732	  0.434464
  0.435485	  0.248931	  0.000000	  0.000000	 -0.435485	  0.442676
  0.446238	  0.248931	  0.000000	  0.000000	 -0.446237	  0.439939
  0.456990	  0.243152	  0.000000	  0.000000	 -0.456990	  0.446022
  0.467743	  0.250452	  0.000000	  0.000000	 -0.467743	  0.446630
  0.478496	  0.242848	  0.000000	  0.000000	 -0.478495	  0.442980
  0.489248	  0.241023	  0.000000	  0.000000	 -0.489248	  0.448455
  0.500001	  0.233724	  0.000000	  0.000000	 -0.500001	  0.450584
  0.510754	  0.235853	  0.000000	  0.000000	 -0.510754	  0.449976
  0.521507	  0.235548	  0.000000	  0.000000	 -0.521506	  0.453625
  0.532259	  0.235853	  0.000000	  0.000000	 -0.532259	  0.456363
  0.543012	  0.230986	  0.000000	  0.000000	 -0.543012	  0.453930
  0.553765	  0.230378	  0.000000	  0.000000	 -0.553764	  0.455450
  0.564517	  0.228857	  0.000000	  0.000000	 -0.564517	  0.457275
  0.575270	  0.230074	  0.000000	  0.000000	 -0.575270	  0.457579
  0.586023	  0.222774	  0.000000	  0.000000	 -0.586022	  0.462446
  0.596775	  0.227336	  0.000000	  0.000000	 -0.596775	  0.460621
  0.607528	  0.221557	  0.000000	  0.000000	 -0.607528	  0.467312
  0.618281	  0.221557	  0.000000	  0.000000	 -0.618280	  0.467312
  0.629033	  0.220645	  0.000000	  0.000000	 -0.629033	  0.467616
  0.639786	  0.215474	  0.000000	  0.000000	 -0.639786	  0.469746
  0.650539	  0.211520	  0.000000	  0.000000	 -0.650538	  0.473395
  0.661291	  0.219733	  0.000000	  0.000000	 -0.661291	  0.474004
  0.672044	  0.212433	  0.000000	  0.000000	 -0.672044	  0.483128
  0.682797	  0.213041	  0.000000	  0.000000	 -0.682797	  0.473091
  0.693549	  0.211216	  0.000000	  0.000000	 -0.693549	  0.481303
  0.704302	  0.211520	  0.000000	  0.000000	 -0.704302	  0.482216
  0.715055	  0.207871	  0.000000	  0.000000	 -0.715055	  0.478870
  0.725808	  0.201788	  0.000000	  0.000000	 -0.725807	  0.484041
  0.736560	  0.202396	  0.000000	  0.000000	 -0.736560	  0.479174
  0.747313	  0.205133	  0.000000	  0.000000	 -0.747313	  0.486778
  0.758066	  0.201788	  0.000000	  0.000000	 -0.758065	  0.484649
  0.768818	  0.199050	  0.000000	  0.000000	 -0.768818	  0.477045
  0.779571	  0.199658	  0.000000	  0.000000	 -0.779571	  0.487386
  0.790324	  0.196009	  0.000000	  0.000000	 -0.790323	  0.486778
  0.801076	  0.194184	  0.000000	  0.000000	 -0.801076	  0.483737
  0.811829	  0.192663	  0.000000	  0.000000	 -0.811829	  0.490124
  0.822582	  0.190230	  0.000000	  0.000000	 -0.822582	  0.489820
  0.833334	  0.192055	  0.000000	  0.000000	 -0.833334	  0.491036
  0.844087	  0.190838	  0.000000	  0.000000	 -0.844087	  0.489820
  0.854840	  0.189926	  0.000000	  0.000000	 -0.854840	  0.491644
  0.865592	  0.183234	  0.000000	  0.000000	 -0.865592	  0.491949
  0.876345	  0.184755	  0.000000	  0.000000	 -0.876345	  0.496511
  0.887098	  0.186276	  0.000000	  0.000000	 -0.887098	  0.492253
  0.897850	  0.187797	  0.000000	  0.000000	 -0.897850	  0.498336
  0.908603	  0.183843	  0.000000	  0.000000	 -0.908603	  0.495294
  0.919356	  0.187492	  0.000000	  0.000000	 -0.919356	  0.500769
  0.930109	  0.182018	  0.000000	  0.000000	 -0.930108	  0.493469
  0.940861	  0.178976	  0.000000	  0.000000	 -0.940861	  0.502290
  0.951614	  0.182018	  0.000000	  0.000000	 -0.951614	  0.500161
  0.962367	  0.174110	  0.000000	  0.000000	 -0.962366	  0.499857
  0.973119	  0.178976	  0.000000	  0.000000	 -0.973119	  0.498944
  0.983872	  0.178064	  0.000000	  0.000000	 -0.983872	  0.498944
  0.994625	  0.178976	  0.000000	  0.000000	 -0.994625	  0.499552
  1.005377	  0.177151	  0.000000	  0.000000	 -1.005377	  0.503202
  1.016130	  0.174718	  0.000000	  0.000000	 -1.016130	  0.500465
  1.026883	  0.176543	  0.000000	  0.000000	 -1.026883	  0.501682
  1.037635	  0.174718	  0.000000	  0.000000	 -1.037635	  0.497728
  1.048388	  0.178672	  0.000000	  0.000000	 -1.048388	  0.502290
  1.059141	  0.174718	  0.000000	  0.000000	 -1.059141	  0.502290
  1.069894	  0.176847	  0.000000	  0.000000	 -1.069893	  0.500161
  1.080646	  0.169852	  0.000000	  0.000000	 -1.080646	  0.505027
  1.091399	  0.171981	  0.000000	  0.000000	 -1.091399	  0.503202
  1.102152	  0.173501	  0.000000	  0.000000	 -1.102151	  0.496815
  1.112904	  0.172285	  0.000000	  0.000000	 -1.112904	  0.500161
  1.123657	  0.173197	  0.000000	  0.000000	 -1.123657	  0.499857
  1.134410	  0.173501	  0.000000	  0.000000	 -1.134410	  0.500161
  1.145162	  0.168027	  0.000000	  0.000000	 -1.145162	  0.496207
  1.155915	  0.166506	  0.000000	  0.000000	 -1.155915	  0.498944
  1.166668	  0.170764	  0.000000	  0.000000	 -1.166668	  0.495598
  1.177420	  0.175326	  0.000000	  0.000000	 -1.177420	  0.500161
  1.188173	  0.175630	  0.000000	  0.000000	 -1.188173	  0.498640
  1.198926	  0.182018	  0.000000	  0.000000	 -1.198925	  0.495294
  1.209679	  0.175326	  0.000000	  0.000000	 -1.209678	  0.497119
  1.220431	  0.178064	  0.000000	  0.000000	 -1.220431	  0.496511
  1.231184	  0.174110	  0.000000	  0.000000	 -1.231184	  0.493165
  1.241937	  0.172893	  0.000000	  0.000000	 -1.241936	  0.494686
  1.252689	  0.177760	  0.000000	  0.000000	 -1.252689	  0.495294
  1.263442	  0.179280	  0.000000	  0.000000	 -1.263442	  0.495294
  1.274195	  0.175935	  0.000000	  0.000000	 -1.274194	  0.489820
  1.284947	  0.186276	  0.000000	  0.000000	 -1.284947	  0.495598
  1.295700	  0.180193	  0.000000	  0.000000	 -1.295700	  0.491340
  1.306453	  0.182322	  0.000000	  0.000000	 -1.306453	  0.485257
  1.317206	  0.187188	  0.000000	  0.000000	 -1.317205	  0.484345
  1.327958	  0.183843	  0.000000	  0.000000	 -1.327958	  0.484345
  1.338711	  0.185059	  0.000000	  0.000000	 -1.338711	  0.490124
  1.349464	  0.186276	  0.000000	  0.000000	 -1.349463	  0.484041
  1.360216	  0.185667	  0.000000	  0.000000	 -1.360216	  0.480087
  1.370969	  0.193271	  0.000000	  0.000000	 -1.370969	  0.483432
  1.381722	  0.192967	  0.000000	  0.000000	 -1.381721	  0.482824
  1.392474	  0.192967	  0.000000	  0.000000	 -1.392474	  0.478870
  1.403227	  0.199354	  0.000000	  0.000000	 -1.403227	  0.475829
  1.413980	  0.198746	  0.000000	  0.000000	 -1.413979	  0.479478
  1.424732	  0.201179	  0.000000	  0.000000	 -1.424732	  0.477349
  1.435485	  0.200875	  0.000000	  0.000000	 -1.435485	  0.474308
  1.446238	  0.205133	  0.000000	  0.000000	 -1.446237	  0.478870
  1.456990	  0.200875	  0.000000	  0.000000	 -1.456990	  0.475524
  1.467743	  0.209391	  0.000000	  0.000000	 -1.467743	  0.469746
  1.478496	  0.210000	  0.000000	  0.000000	 -1.478495	  0.464271
  1.489249	  0.210608	  0.000000	  0.000000	 -1.489248	  0.472179
  1.500001	  0.210912	  0.000000	  0.000000	 -1.500001	  0.470962
  1.510754	  0.209087	  0.000000	  0.000000	 -1.510754	  0.466096
  1.521507	  0.215779	  0.000000	  0.000000	 -1.521506	  0.468529
  1.532259	  0.217908	  0.000000	  0.000000	 -1.532259	  0.464879
  1.543012	  0.218212	  0.000000	  0.000000	 -1.543012	  0.463358
  1.553764	  0.220037	  0.000000	  0.000000	 -1.553764	  0.465183
  1.564517	  0.221253	  0.000000	  0.000000	 -1.564517	  0.467312
  1.575270	  0.227336	  0.000000	  0.000000	 -1.575270	  0.463662
  1.586023	  0.226728	  0.000000	  0.000000	 -1.586022	  0.466096
  1.596775	  0.228553	  0.000000	  0.000000	 -1.596775	  0.461229
  1.607528	  0.231899	  0.000000	  0.000000	 -1.607528	  0.463054
  1.618281	  0.231899	  0.000000	  0.000000	 -1.618280	  0.459100
  1.629033	  0.231899	  0.000000	  0.000000	 -1.629033	  0.457884
  1.639786	  0.234940	  0.000000	  0.000000	 -1.639786	  0.460925
  1.650539	  0.234940	  0.000000	  0.000000	 -1.650539	  0.456059
  1.661292	  0.238590	  0.000000	  0.000000	 -1.661291	  0.460013
  1.672044	  0.237982	  0.000000	  0.000000	 -1.672044	  0.457275
  1.682797	  0.238894	  0.000000	  0.000000	 -1.682796	  0.460013
  1.693550	  0.243152	  0.000000	  0.000000	 -1.693549	  0.455146
  1.704302	  0.240415	  0.000000	  0.000000	 -1.704302	  0.457884
  1.715055	  0.248323	  0.000000	  0.000000	 -1.715055	  0.452713
  1.725808	  0.244673	  0.000000	  0.000000	 -1.725807	  0.456059
  1.736560	  0.247714	  0.000000	  0.000000	 -1.736560	  0.457884
  1.747313	  0.252581	  0.000000	  0.000000	 -1.747313	  0.451192
  1.758066	  0.253493	  0.000000	  0.000000	 -1.758065	  0.454234
  1.768818	  0.251973	  0.000000	  0.000000	 -1.768818	  0.455450
  1.779571	  0.254406	  0.000000	  0.000000	 -1.779571	  0.455146
  1.790324	  0.251364	  0.000000	  0.000000	 -1.790323	  0.457884
  1.801077	  0.252885	  0.000000	  0.000000	 -1.801076	  0.454842
  1.811829	  0.251973	  0.000000	  0.000000	 -1.811829	  0.454234
  1.822582	  0.253798	  0.000000	  0.000000	 -1.822581	  0.461229
  1.833334	  0.259576	  0.000000	  0.000000	 -1.833334	  0.457275
  1.844087	  0.258360	  0.000000	  0.000000	 -1.844087	  0.456667
  1.854840	  0.252885	  0.000000	  0.000000	 -1.854840	  0.457579
  1.865592	  0.258664	  0.000000	  0.000000	 -1.865592	  0.460013
  1.876345	  0.254102	  0.000000	  0.000000	 -1.876345	  0.459404
  1.887098	  0.260793	  0.000000	  0.000000	 -1.887098	  0.462142
  1.897851	  0.260489	  0.000000	  0.000000	 -1.897850	  0.463662
  1.908603	  0.260185	  0.000000	  0.000000	 -1.908603	  0.458796
  1.919356	  0.256839	  0.000000	  0.000000	 -1.919356	  0.466704
  1.930109	  0.257752	  0.000000	  0.000000	 -1.930108	  0.465792
  1.940861	  0.251973	  0.000000	  0.000000	 -1.940861	  0.466400
  1.951614	  0.261705	  0.000000	  0.000000	 -1.951614	  0.464271
  1.962367	  0.257447	  0.000000	  0.000000	 -1.962366	  0.470962
  1.973119	  0.258968	  0.000000	  0.000000	 -1.973119	  0.470354
  1.983872	  0.259272	  0.000000	  0.000000	 -1.983872	  0.470050
  1.994625	  0.259272	  0.000000	  0.000000	 -1.994624	  0.472179
  2.005378	  0.260185	  0.000000	  0.000000	 -2.005377	  0.476437
  2.016130	  0.252581	  0.000000	  0.000000	 -2.016130	  0.475829
  2.026883	  0.251060	  0.000000	  0.000000	 -2.026883	  0.476741
  2.037636	  0.252885	  0.000000	  0.000000	 -2.037635	  0.474004
  2.048388	  0.251973	  0.000000	  0.000000	 -2.048388	  0.477958
  2.059141	  0.251060	  0.000000	  0.000000	 -2.059141	  0.481912
  2.069894	  0.256535	  0.000000	  0.000000	 -2.069893	  0.481303
  2.080647	  0.248019	  0.000000	  0.000000	 -2.080646	  0.480087
  2.091399	  0.245890	  0.000000	  0.000000	 -2.091399	  0.483737
  2.102152	  0.252885	  0.000000	  0.000000	 -2.102151	  0.486778
  2.112904	  0.251060	  0.000000	  0.000000	 -2.112904	  0.491644
  2.123657	  0.244065	  0.000000	  0.000000	 -2.123657	  0.489820
  2.134410	  0.245890	  0.000000	  0.000000	 -2.134409	  0.490428
  2.145162	  0.244065	  0.000000	  0.000000	 -2.145162	  0.495294
  2.155915	  0.248019	  0.000000	  0.000000	 -2.155915	  0.492861
  2.166668	  0.244977	  0.000000	  0.000000	 -2.166667	  0.495294
  2.177421	  0.238894	  0.000000	  0.000000	 -2.177420	  0.497728
  2.188173	  0.238590	  0.000000	  0.000000	 -2.188173	  0.501073
  2.198926	  0.234636	  0.000000	  0.000000	 -2.198925	  0.496511
  2.209679	  0.234940	  0.000000	  0.000000	 -2.209678	  0.507460
  2.220431	  0.231899	  0.000000	  0.000000	 -2.220431	  0.503811
  2.231184	  0.235244	  0.000000	  0.000000	 -2.231184	  0.508373
  2.241936	  0.231899	  0.000000	  0.000000	 -2.241936	  0.511719
  2.252689	  0.228553	  0.000000	  0.000000	 -2.252689	  0.509285
  2.263442	  0.235853	  0.000000	  0.000000	 -2.263442	  0.515368
  2.274195	  0.226120	  0.000000	  0.000000	 -2.274194	  0.514152
  2.284947	  0.223991	  0.000000	  0.000000	 -2.284947	  0.513848
  2.295700	  0.226424	  0.000000	  0.000000	 -2.295700	  0.523580
  2.306453	  0.220645	  0.000000	  0.000000	 -2.306452	  0.519931
  2.317206	  0.216691	  0.000000	  0.000000	 -2.317205	  0.522364
  2.327958	  0.221862	  0.000000	  0.000000	 -2.327958	  0.527839
  2.338711	  0.219733	  0.000000	  0.000000	 -2.338711	  0.525710
  2.349464	  0.217908	  0.000000	  0.000000	 -2.349463	  0.532097
  2.360216	  0.220341	  0.000000	  0.000000	 -2.360216	  0.530880
  2.370969	  0.216691	  0.000000	  0.000000	 -2.370969	  0.530880
  2.381721	  0.215474	  0.000000	  0.000000	 -2.381721	  0.531488
  2.392474	  0.213649	  0.000000	  0.000000	 -2.392474	  0.536051
  2.403227	  0.212737	  0.000000	  0.000000	 -2.403227	  0.544263
  2.413980	  0.212433	  0.000000	  0.000000	 -2.413979	  0.537571
  2.424732	  0.212737	  0.000000	  0.000000	 -2.424732	  0.546392
  2.435485	  0.206350	  0.000000	  0.000000	 -2.435485	  0.550650
  2.446238	  0.204829	  0.000000	  0.000000	 -2.446237	  0.545175
  2.456991	  0.203917	  0.000000	  0.000000	 -2.456990	  0.552475
  2.467743	  0.204221	  0.000000	  0.000000	 -2.467743	  0.553692
  2.478496	  0.197529	  0.000000	  0.000000	 -2.478496	  0.553692
  2.489249	  0.202092	  0.000000	  0.000000	 -2.489248	  0.557037
  2.500001	  0.199050	  0.000000	  0.000000	 -2.500001	  0.552475
  2.510754	  0.200875	  0.000000	  0.000000	 -2.510754	  0.560991
  2.521507	  0.196921	  0.000000	  0.000000	 -2.521506	  0.563424
  2.532259	  0.199963	  0.000000	  0.000000	 -2.532259	  0.563120
  2.543012	  0.202092	  0.000000	  0.000000	 -2.543012	  0.563424
  2.553765	  0.192967	  0.000000	  0.000000	 -2.553764	  0.568291
  2.564517	  0.187188	  0.000000	  0.000000	 -2.564517	  0.573461
  2.575270	  0.188405	  0.000000	  0.000000	 -2.575270	  0.567683
  2.586022	  0.185363	  0.000000	  0.000000	 -2.586022	  0.570724
  2.596776	  0.188101	  0.000000	  0.000000	 -2.596775	  0.571636
  2.607528	  0.192359	  0.000000	  0.000000	 -2.607528	  0.578632
  2.618281	  0.187492	  0.000000	  0.000000	 -2.618281	  0.573461
  2.629033	  0.189317	  0.000000	  0.000000	 -2.629033	  0.578024
  2.639786	  0.187797	  0.000000	  0.000000	 -2.639786	  0.576807
  2.650539	  0.186580	  0.000000	  0.000000	 -2.650538	  0.584715
  2.661291	  0.187188	  0.000000	  0.000000	 -2.661291	  0.580457
  2.672044	  0.181713	  0.000000	  0.000000	 -2.672044	  0.583803
  2.682797	  0.185363	  0.000000	  0.000000	 -2.682797	  0.584411
  2.693549	  0.183538	  0.000000	  0.000000	 -2.693549	  0.587148
  2.704302	  0.182626	  0.000000	  0.000000	 -2.704302	  0.582890
  2.715055	  0.179584	  0.000000	  0.000000	 -2.715055	  0.586844
  2.725807	  0.181409	  0.000000	  0.000000	 -2.725807	  0.588365
  2.736560	  0.182930	  0.000000	  0.000000	 -2.736560	  0.591406
  2.747313	  0.181409	  0.000000	  0.000000	 -2.747313	  0.593231
  2.758065	  0.185363	  0.000000	  0.000000	 -2.758065	  0.592623
  2.768818	  0.178672	  0.000000	  0.000000	 -2.768818	  0.598706
  2.779571	  0.180801	  0.000000	  0.000000	 -2.779571	  0.595056
  2.790324	  0.182018	  0.000000	  0.000000	 -2.790323	  0.598098
  2.801076	  0.179280	  0.000000	  0.000000	 -2.801076	  0.597185
  2.811829	  0.181713	  0.000000	  0.000000	 -2.811829	  0.599010
  2.822582	  0.182322	  0.000000	  0.000000	 -2.822582	  0.604181
  2.833334	  0.186580	  0.000000	  0.000000	 -2.833334	  0.600531
  2.844087	  0.178976	  0.000000	  0.000000	 -2.844087	  0.603572
  2.854840	  0.178976	  0.000000	  0.000000	 -2.854840	  0.600531
  2.865592	  0.185363	  0.000000	  0.000000	 -2.865592	  0.606918
  2.876345	  0.182626	  0.000000	  0.000000	 -2.876345	  0.600531
  2.887098	  0.187188	  0.000000	  0.000000	 -2.887098	  0.607831
  2.897850	  0.181105	  0.000000	  0.000000	 -2.897851	  0.605093
  2.908603	  0.190534	  0.000000	  0.000000	 -2.908603	  0.610568
  2.919356	  0.188405	  0.000000	  0.000000	 -2.919356	  0.610872
  2.930108	  0.186580	  0.000000	  0.000000	 -2.930108	  0.614218
  2.940861	  0.191446	  0.000000	  0.000000	 -2.940861	  0.613609
  2.951614	  0.187492	  0.000000	  0.000000	 -2.951614	  0.615130
  2.962367	  0.190230	  0.000000	  0.000000	 -2.962367	  0.612089
  2.973119	  0.196617	  0.000000	  0.000000	 -2.973119	  0.614218
  2.983872	  0.193880	  0.000000	  0.000000	 -2.983872	  0.610872
  2.994625	  0.199963	  0.000000	  0.000000	 -2.994625	  0.611176
  3.005377	  0.192663	  0.000000	  0.000000	 -3.005377	  0.609960
  3.016130	  0.196313	  0.000000	  0.000000	 -3.016130	  0.614218
  3.026883	  0.200571	  0.000000	  0.000000	 -3.026883	  0.613914
  3.037635	  0.203004	  0.000000	  0.000000	 -3.037636	  0.608743
  3.048388	  0.199963	  0.000000	  0.000000	 -3.048388	  0.611176
  3.059141	  0.203917	  0.000000	  0.000000	 -3.059141	  0.609047
  3.069893	  0.209087	  0.000000	  0.000000	 -3.069893	  0.611480
  3.080646	  0.209695	  0.000000	  0.000000	 -3.080646	  0.615739
  3.091399	  0.212433	  0.000000	  0.000000	 -3.091399	  0.612089
  3.102152	  0.210304	  0.000000	  0.000000	 -3.102152	  0.610568
  3.112904	  0.215779	  0.000000	  0.000000	 -3.112904	  0.612089
  3.123657	  0.219733	  0.000000	  0.000000	 -3.123657	  0.612393
  3.134409	  0.215474	  0.000000	  0.000000	 -3.134409	  0.610872
  3.145162	  0.220645	  0.000000	  0.000000	 -3.145162	  0.611176
  3.155915	  0.227336	  0.000000	  0.000000	 -3.155915	  0.610264
  3.166668	  0.226728	  0.000000	  0.000000	 -3.166668	  0.617868
  3.177420	  0.229161	  0.000000	  0.000000	 -3.177420	  0.613914
  3.188173	  0.231899	  0.000000	  0.000000	 -3.188173	  0.611176
  3.198925	  0.233115	  0.000000	  0.000000	 -3.198926	  0.613001
  3.209678	  0.229465	  0.000000	  0.000000	 -3.209678	  0.605397
  3.220431	  0.234636	  0.000000	  0.000000	 -3.220431	  0.607526
  3.231184	  0.237677	  0.000000	  0.000000	 -3.231184	  0.609351
  3.241936	  0.242240	  0.000000	  0.000000	 -3.241936	  0.606614
  3.252689	  0.240415	  0.000000	  0.000000	 -3.252689	  0.607222
  3.263442	  0.243761	  0.000000	  0.000000	 -3.263442	  0.604181
  3.274194	  0.242544	  0.000000	  0.000000	 -3.274194	  0.606310
  3.284947	  0.247106	  0.000000	  0.000000	 -3.284947	  0.606614
  3.295700	  0.250148	  0.000000	  0.000000	 -3.295700	  0.601748
  3.306453	  0.254406	  0.000000	  0.000000	 -3.306453	  0.606006
  3.317205	  0.253798	  0.000000	  0.000000	 -3.317205	  0.600227
  3.327958	  0.261097	  0.000000	  0.000000	 -3.327958	  0.600835
  3.338711	  0.259272	  0.000000	  0.000000	 -3.338711	  0.602660
  3.349463	  0.260793	  0.000000	  0.000000	 -3.349463	  0.600227
  3.360216	  0.260185	  0.000000	  0.000000	 -3.360216	  0.600531
  3.370969	  0.266572	  0.000000	  0.000000	 -3.370969	  0.597489
  3.381721	  0.261705	  0.000000	  0.000000	 -3.381721	  0.599923
  3.392474	  0.263835	  0.000000	  0.000000	 -3.392474	  0.597489
  3.403227	  0.269005	  0.000000	  0.000000	 -3.403227	  0.592623
  3.413979	  0.274784	  0.000000	  0.000000	 -3.413979	  0.593840
  3.424732	  0.273263	  0.000000	  0.000000	 -3.424732	  0.592927
  3.435485	  0.271438	  0.000000	  0.000000	 -3.435485	  0.595665
  3.446238	  0.278434	  0.000000	  0.000000	 -3.446238	  0.588973
  3.456990	  0.276609	  0.000000	  0.000000	 -3.456990	  0.593840
  3.467743	  0.272959	  0.000000	  0.000000	 -3.467743	  0.591711
  3.478496	  0.278434	  0.000000	  0.000000	 -3.478496	  0.592927
  3.489248	  0.279346	  0.000000	  0.000000	 -3.489248	  0.587452
  3.500001	  0.278434	  0.000000	  0.000000	 -3.500001	  0.583498
  3.510754	  0.280867	  0.000000	  0.000000	 -3.510754	  0.584411
  3.521506	  0.278130	  0.000000	  0.000000	 -3.521507	  0.585627
  3.532259	  0.277826	  0.000000	  0.000000	 -3.532259	  0.586236
  3.543012	  0.285734	  0.000000	  0.000000	 -3.543012	  0.584107
  3.553764	  0.284213	  0.000000	  0.000000	 -3.553765	  0.582890
  3.564517	  0.283604	  0.000000	  0.000000	 -3.564517	  0.584411
  3.575269	  0.288167	  0.000000	  0.000000	 -3.575270	  0.588365
  3.586023	  0.286646	  0.000000	  0.000000	 -3.586023	  0.585323
  3.596775	  0.279346	  0.000000	  0.000000	 -3.596775	  0.585323
  3.607528	  0.285429	  0.000000	  0.000000	 -3.607528	  0.583194
  3.618280	  0.287254	  0.000000	  0.000000	 -3.618281	  0.579544
  3.629033	  0.280867	  0.000000	  0.000000	 -3.629034	  0.582282
  3.639786	  0.285734	  0.000000	  0.000000	 -3.639786	  0.581674
  3.650539	  0.285429	  0.000000	  0.000000	 -3.650539	  0.578936
  3.661291	  0.285429	  0.000000	  0.000000	 -3.661291	  0.582586
  3.672044	  0.286646	  0.000000	  0.000000	 -3.672044	  0.576807
  3.682797	  0.283604	  0.000000	  0.000000	 -3.682797	  0.582890
  3.693549	  0.276913	  0.000000	  0.000000	 -3.693550	  0.580761
  3.704302	  0.276913	  0.000000	  0.000000	 -3.704302	  0.582282
  3.715055	  0.278738	  0.000000	  0.000000	 -3.715055	  0.580457
  3.725807	  0.277217	  0.000000	  0.000000	 -3.725808	  0.575286
  3.736560	  0.276305	  0.000000	  0.000000	 -3.736560	  0.579849
  3.747313	  0.283604	  0.000000	  0.000000	 -3.747313	  0.577720
  3.758065	  0.282692	  0.000000	  0.000000	 -3.758066	  0.581369
  3.768818	  0.279955	  0.000000	  0.000000	 -3.768818	  0.581674
  3.779571	  0.279346	  0.000000	  0.000000	 -3.779571	  0.581674
  3.790324	  0.275696	  0.000000	  0.000000	 -3.790324	  0.583498
  3.801076	  0.274480	  0.000000	  0.000000	 -3.801076	  0.578936
  3.811829	  0.273567	  0.000000	  0.000000	 -3.811829	  0.580457
  3.822582	  0.271743	  0.000000	  0.000000	 -3.822582	  0.583194
  3.833334	  0.269005	  0.000000	  0.000000	 -3.833334	  0.585019
  3.844087	  0.271134	  0.000000	  0.000000	 -3.844087	  0.586236
  3.854839	  0.270222	  0.000000	  0.000000	 -3.854840	  0.587452
  3.865592	  0.265964	  0.000000	  0.000000	 -3.865593	  0.585019
  3.876345	  0.265355	  0.000000	  0.000000	 -3.876345	  0.585932
  3.887098	  0.262922	  0.000000	  0.000000	 -3.887098	  0.588669
  3.897850	  0.261705	  0.000000	  0.000000	 -3.897851	  0.594752
  3.908603	  0.264139	  0.000000	  0.000000	 -3.908603	  0.590494
  3.919356	  0.256839	  0.000000	  0.000000	 -3.919356	  0.590494
  3.930109	  0.258056	  0.000000	  0.000000	 -3.930109	  0.593840
  3.940861	  0.254406	  0.000000	  0.000000	 -3.940861	  0.598098
  3.951614	  0.259881	  0.000000	  0.000000	 -3.951614	  0.596577
  3.962367	  0.252277	  0.000000	  0.000000	 -3.962367	  0.595360
  3.973119	  0.254406	  0.000000	  0.000000	 -3.973119	  0.599618
  3.983872	  0.252581	  0.000000	  0.000000	 -3.983872	  0.599923
  3.994624	  0.248019	  0.000000	  0.000000	 -3.994625	  0.601139
  4.005377	  0.243152	  0.000000	  0.000000	 -4.005378	  0.604181
  4.016130	  0.244369	  0.000000	  0.000000	 -4.016130	  0.608135
  4.026883	  0.243152	  0.000000	  0.000000	 -4.026883	  0.606310
  4.037635	  0.244673	  0.000000	  0.000000	 -4.037636	  0.603877
  4.048388	  0.242848	  0.000000	  0.000000	 -4.048388	  0.609351
  4.059141	  0.242240	  0.000000	  0.000000	 -4.059141	  0.612393
  4.069893	  0.239198	  0.000000	  0.000000	 -4.069894	  0.616347
  4.080646	  0.234028	  0.000000	  0.000000	 -4.080646	  0.618780
  4.091399	  0.239807	  0.000000	  0.000000	 -4.091399	  0.623646
  4.102151	  0.236157	  0.000000	  0.000000	 -4.102151	  0.618172
  4.112904	  0.236765	  0.000000	  0.000000	 -4.112905	  0.619084
  4.123657	  0.235853	  0.000000	  0.000000	 -4.123657	  0.626384
  4.134409	  0.228857	  0.000000	  0.000000	 -4.134409	  0.623038
  4.145163	  0.230074	  0.000000	  0.000000	 -4.145163	  0.627905
  4.155915	  0.227945	  0.000000	  0.000000	 -4.155915	  0.633075
  4.166667	  0.228249	  0.000000	  0.000000	 -4.166668	  0.634292
  4.177420	  0.222774	  0.000000	  0.000000	 -4.177421	  0.641896
  4.188173	  0.223078	  0.000000	  0.000000	 -4.188173	  0.635204
  4.198925	  0.223078	  0.000000	  0.000000	 -4.198926	  0.633684
  4.209679	  0.224903	  0.000000	  0.000000	 -4.209679	  0.647370
  4.220431	  0.220645	  0.000000	  0.000000	 -4.220431	  0.644633
  4.231184	  0.220645	  0.000000	  0.000000	 -4.231184	  0.650412
  4.241936	  0.221557	  0.000000	  0.000000	 -4.241936	  0.651324
  4.252689	  0.215474	  0.000000	  0.000000	 -4.252689	  0.650716
  4.263442	  0.216995	  0.000000	  0.000000	 -4.263442	  0.651933
  4.274194	  0.213954	  0.000000	  0.000000	 -4.274195	  0.655887
  4.284947	  0.212433	  0.000000	  0.000000	 -4.284947	  0.654366
  4.295700	  0.213954	  0.000000	  0.000000	 -4.295700	  0.663490
  4.306452	  0.215779	  0.000000	  0.000000	 -4.306453	  0.666532
  4.317205	  0.213345	  0.000000	  0.000000	 -4.317205	  0.660145
  4.327958	  0.214258	  0.000000	  0.000000	 -4.327958	  0.668357
  4.338710	  0.209087	  0.000000	  0.000000	 -4.338711	  0.672919
  4.349463	  0.213041	  0.000000	  0.000000	 -4.349464	  0.671094
  4.360216	  0.213345	  0.000000	  0.000000	 -4.360216	  0.677177
  4.370969	  0.208479	  0.000000	  0.000000	 -4.370969	  0.676873
  4.381721	  0.210000	  0.000000	  0.000000	 -4.381721	  0.675961
  4.392474	  0.210000	  0.000000	  0.000000	 -4.392474	  0.682044
  4.403227	  0.210304	  0.000000	  0.000000	 -4.403227	  0.679002
  4.413979	  0.209391	  0.000000	  0.000000	 -4.413980	  0.680219
  4.424732	  0.206654	  0.000000	  0.000000	 -4.424733	  0.685389
  4.435485	  0.209391	  0.000000	  0.000000	 -4.435485	  0.691168
  4.446238	  0.209087	  0.000000	  0.000000	 -4.446238	  0.690560
  4.456990	  0.207871	  0.000000	  0.000000	 -4.456991	  0.692385
  4.467743	  0.214866	  0.000000	  0.000000	 -4.467743	  0.689952
  4.478495	  0.210000	  0.000000	  0.000000	 -4.478496	  0.696947
  4.489248	  0.213041	  0.000000	  0.000000	 -4.489249	  0.697251
  4.500001	  0.213345	  0.000000	  0.000000	 -4.500001	  0.699076
  4.510754	  0.210912	  0.000000	  0.000000	 -4.510754	  0.702118
  4.521506	  0.217603	  0.000000	  0.000000	 -4.521506	  0.701509
  4.532259	  0.213954	  0.000000	  0.000000	 -4.532259	  0.702726
  4.543012	  0.216691	  0.000000	  0.000000	 -4.543012	  0.702118
  4.553764	  0.218516	  0.000000	  0.000000	 -4.553764	  0.706376
  4.564517	  0.215779	  0.000000	  0.000000	 -4.564517	  0.705768
  4.575270	  0.216691	  0.000000	  0.000000	 -4.575270	  0.720367
  4.586022	  0.222774	  0.000000	  0.000000	 -4.586023	  0.717629
  4.596775	  0.223686	  0.000000	  0.000000	 -4.596776	  0.711851
  4.607528	  0.213345	  0.000000	  0.000000	 -4.607528	  0.716109
  4.618280	  0.218516	  0.000000	  0.000000	 -4.618280	  0.716717
  4.629034	  0.222774	  0.000000	  0.000000	 -4.629034	  0.721583
  4.639786	  0.222470	  0.000000	  0.000000	 -4.639786	  0.715805
  4.650538	  0.218212	  0.000000	  0.000000	 -4.650539	  0.717629
  4.661291	  0.227032	  0.000000	  0.000000	 -4.661291	  0.721279
  4.672044	  0.224295	  0.000000	  0.000000	 -4.672044	  0.720975
  4.682797	  0.223991	  0.000000	  0.000000	 -4.682797	  0.726450
  4.693549	  0.221557	  0.000000	  0.000000	 -4.693550	  0.726450
  4.704302	  0.227945	  0.000000	  0.000000	 -4.704302	  0.727058
  4.715055	  0.225207	  0.000000	  0.000000	 -4.715055	  0.730404
  4.725807	  0.225511	  0.000000	  0.000000	 -4.725808	  0.728883
  4.736560	  0.233724	  0.000000	  0.000000	 -4.736560	  0.732229
  4.747313	  0.227032	  0.000000	  0.000000	 -4.747313	  0.734358
  4.758065	  0.227336	  0.000000	  0.000000	 -4.758066	  0.733445
  4.768818	  0.225511	  0.000000	  0.000000	 -4.768818	  0.732533
  4.779571	  0.233724	  0.000000	  0.000000	 -4.779571	  0.736791
  4.790323	  0.230986	  0.000000	  0.000000	 -4.790324	  0.735879
  4.801076	  0.228553	  0.000000	  0.000000	 -4.801076	  0.737704
  4.811829	  0.231594	  0.000000	  0.000000	 -4.811829	  0.736487
  4.822581	  0.230378	  0.000000	  0.000000	 -4.822582	  0.739224
  4.833334	  0.230682	  0.000000	  0.000000	 -4.833334	  0.737704
  4.844087	  0.228857	  0.000000	  0.000000	 -4.844088	  0.738312
  4.854840	  0.233115	  0.000000	  0.000000	 -4.854840	  0.738312
  4.865592	  0.235244	  0.000000	  0.000000	 -4.865592	  0.738616
  4.876345	  0.235548	  0.000000	  0.000000	 -4.876345	  0.739833
  4.887098	  0.235244	  0.000000	  0.000000	 -4.887098	  0.741049
  4.897850	  0.237677	  0.000000	  0.000000	 -4.897851	  0.746828
  4.908603	  0.236765	  0.000000	  0.000000	 -4.908604	  0.743178
  4.919356	  0.242848	  0.000000	  0.000000	 -4.919356	  0.745307
  4.930109	  0.236765	  0.000000	  0.000000	 -4.930109	  0.745003
  4.940861	  0.239502	  0.000000	  0.000000	 -4.940861	  0.744699
  4.951613	  0.240719	  0.000000	  0.000000	 -4.951614	  0.743482
  4.962367	  0.238590	  0.000000	  0.000000	 -4.962367	  0.738920
  4.973119	  0.243456	  0.000000	  0.000000	 -4.973119	  0.744699
  4.983872	  0.244369	  0.000000	  0.000000	 -4.983872	  0.744699
  4.994625	  0.245890	  0.000000	  0.000000	 -4.994625	  0.745003
  5.005378	  0.238286	  0.000000	  0.000000	 -5.005378	  0.741962
  5.016130	  0.242240	  0.000000	  0.000000	 -5.016130	  0.744091
  5.026883	  0.238590	  0.000000	  0.000000	 -5.026883	  0.739833
  5.037635	  0.244977	  0.000000	  0.000000	 -5.037635	  0.743482
  5.048388	  0.245890	  0.000000	  0.000000	 -5.048388	  0.742266
  5.059140	  0.248019	  0.000000	  0.000000	 -5.059141	  0.742570
  5.069893	  0.248931	  0.000000	  0.000000	 -5.069894	  0.742266
  5.080646	  0.251668	  0.000000	  0.000000	 -5.080646	  0.738008
  5.091399	  0.247106	  0.000000	  0.000000	 -5.091399	  0.739528
  5.102151	  0.247106	  0.000000	  0.000000	 -5.102151	  0.738920
  5.112905	  0.247714	  0.000000	  0.000000	 -5.112904	  0.739224
  5.123657	  0.250452	  0.000000	  0.000000	 -5.123657	  0.737399
  5.134410	  0.251668	  0.000000	  0.000000	 -5.134409	  0.736487
  5.145163	  0.253798	  0.000000	  0.000000	 -5.145163	  0.734662
  5.155915	  0.250756	  0.000000	  0.000000	 -5.155915	  0.736183
  5.166668	  0.252885	  0.000000	  0.000000	 -5.166668	  0.732533
  5.177421	  0.253189	  0.000000	  0.000000	 -5.177421	  0.736183
  5.188173	  0.258360	  0.000000	  0.000000	 -5.188173	  0.732837
  5.198926	  0.257447	  0.000000	  0.000000	 -5.198926	  0.731012
  5.209679	  0.258664	  0.000000	  0.000000	 -5.209678	  0.736183
  5.220431	  0.252581	  0.000000	  0.000000	 -5.220431	  0.735574
  5.231184	  0.258360	  0.000000	  0.000000	 -5.231184	  0.734966
  5.241937	  0.257447	  0.000000	  0.000000	 -5.241936	  0.735879
  5.252689	  0.259576	  0.000000	  0.000000	 -5.252689	  0.727362
  5.263443	  0.261705	  0.000000	  0.000000	 -5.263443	  0.731925
  5.274195	  0.256231	  0.000000	  0.000000	 -5.274195	  0.728579
  5.284948	  0.263835	  0.000000	  0.000000	 -5.284947	  0.732533
  5.295700	  0.265659	  0.000000	  0.000000	 -5.295700	  0.725842
  5.306453	  0.257752	  0.000000	  0.000000	 -5.306453	  0.725842
  5.317206	  0.262314	  0.000000	  0.000000	 -5.317205	  0.724625
  5.327958	  0.263835	  0.000000	  0.000000	 -5.327958	  0.723104
  5.338710	  0.267484	  0.000000	  0.000000	 -5.338710	  0.722800
  5.349463	  0.264443	  0.000000	  0.000000	 -5.349463	  0.720367
  5.360216	  0.264139	  0.000000	  0.000000	 -5.360216	  0.719150
  5.370969	  0.266876	  0.000000	  0.000000	 -5.370969	  0.717325
  5.381721	  0.267484	  0.000000	  0.000000	 -5.381721	  0.717629
  5.392475	  0.269613	  0.000000	  0.000000	 -5.392474	  0.717934
  5.403227	  0.263530	  0.000000	  0.000000	 -5.403227	  0.716717
  5.413980	  0.272351	  0.000000	  0.000000	 -5.413980	  0.717021
  5.424732	  0.270830	  0.000000	  0.000000	 -5.424732	  0.716717
  5.435485	  0.275088	  0.000000	  0.000000	 -5.435485	  0.712459
  5.446238	  0.273872	  0.000000	  0.000000	 -5.446238	  0.714892
  5.456990	  0.269613	  0.000000	  0.000000	 -5.456990	  0.710938
  5.467743	  0.272351	  0.000000	  0.000000	 -5.467743	  0.718846
  5.478496	  0.269309	  0.000000	  0.000000	 -5.478495	  0.711546
  5.489249	  0.275696	  0.000000	  0.000000	 -5.489248	  0.711242
  5.500000	  0.273872	  0.000000	  0.000000	 -5.500000	  0.707592
						
						
Approach Rate	0.1000 µm/sec				
Retreat Rate	0.1000 µm/sec				
   Z Start	-5.5000 µm				
     Z End	 5.5000 µm				
Cycle Hold Time	 0.000 sec				
½ Cycle Hold Time	 0.000 sec				
&Z Piezo Linerizer On	       yes				
Trigger on:Deflection Signal   >=	0.128600 µm				
						
						
						
						
						
						
						
						
						
						
