[Point Spectroscopy Data]
Approach Rate=0.0493 µm/sec
Retreat Rate=0.0493 µm/sec
Z Start=-5.3484 µm
Z End=5.5000 µm
Cycle Hold Time=0.000 sec
½ Cycle Hold Time=0.000 sec
&Z Piezo Linerizer On=yes
Trigger on:Deflection Signal   >==2.000000 V

[Series layout]
Points Number=1024
Series Number=1
Trace Z Position, µm	Deflection Signal, V	Retrace Z Position, µm	Deflection Signal, V

[Data]
 -5.500000	  0.846286	  5.500000	  0.429597
 -5.489247	  0.860885	  5.489247	  0.427164
 -5.478495	  0.865143	  5.478495	  0.425035
 -5.467741	  0.855410	  5.467741	  0.433247
 -5.456989	  0.856323	  5.456989	  0.433247
 -5.446236	  0.856627	  5.446237	  0.433551
 -5.435483	  0.854498	  5.435483	  0.432943
 -5.424731	  0.851152	  5.424731	  0.432335
 -5.413978	  0.847807	  5.413978	  0.432335
 -5.403226	  0.844765	  5.403226	  0.432639
 -5.392473	  0.842332	  5.392473	  0.435985
 -5.381720	  0.846590	  5.381720	  0.433247
 -5.370967	  0.839594	  5.370967	  0.440547
 -5.360215	  0.834424	  5.360215	  0.434464
 -5.349462	  0.834424	  5.349463	  0.438114
 -5.338709	  0.832903	  5.338710	  0.442372
 -5.327956	  0.830774	  5.327957	  0.441155
 -5.317204	  0.827733	  5.317204	  0.440547
 -5.306451	  0.822866	  5.306451	  0.441155
 -5.295699	  0.823170	  5.295699	  0.439634
 -5.284946	  0.820129	  5.284946	  0.442980
 -5.274193	  0.820737	  5.274193	  0.443284
 -5.263441	  0.814654	  5.263441	  0.448151
 -5.252688	  0.816479	  5.252688	  0.446934
 -5.241935	  0.811308	  5.241936	  0.445413
 -5.231182	  0.812829	  5.231183	  0.453321
 -5.220429	  0.812221	  5.220430	  0.453017
 -5.209677	  0.810396	  5.209677	  0.451496
 -5.198925	  0.809179	  5.198925	  0.447542
 -5.188172	  0.808571	  5.188172	  0.452713
 -5.177419	  0.803096	  5.177419	  0.453930
 -5.166666	  0.799446	  5.166667	  0.448151
 -5.155914	  0.804617	  5.155914	  0.457275
 -5.145161	  0.798838	  5.145161	  0.455146
 -5.134408	  0.797926	  5.134408	  0.457275
 -5.123655	  0.792147	  5.123656	  0.458188
 -5.112903	  0.798230	  5.112903	  0.455755
 -5.102150	  0.789105	  5.102150	  0.465183
 -5.091397	  0.791538	  5.091397	  0.453930
 -5.080645	  0.788801	  5.080645	  0.460925
 -5.069892	  0.788801	  5.069892	  0.458188
 -5.059139	  0.787280	  5.059140	  0.458796
 -5.048387	  0.786064	  5.048387	  0.464271
 -5.037634	  0.781806	  5.037634	  0.460925
 -5.026881	  0.784847	  5.026882	  0.457884
 -5.016129	  0.778460	  5.016129	  0.461838
 -5.005376	  0.771769	  5.005376	  0.465792
 -4.994623	  0.779981	  4.994624	  0.468529
 -4.983871	  0.770552	  4.983871	  0.468833
 -4.973118	  0.765381	  4.973118	  0.466096
 -4.962365	  0.771464	  4.962366	  0.470962
 -4.951612	  0.766598	  4.951612	  0.470962
 -4.940860	  0.765077	  4.940860	  0.471266
 -4.930107	  0.762340	  4.930107	  0.468833
 -4.919354	  0.760211	  4.919355	  0.473091
 -4.908602	  0.761427	  4.908602	  0.474612
 -4.897849	  0.754736	  4.897849	  0.476741
 -4.887096	  0.759907	  4.887096	  0.472179
 -4.876344	  0.751695	  4.876344	  0.474916
 -4.865591	  0.751390	  4.865592	  0.477045
 -4.854838	  0.752911	  4.854839	  0.477045
 -4.844086	  0.753215	  4.844086	  0.473699
 -4.833333	  0.746828	  4.833333	  0.476741
 -4.822580	  0.741962	  4.822580	  0.478870
 -4.811827	  0.742570	  4.811827	  0.477045
 -4.801075	  0.743178	  4.801075	  0.481912
 -4.790322	  0.737704	  4.790323	  0.482520
 -4.779570	  0.733445	  4.779570	  0.481607
 -4.768817	  0.734662	  4.768817	  0.485257
 -4.758064	  0.733445	  4.758065	  0.485866
 -4.747311	  0.729796	  4.747312	  0.484041
 -4.736559	  0.729796	  4.736559	  0.485257
 -4.725806	  0.729491	  4.725806	  0.488907
 -4.715054	  0.727058	  4.715054	  0.484041
 -4.704301	  0.721583	  4.704301	  0.486170
 -4.693548	  0.722496	  4.693549	  0.486474
 -4.682795	  0.720975	  4.682796	  0.488299
 -4.672042	  0.715196	  4.672043	  0.488603
 -4.661290	  0.714892	  4.661290	  0.479783
 -4.650537	  0.712155	  4.650537	  0.484953
 -4.639784	  0.716413	  4.639785	  0.484345
 -4.629032	  0.707288	  4.629032	  0.482216
 -4.618279	  0.703030	  4.618279	  0.487082
 -4.607526	  0.705159	  4.607527	  0.484953
 -4.596774	  0.705463	  4.596774	  0.480695
 -4.586021	  0.696643	  4.586021	  0.484953
 -4.575268	  0.696035	  4.575269	  0.481303
 -4.564516	  0.695426	  4.564516	  0.477045
 -4.553763	  0.692081	  4.553763	  0.477653
 -4.543010	  0.688735	  4.543011	  0.479478
 -4.532258	  0.688735	  4.532258	  0.479478
 -4.521505	  0.687214	  4.521505	  0.481303
 -4.510752	  0.682652	  4.510752	  0.484345
 -4.500000	  0.679306	  4.500000	  0.478870
 -4.489247	  0.678090	  4.489247	  0.483737
 -4.478495	  0.681435	  4.478495	  0.476133
 -4.467741	  0.679306	  4.467741	  0.478262
 -4.456989	  0.675352	  4.456989	  0.474612
 -4.446236	  0.671398	  4.446236	  0.481607
 -4.435483	  0.669878	  4.435484	  0.478870
 -4.424731	  0.670486	  4.424731	  0.474308
 -4.413978	  0.663186	  4.413979	  0.474916
 -4.403225	  0.658624	  4.403225	  0.474612
 -4.392473	  0.663186	  4.392473	  0.468529
 -4.381720	  0.657103	  4.381721	  0.474612
 -4.370967	  0.655887	  4.370967	  0.469441
 -4.360215	  0.658016	  4.360215	  0.475220
 -4.349462	  0.651628	  4.349462	  0.474004
 -4.338709	  0.648891	  4.338709	  0.470962
 -4.327957	  0.644937	  4.327957	  0.475829
 -4.317204	  0.640983	  4.317204	  0.470962
 -4.306451	  0.644329	  4.306451	  0.471875
 -4.295699	  0.638550	  4.295699	  0.470354
 -4.284946	  0.640375	  4.284946	  0.471570
 -4.274193	  0.637333	  4.274194	  0.469746
 -4.263440	  0.636117	  4.263441	  0.469746
 -4.252688	  0.622430	  4.252688	  0.472179
 -4.241935	  0.627905	  4.241935	  0.475829
 -4.231183	  0.629730	  4.231183	  0.474916
 -4.220430	  0.622430	  4.220430	  0.472179
 -4.209677	  0.623038	  4.209677	  0.469137
 -4.198925	  0.620909	  4.198925	  0.473699
 -4.188171	  0.618780	  4.188172	  0.470962
 -4.177419	  0.609351	  4.177419	  0.467921
 -4.166667	  0.609960	  4.166667	  0.472179
 -4.155913	  0.607222	  4.155914	  0.472179
 -4.145161	  0.604485	  4.145161	  0.476437
 -4.134408	  0.607831	  4.134409	  0.476133
 -4.123655	  0.604789	  4.123656	  0.475829
 -4.112903	  0.595969	  4.112903	  0.482824
 -4.102150	  0.601139	  4.102150	  0.474916
 -4.091398	  0.598402	  4.091398	  0.478262
 -4.080645	  0.600835	  4.080645	  0.473395
 -4.069892	  0.591406	  4.069892	  0.480695
 -4.059140	  0.593231	  4.059140	  0.477653
 -4.048387	  0.595665	  4.048387	  0.480695
 -4.037634	  0.591406	  4.037634	  0.481607
 -4.026881	  0.584411	  4.026881	  0.483128
 -4.016129	  0.586540	  4.016129	  0.482824
 -4.005376	  0.586236	  4.005376	  0.480391
 -3.994623	  0.582586	  3.994624	  0.482824
 -3.983871	  0.582890	  3.983871	  0.481607
 -3.973118	  0.582282	  3.973118	  0.481303
 -3.962365	  0.579849	  3.962366	  0.487386
 -3.951613	  0.579544	  3.951613	  0.490732
 -3.940860	  0.575286	  3.940860	  0.485257
 -3.930107	  0.571028	  3.930108	  0.489820
 -3.919355	  0.575590	  3.919355	  0.486778
 -3.908602	  0.570724	  3.908602	  0.490732
 -3.897849	  0.572853	  3.897850	  0.493774
 -3.887096	  0.576807	  3.887096	  0.491036
 -3.876344	  0.566770	  3.876344	  0.493774
 -3.865591	  0.570420	  3.865591	  0.495903
 -3.854839	  0.566466	  3.854839	  0.497119
 -3.844085	  0.568291	  3.844086	  0.497728
 -3.833333	  0.564641	  3.833333	  0.495294
 -3.822580	  0.569507	  3.822581	  0.503202
 -3.811828	  0.568291	  3.811828	  0.509894
 -3.801075	  0.571332	  3.801075	  0.502594
 -3.790322	  0.563120	  3.790323	  0.505940
 -3.779570	  0.567378	  3.779570	  0.500769
 -3.768817	  0.563424	  3.768817	  0.503811
 -3.758064	  0.557037	  3.758065	  0.508069
 -3.747311	  0.558558	  3.747311	  0.503202
 -3.736559	  0.563424	  3.736559	  0.514456
 -3.725806	  0.561295	  3.725806	  0.509589
 -3.715054	  0.557341	  3.715054	  0.514152
 -3.704300	  0.560991	  3.704301	  0.512327
 -3.693548	  0.567074	  3.693548	  0.515368
 -3.682795	  0.560687	  3.682796	  0.518410
 -3.672043	  0.558558	  3.672043	  0.515368
 -3.661290	  0.563424	  3.661290	  0.520235
 -3.650537	  0.561904	  3.650538	  0.518106
 -3.639785	  0.563424	  3.639785	  0.522668
 -3.629032	  0.557950	  3.629032	  0.524493
 -3.618279	  0.566466	  3.618279	  0.531184
 -3.607527	  0.565249	  3.607527	  0.532097
 -3.596774	  0.564641	  3.596774	  0.532097
 -3.586021	  0.562816	  3.586021	  0.529359
 -3.575269	  0.561599	  3.575269	  0.533009
 -3.564516	  0.557950	  3.564516	  0.541221
 -3.553763	  0.565553	  3.553763	  0.537876
 -3.543010	  0.562816	  3.543011	  0.536355
 -3.532257	  0.564945	  3.532258	  0.540917
 -3.521505	  0.565553	  3.521505	  0.544871
 -3.510752	  0.564337	  3.510753	  0.543046
 -3.500000	  0.565858	  3.500000	  0.550346
 -3.489247	  0.568595	  3.489247	  0.552475
 -3.478494	  0.566466	  3.478495	  0.553083
 -3.467741	  0.568291	  3.467742	  0.551258
 -3.456989	  0.567987	  3.456989	  0.553083
 -3.446236	  0.564641	  3.446236	  0.555516
 -3.435483	  0.571941	  3.435484	  0.564033
 -3.424731	  0.566466	  3.424731	  0.563424
 -3.413978	  0.567683	  3.413979	  0.566162
 -3.403225	  0.565858	  3.403226	  0.565249
 -3.392473	  0.569203	  3.392473	  0.562816
 -3.381720	  0.573766	  3.381720	  0.567683
 -3.370967	  0.567683	  3.370968	  0.568291
 -3.360214	  0.573461	  3.360215	  0.574374
 -3.349462	  0.570724	  3.349462	  0.572245
 -3.338709	  0.574374	  3.338710	  0.569507
 -3.327957	  0.574982	  3.327957	  0.579849
 -3.317204	  0.576807	  3.317204	  0.579240
 -3.306451	  0.575286	  3.306451	  0.584715
 -3.295698	  0.574678	  3.295699	  0.585019
 -3.284946	  0.575590	  3.284946	  0.582890
 -3.274193	  0.578632	  3.274194	  0.592623
 -3.263441	  0.577720	  3.263441	  0.587148
 -3.252688	  0.584107	  3.252688	  0.586540
 -3.241935	  0.579240	  3.241935	  0.591406
 -3.231182	  0.580457	  3.231183	  0.588365
 -3.220430	  0.581065	  3.220430	  0.592623
 -3.209677	  0.576807	  3.209677	  0.594752
 -3.198924	  0.583803	  3.198925	  0.594144
 -3.188171	  0.577720	  3.188172	  0.596577
 -3.177419	  0.582890	  3.177419	  0.596273
 -3.166666	  0.578328	  3.166667	  0.603268
 -3.155913	  0.578328	  3.155914	  0.600835
 -3.145161	  0.578936	  3.145161	  0.600531
 -3.134408	  0.578632	  3.134408	  0.603572
 -3.123656	  0.584715	  3.123656	  0.607831
 -3.112903	  0.584107	  3.112903	  0.613305
 -3.102150	  0.576199	  3.102150	  0.604789
 -3.091397	  0.581978	  3.091398	  0.606614
 -3.080645	  0.580761	  3.080645	  0.611480
 -3.069892	  0.581065	  3.069892	  0.610264
 -3.059139	  0.580153	  3.059140	  0.611480
 -3.048386	  0.579849	  3.048387	  0.615130
 -3.037634	  0.579544	  3.037634	  0.618172
 -3.026881	  0.582586	  3.026882	  0.617868
 -3.016129	  0.580761	  3.016129	  0.620301
 -3.005376	  0.581065	  3.005376	  0.616043
 -2.994623	  0.576807	  2.994624	  0.618780
 -2.983871	  0.576807	  2.983871	  0.622126
 -2.973118	  0.571028	  2.973118	  0.617259
 -2.962365	  0.573766	  2.962365	  0.619084
 -2.951612	  0.574374	  2.951613	  0.624255
 -2.940860	  0.572853	  2.940860	  0.618172
 -2.930107	  0.570724	  2.930108	  0.623646
 -2.919354	  0.575286	  2.919355	  0.619693
 -2.908602	  0.576199	  2.908602	  0.621517
 -2.897849	  0.573766	  2.897849	  0.618476
 -2.887096	  0.571636	  2.887097	  0.619997
 -2.876343	  0.570724	  2.876344	  0.618476
 -2.865591	  0.570116	  2.865591	  0.621822
 -2.854838	  0.570420	  2.854839	  0.623646
 -2.844086	  0.564033	  2.844086	  0.619997
 -2.833333	  0.562816	  2.833333	  0.622430
 -2.822580	  0.562208	  2.822581	  0.622126
 -2.811828	  0.565249	  2.811828	  0.626080
 -2.801075	  0.564641	  2.801076	  0.624255
 -2.790322	  0.560687	  2.790323	  0.622734
 -2.779570	  0.561295	  2.779570	  0.623038
 -2.768817	  0.557950	  2.768817	  0.620301
 -2.758064	  0.557341	  2.758065	  0.621822
 -2.747311	  0.554908	  2.747312	  0.620605
 -2.736559	  0.550954	  2.736559	  0.616651
 -2.725806	  0.553692	  2.725806	  0.622430
 -2.715053	  0.552475	  2.715054	  0.613305
 -2.704300	  0.552779	  2.704301	  0.617563
 -2.693548	  0.547000	  2.693548	  0.616043
 -2.682795	  0.544567	  2.682796	  0.614522
 -2.672042	  0.546392	  2.672043	  0.614218
 -2.661290	  0.541221	  2.661291	  0.609351
 -2.650537	  0.543350	  2.650538	  0.610264
 -2.639785	  0.542742	  2.639785	  0.606918
 -2.629032	  0.541525	  2.629032	  0.606614
 -2.618279	  0.539092	  2.618280	  0.610264
 -2.607526	  0.537876	  2.607527	  0.608439
 -2.596774	  0.534834	  2.596774	  0.609351
 -2.586021	  0.522668	  2.586021	  0.606006
 -2.575268	  0.528751	  2.575269	  0.600227
 -2.564516	  0.527230	  2.564516	  0.601443
 -2.553763	  0.525710	  2.553764	  0.604181
 -2.543010	  0.524493	  2.543011	  0.601748
 -2.532258	  0.519322	  2.532258	  0.596577
 -2.521505	  0.521451	  2.521506	  0.592927
 -2.510752	  0.514456	  2.510753	  0.592927
 -2.500000	  0.517193	  2.500000	  0.587148
 -2.489247	  0.512935	  2.489248	  0.588973
 -2.478494	  0.510502	  2.478495	  0.593840
 -2.467741	  0.512023	  2.467742	  0.591711
 -2.456989	  0.506244	  2.456989	  0.584715
 -2.446236	  0.505635	  2.446237	  0.585627
 -2.435483	  0.502898	  2.435484	  0.584107
 -2.424731	  0.504723	  2.424731	  0.579849
 -2.413978	  0.495903	  2.413979	  0.580457
 -2.403225	  0.493469	  2.403226	  0.580761
 -2.392473	  0.490428	  2.392473	  0.576199
 -2.381720	  0.488907	  2.381721	  0.573461
 -2.370967	  0.485561	  2.370968	  0.577720
 -2.360215	  0.485257	  2.360215	  0.568595
 -2.349462	  0.487690	  2.349463	  0.570724
 -2.338709	  0.484345	  2.338710	  0.569812
 -2.327957	  0.477958	  2.327957	  0.567987
 -2.317204	  0.482520	  2.317204	  0.567987
 -2.306451	  0.477653	  2.306452	  0.568291
 -2.295698	  0.480695	  2.295699	  0.564033
 -2.284946	  0.474004	  2.284946	  0.563120
 -2.274193	  0.469441	  2.274194	  0.559470
 -2.263440	  0.468833	  2.263441	  0.560079
 -2.252688	  0.466400	  2.252688	  0.559470
 -2.241935	  0.461838	  2.241936	  0.553692
 -2.231182	  0.464575	  2.231183	  0.555516
 -2.220430	  0.464271	  2.220430	  0.548825
 -2.209677	  0.460621	  2.209677	  0.550954
 -2.198924	  0.456059	  2.198925	  0.556125
 -2.188172	  0.449976	  2.188172	  0.551867
 -2.177419	  0.450584	  2.177420	  0.553692
 -2.166666	  0.445413	  2.166667	  0.548521
 -2.155913	  0.449671	  2.155914	  0.551258
 -2.145161	  0.448151	  2.145161	  0.548825
 -2.134408	  0.442676	  2.134409	  0.550346
 -2.123655	  0.443588	  2.123656	  0.547913
 -2.112903	  0.434768	  2.112903	  0.547608
 -2.102150	  0.438418	  2.102151	  0.546392
 -2.091397	  0.436897	  2.091398	  0.545175
 -2.080645	  0.438722	  2.080645	  0.545784
 -2.069892	  0.429293	  2.069893	  0.541221
 -2.059139	  0.430206	  2.059140	  0.541525
 -2.048387	  0.432943	  2.048387	  0.542438
 -2.037634	  0.435072	  2.037635	  0.540005
 -2.026881	  0.425948	  2.026882	  0.539092
 -2.016129	  0.428381	  2.016129	  0.536659
 -2.005376	  0.421081	  2.005377	  0.540917
 -1.994623	  0.420473	  1.994624	  0.540917
 -1.983870	  0.419865	  1.983871	  0.541830
 -1.973118	  0.415606	  1.973118	  0.545175
 -1.962365	  0.418648	  1.962366	  0.540917
 -1.951612	  0.418040	  1.951613	  0.540917
 -1.940860	  0.419865	  1.940860	  0.542742
 -1.930107	  0.419256	  1.930108	  0.536355
 -1.919354	  0.416215	  1.919355	  0.539701
 -1.908602	  0.409828	  1.908602	  0.540005
 -1.897849	  0.414390	  1.897850	  0.541830
 -1.887096	  0.413173	  1.887097	  0.541830
 -1.876344	  0.413173	  1.876344	  0.540005
 -1.865591	  0.408611	  1.865592	  0.539701
 -1.854838	  0.408307	  1.854839	  0.541221
 -1.844086	  0.404353	  1.844086	  0.545784
 -1.833333	  0.403440	  1.833333	  0.545175
 -1.822580	  0.406178	  1.822581	  0.542438
 -1.811827	  0.410436	  1.811828	  0.545175
 -1.801075	  0.407698	  1.801075	  0.549433
 -1.790322	  0.404961	  1.790323	  0.545175
 -1.779570	  0.403136	  1.779570	  0.546392
 -1.768817	  0.404049	  1.768817	  0.543959
 -1.758064	  0.402528	  1.758065	  0.546696
 -1.747311	  0.403440	  1.747312	  0.551867
 -1.736559	  0.408611	  1.736559	  0.550954
 -1.725806	  0.403136	  1.725807	  0.550650
 -1.715053	  0.404049	  1.715054	  0.553387
 -1.704301	  0.403440	  1.704301	  0.552475
 -1.693548	  0.404961	  1.693549	  0.548217
 -1.682795	  0.403136	  1.682796	  0.556429
 -1.672042	  0.406786	  1.672043	  0.556733
 -1.661290	  0.412261	  1.661291	  0.556125
 -1.650537	  0.411348	  1.650538	  0.559775
 -1.639785	  0.407090	  1.639785	  0.565858
 -1.629032	  0.407090	  1.629032	  0.561599
 -1.618279	  0.410436	  1.618280	  0.565553
 -1.607527	  0.408611	  1.607527	  0.566162
 -1.596774	  0.406482	  1.596774	  0.565553
 -1.586021	  0.407090	  1.586022	  0.568291
 -1.575269	  0.412261	  1.575269	  0.567074
 -1.564516	  0.412261	  1.564516	  0.570420
 -1.553763	  0.411348	  1.553764	  0.574374
 -1.543010	  0.414694	  1.543011	  0.572549
 -1.532258	  0.416519	  1.532258	  0.576199
 -1.521505	  0.414694	  1.521506	  0.574374
 -1.510752	  0.412565	  1.510753	  0.575286
 -1.500000	  0.411957	  1.500000	  0.578632
 -1.489247	  0.417127	  1.489247	  0.577415
 -1.478494	  0.424123	  1.478495	  0.583803
 -1.467742	  0.420169	  1.467742	  0.586236
 -1.456989	  0.416215	  1.456989	  0.589581
 -1.446236	  0.422298	  1.446237	  0.592623
 -1.435483	  0.418040	  1.435484	  0.592623
 -1.424731	  0.430206	  1.424731	  0.590494
 -1.413978	  0.428077	  1.413979	  0.588973
 -1.403225	  0.423514	  1.403226	  0.595360
 -1.392473	  0.426860	  1.392473	  0.598706
 -1.381720	  0.426556	  1.381721	  0.601139
 -1.370968	  0.432031	  1.370968	  0.593840
 -1.360214	  0.429293	  1.360215	  0.602052
 -1.349462	  0.431118	  1.349463	  0.603268
 -1.338709	  0.432335	  1.338710	  0.602356
 -1.327957	  0.432943	  1.327957	  0.607831
 -1.317204	  0.432639	  1.317204	  0.601139
 -1.306451	  0.429293	  1.306452	  0.603877
 -1.295699	  0.435680	  1.295699	  0.607526
 -1.284946	  0.434464	  1.284947	  0.611176
 -1.274193	  0.437810	  1.274194	  0.614218
 -1.263440	  0.441155	  1.263441	  0.615130
 -1.252688	  0.442068	  1.252688	  0.618476
 -1.241935	  0.437810	  1.241936	  0.615130
 -1.231183	  0.441155	  1.231183	  0.624255
 -1.220430	  0.441155	  1.220430	  0.620605
 -1.209677	  0.441155	  1.209678	  0.618172
 -1.198924	  0.444805	  1.198925	  0.622126
 -1.188172	  0.442372	  1.188172	  0.620909
 -1.177419	  0.444805	  1.177420	  0.629730
 -1.166666	  0.443588	  1.166667	  0.624559
 -1.155914	  0.439026	  1.155914	  0.630946
 -1.145161	  0.443893	  1.145162	  0.627296
 -1.134408	  0.439330	  1.134409	  0.629730
 -1.123656	  0.442372	  1.123656	  0.630338
 -1.112903	  0.444805	  1.112903	  0.633988
 -1.102150	  0.442980	  1.102151	  0.631554
 -1.091398	  0.439026	  1.091398	  0.632163
 -1.080645	  0.439026	  1.080645	  0.631250
 -1.069892	  0.441155	  1.069893	  0.634596
 -1.059139	  0.442372	  1.059140	  0.632771
 -1.048387	  0.440243	  1.048387	  0.633075
 -1.037634	  0.442980	  1.037635	  0.635508
 -1.026881	  0.436897	  1.026882	  0.636421
 -1.016129	  0.442676	  1.016129	  0.642504
 -1.005376	  0.439026	  1.005377	  0.641287
 -0.994623	  0.435680	  0.994624	  0.639767
 -0.983871	  0.432335	  0.983871	  0.640983
 -0.973118	  0.432335	  0.973118	  0.643721
 -0.962365	  0.432031	  0.962366	  0.642504
 -0.951613	  0.431422	  0.951613	  0.641287
 -0.940860	  0.436289	  0.940860	  0.643416
 -0.930107	  0.432639	  0.930108	  0.641591
 -0.919354	  0.431727	  0.919355	  0.640983
 -0.908602	  0.427468	  0.908602	  0.640071
 -0.897849	  0.432335	  0.897850	  0.644329
 -0.887096	  0.430814	  0.887097	  0.640071
 -0.876344	  0.434464	  0.876344	  0.640071
 -0.865591	  0.425948	  0.865592	  0.638246
 -0.854838	  0.424731	  0.854839	  0.639158
 -0.844086	  0.422298	  0.844086	  0.638854
 -0.833333	  0.422906	  0.833333	  0.637637
 -0.822580	  0.420473	  0.822581	  0.640679
 -0.811828	  0.418040	  0.811828	  0.636725
 -0.801075	  0.416215	  0.801075	  0.636725
 -0.790322	  0.413477	  0.790323	  0.631250
 -0.779570	  0.412261	  0.779570	  0.640983
 -0.768817	  0.413173	  0.768817	  0.638550
 -0.758064	  0.411044	  0.758065	  0.631250
 -0.747311	  0.405874	  0.747312	  0.634596
 -0.736559	  0.413782	  0.736559	  0.635204
 -0.725806	  0.403136	  0.725807	  0.631859
 -0.715053	  0.402832	  0.715054	  0.632771
 -0.704301	  0.401920	  0.704301	  0.629121
 -0.693548	  0.403745	  0.693549	  0.624559
 -0.682795	  0.394924	  0.682796	  0.628817
 -0.672043	  0.401615	  0.672043	  0.626080
 -0.661290	  0.399486	  0.661290	  0.622734
 -0.650537	  0.396141	  0.650538	  0.621517
 -0.639785	  0.394316	  0.639785	  0.623646
 -0.629032	  0.390362	  0.629032	  0.623342
 -0.618279	  0.394012	  0.618280	  0.619388
 -0.607527	  0.384279	  0.607527	  0.616651
 -0.596774	  0.386104	  0.596774	  0.619997
 -0.586021	  0.384583	  0.586022	  0.613305
 -0.575268	  0.382454	  0.575269	  0.611480
 -0.564516	  0.376371	  0.564516	  0.610264
 -0.553763	  0.377283	  0.553764	  0.605702
 -0.543010	  0.377283	  0.543011	  0.608135
 -0.532258	  0.372417	  0.532258	  0.602660
 -0.521505	  0.368767	  0.521505	  0.602356
 -0.510752	  0.373633	  0.510753	  0.602660
 -0.500000	  0.364813	  0.500000	  0.597794
 -0.489247	  0.365726	  0.489248	  0.592623
 -0.478494	  0.364509	  0.478495	  0.598402
 -0.467742	  0.363596	  0.467742	  0.592319
 -0.456989	  0.367550	  0.456989	  0.591406
 -0.446236	  0.355080	  0.446237	  0.588973
 -0.435484	  0.356601	  0.435484	  0.588973
 -0.424731	  0.351126	  0.424731	  0.586844
 -0.413978	  0.356297	  0.413979	  0.586236
 -0.403225	  0.353559	  0.403226	  0.583194
 -0.392473	  0.353559	  0.392473	  0.575895
 -0.381720	  0.348693	  0.381721	  0.581674
 -0.370967	  0.348997	  0.370968	  0.573766
 -0.360215	  0.348085	  0.360215	  0.576503
 -0.349462	  0.347476	  0.349463	  0.577720
 -0.338709	  0.343218	  0.338710	  0.571941
 -0.327957	  0.343827	  0.327957	  0.569507
 -0.317204	  0.339568	  0.317204	  0.564337
 -0.306451	  0.333485	  0.306452	  0.565249
 -0.295699	  0.335919	  0.295699	  0.567378
 -0.284946	  0.334094	  0.284946	  0.560991
 -0.274193	  0.334398	  0.274194	  0.558862
 -0.263441	  0.329836	  0.263441	  0.563729
 -0.252688	  0.331052	  0.252688	  0.559775
 -0.241935	  0.326794	  0.241936	  0.557341
 -0.231182	  0.319494	  0.231183	  0.553387
 -0.220430	  0.324361	  0.220430	  0.553387
 -0.209677	  0.326186	  0.209678	  0.553996
 -0.198924	  0.323448	  0.198925	  0.552171
 -0.188172	  0.326794	  0.188172	  0.547608
 -0.177419	  0.317669	  0.177420	  0.551562
 -0.166666	  0.318582	  0.166667	  0.549433
 -0.155914	  0.324361	  0.155914	  0.550650
 -0.145161	  0.315540	  0.145162	  0.550954
 -0.134408	  0.321319	  0.134409	  0.552171
 -0.123656	  0.317061	  0.123656	  0.548521
 -0.112903	  0.310674	  0.112903	  0.547000
 -0.102150	  0.319190	  0.102151	  0.547608
 -0.091398	  0.312499	  0.091398	  0.544567
 -0.080645	  0.310674	  0.080645	  0.546088
 -0.069892	  0.309762	  0.069893	  0.545784
 -0.059139	  0.315540	  0.059140	  0.547608
 -0.048387	  0.312803	  0.048387	  0.550042
 -0.037634	  0.310674	  0.037635	  0.548521
 -0.026881	  0.312195	  0.026882	  0.543046
 -0.016129	  0.313715	  0.016129	  0.546696
 -0.005376	  0.308849	  0.005377	  0.547608
  0.005377	  0.309153	 -0.005376	  0.543046
  0.016129	  0.309762	 -0.016129	  0.543959
  0.026882	  0.307632	 -0.026881	  0.543350
  0.037635	  0.307024	 -0.037634	  0.542134
  0.048387	  0.307328	 -0.048387	  0.537267
  0.059140	  0.308545	 -0.059140	  0.543959
  0.069893	  0.310674	 -0.069892	  0.546088
  0.080645	  0.311282	 -0.080645	  0.547304
  0.091398	  0.311282	 -0.091398	  0.548825
  0.102151	  0.314020	 -0.102150	  0.543959
  0.112904	  0.310370	 -0.112903	  0.548521
  0.123656	  0.317669	 -0.123656	  0.545175
  0.134409	  0.315540	 -0.134408	  0.553083
  0.145162	  0.317365	 -0.145161	  0.550650
  0.155914	  0.314628	 -0.155914	  0.549129
  0.166667	  0.317669	 -0.166666	  0.553387
  0.177420	  0.320103	 -0.177419	  0.556125
  0.188172	  0.318582	 -0.188172	  0.559470
  0.198925	  0.320103	 -0.198925	  0.555212
  0.209678	  0.321928	 -0.209677	  0.554300
  0.220430	  0.318278	 -0.220430	  0.562816
  0.231183	  0.325273	 -0.231183	  0.558254
  0.241936	  0.329227	 -0.241935	  0.564945
  0.252688	  0.328315	 -0.252688	  0.563424
  0.263441	  0.326186	 -0.263441	  0.560383
  0.274194	  0.326490	 -0.274193	  0.566162
  0.284947	  0.331965	 -0.284946	  0.567987
  0.295699	  0.333790	 -0.295699	  0.569203
  0.306452	  0.338656	 -0.306451	  0.570116
  0.317205	  0.334702	 -0.317204	  0.570724
  0.327957	  0.334702	 -0.327957	  0.572549
  0.338710	  0.338960	 -0.338709	  0.571941
  0.349463	  0.342914	 -0.349462	  0.576199
  0.360215	  0.338352	 -0.360215	  0.573766
  0.370968	  0.341393	 -0.370968	  0.580153
  0.381721	  0.348085	 -0.381720	  0.576199
  0.392473	  0.346868	 -0.392473	  0.580153
  0.403226	  0.348389	 -0.403226	  0.580457
  0.413979	  0.354168	 -0.413978	  0.587757
  0.424731	  0.353864	 -0.424731	  0.583194
  0.435484	  0.356601	 -0.435484	  0.588061
  0.446237	  0.351735	 -0.446236	  0.587452
  0.456990	  0.356905	 -0.456989	  0.591406
  0.467742	  0.358730	 -0.467742	  0.588061
  0.478495	  0.362988	 -0.478494	  0.599010
  0.489248	  0.362684	 -0.489247	  0.597489
  0.500000	  0.361772	 -0.500000	  0.599923
  0.510753	  0.357209	 -0.510752	  0.599618
  0.521506	  0.368767	 -0.521505	  0.602356
  0.532258	  0.368159	 -0.532258	  0.600531
  0.543011	  0.366030	 -0.543010	  0.604485
  0.553764	  0.372417	 -0.553763	  0.602052
  0.564516	  0.368767	 -0.564516	  0.608135
  0.575269	  0.373025	 -0.575269	  0.612697
  0.586022	  0.372417	 -0.586021	  0.608743
  0.596774	  0.378804	 -0.596774	  0.617868
  0.607527	  0.376371	 -0.607527	  0.613305
  0.618280	  0.374242	 -0.618279	  0.619084
  0.629033	  0.379412	 -0.629032	  0.614826
  0.639785	  0.376067	 -0.639785	  0.622734
  0.650538	  0.374850	 -0.650537	  0.614826
  0.661291	  0.383975	 -0.661290	  0.619388
  0.672043	  0.381846	 -0.672043	  0.626688
  0.682796	  0.378804	 -0.682795	  0.622734
  0.693549	  0.377283	 -0.693548	  0.625167
  0.704301	  0.373329	 -0.704301	  0.624255
  0.715054	  0.379716	 -0.715054	  0.628209
  0.725807	  0.374850	 -0.725806	  0.633684
  0.736559	  0.383062	 -0.736559	  0.633988
  0.747312	  0.378500	 -0.747312	  0.633379
  0.758065	  0.383062	 -0.758064	  0.633988
  0.768818	  0.382454	 -0.768817	  0.637637
  0.779570	  0.380629	 -0.779570	  0.638550
  0.790323	  0.380021	 -0.790322	  0.637029
  0.801076	  0.376371	 -0.801075	  0.641896
  0.811828	  0.379716	 -0.811828	  0.643721
  0.822581	  0.379108	 -0.822580	  0.643721
  0.833334	  0.380933	 -0.833333	  0.638246
  0.844086	  0.374546	 -0.844086	  0.645241
  0.854839	  0.379716	 -0.854838	  0.642504
  0.865592	  0.376979	 -0.865591	  0.650412
  0.876344	  0.376675	 -0.876344	  0.648891
  0.887097	  0.374850	 -0.887097	  0.649195
  0.897850	  0.373938	 -0.897849	  0.648283
  0.908602	  0.370896	 -0.908602	  0.657712
  0.919355	  0.367246	 -0.919355	  0.655278
  0.930108	  0.369984	 -0.930107	  0.658624
  0.940861	  0.371200	 -0.940860	  0.653149
  0.951613	  0.367246	 -0.951613	  0.656799
  0.962366	  0.366030	 -0.962365	  0.661665
  0.973119	  0.365726	 -0.973118	  0.663795
  0.983871	  0.363596	 -0.983871	  0.656799
  0.994624	  0.356905	 -0.994623	  0.659841
  1.005377	  0.362076	 -1.005376	  0.660753
  1.016129	  0.355993	 -1.016129	  0.661361
  1.026882	  0.351126	 -1.026881	  0.664403
  1.037635	  0.355993	 -1.037634	  0.660753
  1.048387	  0.347476	 -1.048387	  0.664707
  1.059140	  0.355688	 -1.059139	  0.663186
  1.069893	  0.349910	 -1.069892	  0.661361
  1.080646	  0.349605	 -1.080645	  0.661057
  1.091398	  0.349301	 -1.091398	  0.660145
  1.102151	  0.350518	 -1.102150	  0.666228
  1.112904	  0.348085	 -1.112903	  0.666836
  1.123656	  0.342610	 -1.123656	  0.662578
  1.134409	  0.344739	 -1.134408	  0.660753
  1.145162	  0.340481	 -1.145161	  0.665315
  1.155914	  0.336527	 -1.155914	  0.665011
  1.166667	  0.333485	 -1.166667	  0.660753
  1.177420	  0.335919	 -1.177419	  0.661970
  1.188172	  0.334702	 -1.188172	  0.666836
  1.198925	  0.329836	 -1.198924	  0.662578
  1.209678	  0.327402	 -1.209677	  0.662274
  1.220430	  0.328923	 -1.220430	  0.659536
  1.231183	  0.329531	 -1.231183	  0.660449
  1.241936	  0.327098	 -1.241935	  0.657407
  1.252689	  0.328619	 -1.252688	  0.655887
  1.263441	  0.317365	 -1.263440	  0.655887
  1.274194	  0.322840	 -1.274193	  0.658320
  1.284947	  0.317669	 -1.284946	  0.654366
  1.295699	  0.317974	 -1.295699	  0.658016
  1.306452	  0.314020	 -1.306451	  0.651933
  1.317204	  0.317061	 -1.317204	  0.655887
  1.327957	  0.309457	 -1.327957	  0.652237
  1.338710	  0.309457	 -1.338709	  0.652845
  1.349463	  0.309153	 -1.349462	  0.649195
  1.360215	  0.309457	 -1.360215	  0.653453
  1.370968	  0.310674	 -1.370968	  0.646458
  1.381721	  0.309762	 -1.381720	  0.649499
  1.392473	  0.302766	 -1.392473	  0.649195
  1.403226	  0.306416	 -1.403225	  0.647675
  1.413979	  0.304287	 -1.413978	  0.647370
  1.424731	  0.303983	 -1.424731	  0.647979
  1.435484	  0.301549	 -1.435483	  0.640071
  1.446237	  0.299420	 -1.446236	  0.637637
  1.456989	  0.299420	 -1.456989	  0.644937
  1.467742	  0.300333	 -1.467742	  0.640679
  1.478495	  0.303983	 -1.478494	  0.643112
  1.489248	  0.298812	 -1.489247	  0.633379
  1.500000	  0.296987	 -1.500000	  0.638854
  1.510753	  0.297595	 -1.510753	  0.637637
  1.521506	  0.294858	 -1.521505	  0.635813
  1.532258	  0.295771	 -1.532258	  0.629730
  1.543011	  0.297291	 -1.543010	  0.634596
  1.553764	  0.296075	 -1.553763	  0.629730
  1.564516	  0.300333	 -1.564516	  0.631250
  1.575269	  0.297900	 -1.575269	  0.629425
  1.586022	  0.295466	 -1.586021	  0.629425
  1.596774	  0.294554	 -1.596774	  0.627296
  1.607527	  0.295162	 -1.607527	  0.625471
  1.618280	  0.298812	 -1.618279	  0.629425
  1.629032	  0.294554	 -1.629032	  0.618172
  1.639785	  0.293337	 -1.639785	  0.619388
  1.650538	  0.295162	 -1.650537	  0.622430
  1.661291	  0.296683	 -1.661290	  0.618172
  1.672043	  0.297900	 -1.672043	  0.620301
  1.682796	  0.296987	 -1.682795	  0.623951
  1.693549	  0.302766	 -1.693548	  0.617259
  1.704301	  0.297291	 -1.704301	  0.618172
  1.715054	  0.300637	 -1.715053	  0.613001
  1.725807	  0.300333	 -1.725806	  0.616347
  1.736559	  0.304895	 -1.736559	  0.614218
  1.747312	  0.305199	 -1.747311	  0.614522
  1.758065	  0.306720	 -1.758064	  0.619693
  1.768817	  0.310370	 -1.768817	  0.613305
  1.779570	  0.307937	 -1.779570	  0.616347
  1.790323	  0.310066	 -1.790322	  0.616347
  1.801076	  0.312499	 -1.801075	  0.606006
  1.811828	  0.315845	 -1.811828	  0.614218
  1.822581	  0.314324	 -1.822580	  0.616651
  1.833334	  0.316453	 -1.833333	  0.610872
  1.844086	  0.319799	 -1.844086	  0.609047
  1.854839	  0.324057	 -1.854838	  0.616043
  1.865592	  0.329227	 -1.865591	  0.614522
  1.876344	  0.330140	 -1.876344	  0.613305
  1.887097	  0.326794	 -1.887096	  0.613609
  1.897850	  0.331965	 -1.897849	  0.612089
  1.908602	  0.328923	 -1.908602	  0.615130
  1.919355	  0.337439	 -1.919355	  0.611480
  1.930108	  0.335919	 -1.930107	  0.615130
  1.940860	  0.340785	 -1.940860	  0.612393
  1.951613	  0.342914	 -1.951613	  0.613914
  1.962366	  0.347172	 -1.962365	  0.615739
  1.973119	  0.348997	 -1.973118	  0.620909
  1.983871	  0.346868	 -1.983871	  0.617259
  1.994624	  0.349301	 -1.994623	  0.619388
  2.005377	  0.352647	 -2.005376	  0.615739
  2.016129	  0.360555	 -2.016129	  0.621517
  2.026882	  0.356601	 -2.026881	  0.619084
  2.037635	  0.364813	 -2.037634	  0.622734
  2.048387	  0.366334	 -2.048387	  0.627600
  2.059140	  0.365726	 -2.059139	  0.623951
  2.069893	  0.371200	 -2.069892	  0.619388
  2.080645	  0.374850	 -2.080645	  0.626080
  2.091398	  0.371200	 -2.091397	  0.628513
  2.102151	  0.376371	 -2.102150	  0.622734
  2.112904	  0.376979	 -2.112903	  0.628817
  2.123656	  0.377587	 -2.123656	  0.630642
  2.134409	  0.378804	 -2.134408	  0.629730
  2.145162	  0.387929	 -2.145161	  0.632163
  2.155914	  0.380629	 -2.155914	  0.629121
  2.166667	  0.387624	 -2.166666	  0.638854
  2.177420	  0.383062	 -2.177419	  0.635813
  2.188172	  0.388841	 -2.188172	  0.639158
  2.198925	  0.389449	 -2.198924	  0.644633
  2.209677	  0.391578	 -2.209677	  0.640375
  2.220430	  0.394316	 -2.220430	  0.640983
  2.231183	  0.389449	 -2.231182	  0.637942
  2.241936	  0.391883	 -2.241935	  0.646154
  2.252688	  0.399486	 -2.252688	  0.646458
  2.263441	  0.397053	 -2.263441	  0.647979
  2.274194	  0.397053	 -2.274193	  0.647370
  2.284946	  0.396749	 -2.284946	  0.649804
  2.295699	  0.398270	 -2.295699	  0.655887
  2.306452	  0.401007	 -2.306451	  0.654670
  2.317205	  0.401007	 -2.317204	  0.653453
  2.327957	  0.402224	 -2.327957	  0.654670
  2.338710	  0.401007	 -2.338709	  0.665011
  2.349463	  0.407698	 -2.349462	  0.665011
  2.360215	  0.401007	 -2.360215	  0.668053
  2.370968	  0.405874	 -2.370967	  0.665315
  2.381721	  0.401920	 -2.381720	  0.668357
  2.392473	  0.397053	 -2.392473	  0.674136
  2.403226	  0.403440	 -2.403225	  0.673527
  2.413979	  0.401007	 -2.413978	  0.672615
  2.424731	  0.401007	 -2.424731	  0.672919
  2.435484	  0.398878	 -2.435483	  0.676569
  2.446237	  0.397661	 -2.446236	  0.680827
  2.456990	  0.402224	 -2.456989	  0.681435
  2.467742	  0.398270	 -2.467741	  0.681435
  2.478495	  0.394924	 -2.478494	  0.691777
  2.489248	  0.394924	 -2.489247	  0.688431
  2.500000	  0.393099	 -2.500000	  0.688431
  2.510753	  0.395228	 -2.510752	  0.690560
  2.521506	  0.395532	 -2.521505	  0.697860
  2.532258	  0.385800	 -2.532258	  0.694514
  2.543011	  0.395228	 -2.543010	  0.704551
  2.553764	  0.388233	 -2.553763	  0.698468
  2.564516	  0.387624	 -2.564516	  0.705768
  2.575269	  0.389145	 -2.575269	  0.702726
  2.586022	  0.384583	 -2.586021	  0.706984
  2.596775	  0.388233	 -2.596774	  0.708201
  2.607527	  0.385495	 -2.607527	  0.710026
  2.618280	  0.387624	 -2.618279	  0.717325
  2.629032	  0.378804	 -2.629032	  0.716109
  2.639785	  0.376371	 -2.639785	  0.715500
  2.650538	  0.378804	 -2.650537	  0.714284
  2.661291	  0.376979	 -2.661290	  0.721583
  2.672043	  0.376371	 -2.672042	  0.720367
  2.682796	  0.368463	 -2.682795	  0.723713
  2.693548	  0.365726	 -2.693548	  0.723713
  2.704301	  0.367550	 -2.704301	  0.727362
  2.715054	  0.369071	 -2.715053	  0.731316
  2.725807	  0.362684	 -2.725806	  0.728579
  2.736559	  0.361772	 -2.736559	  0.737704
  2.747312	  0.363901	 -2.747311	  0.735574
  2.758065	  0.358426	 -2.758064	  0.734358
  2.768817	  0.361467	 -2.768817	  0.741657
  2.779570	  0.355993	 -2.779570	  0.737704
  2.790323	  0.354776	 -2.790322	  0.746220
  2.801076	  0.357513	 -2.801075	  0.743482
  2.811828	  0.350518	 -2.811828	  0.742570
  2.822581	  0.352343	 -2.822580	  0.744091
  2.833333	  0.349605	 -2.833333	  0.744395
  2.844086	  0.346260	 -2.844086	  0.748957
  2.854839	  0.349301	 -2.854838	  0.750478
  2.865591	  0.345651	 -2.865591	  0.754432
  2.876344	  0.348389	 -2.876343	  0.751086
  2.887097	  0.344131	 -2.887097	  0.752911
  2.897849	  0.347781	 -2.897849	  0.758386
  2.908602	  0.341393	 -2.908602	  0.759907
  2.919355	  0.339568	 -2.919354	  0.758994
  2.930108	  0.339264	 -2.930107	  0.761427
  2.940861	  0.342306	 -2.940860	  0.759602
  2.951613	  0.334398	 -2.951612	  0.758994
  2.962366	  0.335919	 -2.962365	  0.763556
  2.973118	  0.331660	 -2.973118	  0.757169
  2.983871	  0.332573	 -2.983871	  0.763252
  2.994624	  0.336527	 -2.994623	  0.769031
  3.005376	  0.329836	 -3.005376	  0.763861
  3.016129	  0.335006	 -3.016129	  0.767815
  3.026882	  0.329836	 -3.026881	  0.766902
  3.037634	  0.335919	 -3.037634	  0.772377
  3.048387	  0.335919	 -3.048387	  0.770248
  3.059140	  0.332877	 -3.059139	  0.769944
  3.069892	  0.328619	 -3.069892	  0.768727
  3.080645	  0.334094	 -3.080645	  0.772073
  3.091398	  0.328923	 -3.091397	  0.769944
  3.102151	  0.328011	 -3.102150	  0.775418
  3.112903	  0.329836	 -3.112903	  0.773593
  3.123656	  0.335919	 -3.123656	  0.775723
  3.134408	  0.334702	 -3.134408	  0.773593
  3.145161	  0.334702	 -3.145161	  0.774202
  3.155914	  0.333485	 -3.155913	  0.777547
  3.166667	  0.329531	 -3.166667	  0.771160
  3.177419	  0.329531	 -3.177419	  0.771769
  3.188172	  0.332269	 -3.188172	  0.773289
  3.198925	  0.335006	 -3.198924	  0.776331
  3.209677	  0.335614	 -3.209677	  0.775418
  3.220430	  0.335310	 -3.220430	  0.775114
  3.231183	  0.337135	 -3.231182	  0.775723
  3.241936	  0.339873	 -3.241935	  0.769944
  3.252688	  0.340785	 -3.252688	  0.770856
  3.263441	  0.339568	 -3.263441	  0.775114
  3.274194	  0.343827	 -3.274193	  0.771769
  3.284946	  0.342610	 -3.284946	  0.767510
  3.295699	  0.349301	 -3.295698	  0.770856
  3.306452	  0.349301	 -3.306451	  0.773289
  3.317204	  0.352951	 -3.317204	  0.772985
  3.327957	  0.352951	 -3.327957	  0.765077
  3.338710	  0.352647	 -3.338709	  0.767815
  3.349462	  0.352647	 -3.349462	  0.767206
  3.360215	  0.354168	 -3.360215	  0.770856
  3.370968	  0.355080	 -3.370967	  0.768423
  3.381720	  0.362380	 -3.381720	  0.769335
  3.392473	  0.362076	 -3.392473	  0.763556
  3.403226	  0.370288	 -3.403225	  0.760819
  3.413979	  0.369679	 -3.413978	  0.762340
  3.424731	  0.370288	 -3.424731	  0.759298
  3.435484	  0.369984	 -3.435483	  0.754432
  3.446237	  0.377892	 -3.446236	  0.753519
  3.456989	  0.380629	 -3.456989	  0.754432
  3.467742	  0.378196	 -3.467741	  0.756865
  3.478495	  0.384279	 -3.478494	  0.758386
  3.489247	  0.387016	 -3.489247	  0.756865
  3.500000	  0.393099	 -3.500000	  0.752607
  3.510753	  0.391274	 -3.510752	  0.748045
  3.521505	  0.391578	 -3.521505	  0.755648
  3.532258	  0.395532	 -3.532258	  0.748045
  3.543011	  0.399182	 -3.543010	  0.751695
  3.553763	  0.399182	 -3.553763	  0.744699
  3.564516	  0.404049	 -3.564516	  0.748957
  3.575269	  0.408611	 -3.575269	  0.748045
  3.586022	  0.410132	 -3.586021	  0.747741
  3.596774	  0.416215	 -3.596774	  0.746828
  3.607527	  0.413782	 -3.607527	  0.745916
  3.618279	  0.417127	 -3.618279	  0.743482
  3.629032	  0.420777	 -3.629032	  0.746828
  3.639785	  0.423514	 -3.639785	  0.738616
  3.650538	  0.421081	 -3.650537	  0.747741
  3.661290	  0.430510	 -3.661290	  0.741962
  3.672043	  0.425339	 -3.672043	  0.740137
  3.682796	  0.430814	 -3.682795	  0.741657
  3.693548	  0.431422	 -3.693548	  0.740745
  3.704301	  0.433856	 -3.704301	  0.740441
  3.715054	  0.437201	 -3.715054	  0.734662
  3.725807	  0.441155	 -3.725806	  0.737399
  3.736559	  0.441764	 -3.736559	  0.740137
  3.747312	  0.441459	 -3.747312	  0.732837
  3.758065	  0.439634	 -3.758064	  0.737399
  3.768817	  0.440243	 -3.768817	  0.734358
  3.779570	  0.442980	 -3.779570	  0.733141
  3.790323	  0.445413	 -3.790322	  0.733750
  3.801075	  0.446630	 -3.801075	  0.731316
  3.811828	  0.443284	 -3.811828	  0.730404
  3.822581	  0.447238	 -3.822580	  0.735574
  3.833333	  0.448759	 -3.833333	  0.736487
  3.844086	  0.448455	 -3.844085	  0.735879
  3.854839	  0.447238	 -3.854839	  0.729187
  3.865592	  0.448151	 -3.865591	  0.733750
  3.876344	  0.449671	 -3.876344	  0.733750
  3.887097	  0.448455	 -3.887097	  0.736183
  3.897850	  0.446022	 -3.897849	  0.735270
  3.908602	  0.450584	 -3.908602	  0.735879
  3.919355	  0.448759	 -3.919355	  0.738616
  3.930108	  0.448759	 -3.930107	  0.735574
  3.940860	  0.452409	 -3.940860	  0.737095
  3.951613	  0.448455	 -3.951613	  0.737095
  3.962366	  0.446630	 -3.962365	  0.741353
  3.973118	  0.453017	 -3.973118	  0.741353
  3.983871	  0.446022	 -3.983871	  0.741049
  3.994624	  0.443588	 -3.994623	  0.742266
  4.005376	  0.445109	 -4.005376	  0.741962
  4.016129	  0.442676	 -4.016129	  0.741049
  4.026882	  0.446022	 -4.026882	  0.740441
  4.037634	  0.439330	 -4.037634	  0.743787
  4.048387	  0.442372	 -4.048387	  0.746828
  4.059140	  0.439939	 -4.059140	  0.748349
  4.069892	  0.436897	 -4.069892	  0.746220
  4.080645	  0.432335	 -4.080645	  0.749565
  4.091398	  0.441459	 -4.091398	  0.754432
  4.102150	  0.434768	 -4.102150	  0.755953
  4.112903	  0.431727	 -4.112903	  0.754432
  4.123656	  0.427773	 -4.123655	  0.758994
  4.134409	  0.428381	 -4.134408	  0.757169
  4.145161	  0.423210	 -4.145161	  0.760819
  4.155914	  0.425643	 -4.155913	  0.759907
  4.166667	  0.418952	 -4.166667	  0.761123
  4.177419	  0.420473	 -4.177419	  0.766598
  4.188172	  0.417127	 -4.188172	  0.762948
  4.198925	  0.414998	 -4.198925	  0.766902
  4.209678	  0.418344	 -4.209677	  0.773898
  4.220430	  0.414694	 -4.220430	  0.773898
  4.231183	  0.417431	 -4.231183	  0.773593
  4.241935	  0.413477	 -4.241935	  0.773898
  4.252688	  0.409828	 -4.252688	  0.782718
  4.263441	  0.410740	 -4.263440	  0.778764
  4.274194	  0.407394	 -4.274193	  0.780589
  4.284946	  0.406482	 -4.284946	  0.783630
  4.295699	  0.407090	 -4.295699	  0.781806
  4.306452	  0.401311	 -4.306452	  0.789409
  4.317204	  0.404049	 -4.317204	  0.783022
  4.327957	  0.397053	 -4.327957	  0.791538
  4.338709	  0.397357	 -4.338709	  0.793667
  4.349463	  0.398574	 -4.349462	  0.794276
  4.360215	  0.388537	 -4.360215	  0.796405
  4.370968	  0.395837	 -4.370968	  0.802792
  4.381721	  0.396141	 -4.381720	  0.802792
  4.392473	  0.391578	 -4.392473	  0.803096
  4.403225	  0.385191	 -4.403225	  0.801880
  4.413979	  0.388841	 -4.413978	  0.807354
  4.424731	  0.389449	 -4.424731	  0.808571
  4.435484	  0.390666	 -4.435483	  0.812829
  4.446236	  0.390666	 -4.446236	  0.815262
  4.456989	  0.385800	 -4.456989	  0.814654
  4.467742	  0.382150	 -4.467741	  0.816479
  4.478495	  0.380933	 -4.478495	  0.821954
  4.489247	  0.386712	 -4.489247	  0.830470
  4.500000	  0.382150	 -4.500000	  0.831991
  4.510753	  0.376067	 -4.510753	  0.824691
  4.521505	  0.372417	 -4.521505	  0.828949
  4.532258	  0.378196	 -4.532258	  0.832903
  4.543011	  0.376675	 -4.543010	  0.830166
  4.553763	  0.380629	 -4.553763	  0.837161
  4.564516	  0.382454	 -4.564516	  0.837770
  4.575269	  0.385495	 -4.575268	  0.843853
  4.586021	  0.380629	 -4.586021	  0.844461
  4.596774	  0.378804	 -4.596774	  0.845373
  4.607527	  0.376675	 -4.607527	  0.847502
  4.618279	  0.379716	 -4.618279	  0.842028
  4.629033	  0.379412	 -4.629032	  0.849023
  4.639785	  0.380325	 -4.639784	  0.850240
  4.650537	  0.383062	 -4.650537	  0.849327
  4.661290	  0.384583	 -4.661290	  0.859668
  4.672043	  0.384887	 -4.672043	  0.856323
  4.682796	  0.386408	 -4.682795	  0.853585
  4.693549	  0.382454	 -4.693548	  0.862102
  4.704301	  0.384887	 -4.704301	  0.862102
  4.715054	  0.385495	 -4.715054	  0.867881
  4.725806	  0.380629	 -4.725806	  0.866056
  4.736559	  0.386712	 -4.736559	  0.866360
  4.747312	  0.387320	 -4.747311	  0.870010
  4.758065	  0.386408	 -4.758064	  0.867576
  4.768817	  0.386712	 -4.768817	  0.876397
  4.779570	  0.387320	 -4.779570	  0.880655
  4.790323	  0.392491	 -4.790323	  0.880351
  4.801075	  0.385800	 -4.801075	  0.879134
  4.811828	  0.390666	 -4.811828	  0.878526
  4.822580	  0.389449	 -4.822580	  0.880655
  4.833333	  0.388841	 -4.833333	  0.878526
  4.844086	  0.387624	 -4.844086	  0.886434
  4.854839	  0.384583	 -4.854838	  0.882480
  4.865592	  0.388537	 -4.865591	  0.884609
  4.876344	  0.391883	 -4.876344	  0.883088
  4.887096	  0.393707	 -4.887096	  0.884609
  4.897849	  0.393099	 -4.897849	  0.889475
  4.908602	  0.394620	 -4.908602	  0.888259
  4.919355	  0.396141	 -4.919354	  0.892213
  4.930108	  0.392491	 -4.930108	  0.895558
  4.940860	  0.394924	 -4.940860	  0.891604
  4.951613	  0.396141	 -4.951612	  0.894646
  4.962366	  0.393099	 -4.962365	  0.891300
  4.973118	  0.397357	 -4.973118	  0.889475
  4.983871	  0.392795	 -4.983871	  0.890084
  4.994624	  0.396141	 -4.994623	  0.903466
  5.005376	  0.399182	 -5.005376	  0.897383
  5.016129	  0.401007	 -5.016129	  0.895254
  5.026882	  0.397966	 -5.026881	  0.895254
  5.037634	  0.396749	 -5.037634	  0.898600
  5.048387	  0.401311	 -5.048387	  0.897383
  5.059140	  0.403440	 -5.059139	  0.903466
  5.069892	  0.397357	 -5.069892	  0.899817
  5.080645	  0.399791	 -5.080645	  0.899817
  5.091398	  0.402528	 -5.091398	  0.903162
  5.102150	  0.406786	 -5.102150	  0.901946
  5.112904	  0.404657	 -5.112903	  0.903771
  5.123656	  0.405569	 -5.123655	  0.898600
  5.134409	  0.403745	 -5.134408	  0.900121
  5.145161	  0.407698	 -5.145161	  0.905291
  5.155914	  0.406482	 -5.155914	  0.902554
  5.166667	  0.406482	 -5.166666	  0.898904
  5.177419	  0.406178	 -5.177419	  0.897383
  5.188172	  0.404049	 -5.188172	  0.894646
  5.198925	  0.408915	 -5.198925	  0.897079
  5.209677	  0.408915	 -5.209677	  0.894950
  5.220430	  0.407698	 -5.220429	  0.901033
  5.231183	  0.409828	 -5.231183	  0.901641
  5.241936	  0.411044	 -5.241935	  0.896775
  5.252688	  0.411348	 -5.252688	  0.891909
  5.263441	  0.411957	 -5.263441	  0.895254
  5.274194	  0.413477	 -5.274193	  0.891909
  5.284946	  0.412869	 -5.284946	  0.896775
  5.295699	  0.413782	 -5.295699	  0.888867
  5.306451	  0.412565	 -5.306451	  0.894342
  5.317204	  0.418648	 -5.317204	  0.893429
  5.327957	  0.417127	 -5.327956	  0.894342
  5.338710	  0.420169	 -5.338709	  0.896471
  5.349463	  0.418040	 -5.349462	  0.890084
  5.360215	  0.415911	 -5.360215	  0.894950
  5.370968	  0.419865	 -5.370967	  0.888259
  5.381720	  0.419865	 -5.381720	  0.884609
  5.392473	  0.422298	 -5.392473	  0.888259
  5.403226	  0.421994	 -5.403226	  0.885521
  5.413979	  0.423819	 -5.413978	  0.885217
  5.424731	  0.425948	 -5.424731	  0.882176
  5.435483	  0.425948	 -5.435483	  0.882784
  5.446237	  0.425948	 -5.446236	  0.880655
  5.456989	  0.426860	 -5.456989	  0.881567
  5.467741	  0.431118	 -5.467741	  0.879438
  5.478495	  0.428381	 -5.478495	  0.877613
  5.489247	  0.431727	 -5.489247	  0.877613
  5.500000	  0.429597	 -5.500000	  0.876093
				
				
				
				
				
				
				
				
				
				
