300	-14.9450960159
301.30670166	-14.855307579
302.613372803	-3.81793022156
303.920074463	7.49999952316
305.226745605	11.2752485275
306.533447266	14.3914518356
307.840118408	3.35363340378
309.146820068	19.5561885834
310.453491211	22.2348670959
311.760192871	30.7357521057
313.066864014	34.490901947
314.373565674	26.7125778198
315.680236816	23.3987731934
316.986938477	22.3112545013
318.293609619	18.0311965942
319.600311279	25.6998729706
320.906982422	32.0004844666
322.213684082	11.6904945374
323.520355225	10.710439682
324.827056885	9.82994365692
326.133728027	5.88007879257
327.440429688	9.50907707214
328.747131348	13.2862596512
330.05380249	13.9104738235
331.36050415	18.7119884491
332.667175293	14.5470094681
333.973876953	12.7566747665
335.280548096	15.2028541565
336.587249756	16.877910614
337.893920898	8.72553062439
339.200622559	14.8505001068
340.507293701	19.5304584503
341.813995361	18.4366664886
343.120666504	17.5109405518
344.427368164	7.64307785034
345.734039307	17.6435413361
347.040740967	19.8846168518
348.347412109	18.9369850159
349.65411377	13.3335399628
350.960784912	13.2707643509
352.267486572	13.4387216568
353.574188232	11.3267736435
354.880859375	11.8457393646
356.187561035	14.2920389175
357.494232178	7.48698091507
358.800933838	10.4207286835
360.10760498	-0.351731777191
361.414306641	9.24287891388
362.720977783	16.3662719727
364.027679443	10.5122356415
365.334350586	3.54860401154
366.641052246	3.58497881889
367.947723389	6.02682256699
369.254425049	4.41138601303
370.561096191	4.22334814072
371.867797852	19.5641117096
373.174468994	5.16009616852
374.481170654	0.7083568573
375.787841797	-2.84137821198
377.094543457	-4.91586780548
378.4012146	-2.56396865845
379.70791626	2.91642546654
381.01461792	3.72357177734
382.321289063	-0.517705440521
383.627990723	7.97127246857
384.934661865	1.77558016777
386.241363525	3.80406165123
387.548034668	-6.16767692566
388.854736328	-10.287364006
390.161407471	-8.69005966187
391.468109131	-9.31993770599
392.774780273	-9.99281692505
394.081481934	-8.25
395.388153076	-7.24809551239
396.694854736	-5.98354148865
398.001525879	-21.5026741028
399.308227539	-13.1635751724
400.614898682	-8.13670349121
401.921600342	-10.0031805038
403.228271484	-4.95342922211
404.534973145	-0.421405345201
405.841674805	-4.91596698761
407.148345947	-11.1464214325
408.455047607	-11.6160116196
409.76171875	-15.204161644
411.06842041	-8.73224544525
412.375091553	-20.4689598083
413.681793213	-9.99273872375
414.988464355	-18.2297935486
416.295166016	-15.200553894
417.601837158	-10.3781661987
418.908538818	-10.0801839828
420.215209961	-15.2920026779
421.521911621	-17.6906394958
422.828582764	-10.4810628891
424.135284424	-20.4458446503
425.441955566	-8.80558013916
426.748657227	-17.6343822479
428.055328369	-16.8662662506
429.362030029	-1.50518274307
430.668701172	-2.03549981117
431.975402832	-4.68085384369
433.282104492	-6.94527339935
434.588775635	-12.214550972
435.895477295	-16.2105922699
437.202148438	-18.410490036
438.508850098	-5.13243436813
439.81552124	-27.3490314484
441.1222229	-15.2347698212
442.428894043	-9.95657062531
443.735595703	-9.69462013245
445.042266846	-9.54854106903
446.348968506	-12.9483919144
447.655639648	-16.395401001
448.962341309	-14.5380029678
450.269012451	-15.327706337
451.575714111	-27.9014701843
452.882385254	-17.9287014008
454.189086914	-12.2524223328
455.495758057	-22.1988105774
456.802459717	-16.1794986725
458.109161377	-16.2296581268
459.41583252	-27.5179824829
460.72253418	-36.390422821
462.029205322	-32.8719024658
463.335906982	-28.2439346313
464.642578125	-32.6340065002
465.949279785	-26.3203430176
467.255950928	-25.4232559204
468.562652588	-28.3838443756
469.86932373	-31.5593338013
471.176025391	-31.4119987488
472.482696533	-28.1223487854
473.789398193	-31.7536411285
475.096069336	-31.1198425293
476.402770996	-29.1064567566
477.709442139	-28.1072273254
479.016143799	-23.0659008026
480.322814941	-28.4462566376
481.629516602	-39.0312576294
482.936187744	-30.1354789734
484.242889404	-38.0874862671
485.549591064	-34.3419494629
486.856262207	-31.4435157776
488.162963867	-34.7217826843
489.46963501	-39.1940498352
490.77633667	-45.379611969
492.083007813	-47.2316055298
493.389709473	-42.5391120911
494.696380615	-42.6454925537
496.003082275	-35.1643676758
497.309753418	-34.8701095581
498.616455078	-46.9626426697
499.923126221	-42.4089698792
501.229827881	-55.7221412659
502.536499023	-62.3908119202
503.843200684	-64.2469329834
505.149871826	-61.933177948
506.456573486	-61.4911003113
507.763244629	-67.4046401978
509.069946289	-71.9731826782
510.376647949	-69.6442947388
511.683319092	-71.4660491943
512.989990234	-58.020149231
514.296691895	-65.5730133057
515.603393555	-57.7058982849
516.910095215	-69.3009414673
518.21673584	-63.7713890076
519.5234375	-62.8188476563
520.83013916	-66.3717880249
522.13684082	-63.5818252563
523.443481445	-61.2369270325
524.750183105	-68.5453414917
526.056884766	-71.7499923706
527.363586426	-54.5051994324
528.670227051	-74.2194061279
529.976928711	-67.3726425171
531.283630371	-59.2412338257
532.590332031	-68.8369293213
533.896972656	-67.4744873047
535.203674316	-65.5881347656
536.510375977	-62.3324394226
537.817077637	-62.250919342
539.123779297	-65.9704589844
540.430419922	-65.1105270386
541.737121582	-66.3621139526
543.043823242	-58.1226539612
544.350524902	-61.4372749329
545.657165527	-58.2175064087
546.963867188	-62.0696716309
548.270568848	-60.2253723145
549.577270508	-68.8982772827
550.883911133	-64.681022644
552.190612793	-58.1597862244
553.497314453	-58.9387664795
554.804016113	-60.3086967468
556.110656738	-57.3408660889
557.417358398	-56.6682662964
558.724060059	-66.2152786255
560.030761719	-66.5465316772
561.337402344	-75.0706100464
562.644104004	-65.0992050171
563.950805664	-65.8516387939
565.257507324	-58.6174507141
566.564208984	-64.3339691162
567.870849609	-53.4819869995
569.17755127	-43.6382026672
570.48425293	-49.1136283875
571.79095459	-54.3465118408
573.097595215	-49.9591827393
574.404296875	-43.2981147766
575.710998535	-42.4454154968
577.017700195	-56.7164382935
578.32434082	-65.9491195679
579.63104248	-45.2870140076
580.937744141	-52.1273918152
582.244445801	-46.6741333008
583.551086426	-35.5479049683
584.857788086	-33.1572494507
586.164489746	-48.1667480469
587.471191406	-61.25
588.777893066	-54.4210891724
590.084533691	-42.817741394
591.391235352	-42.005607605
592.697937012	-33.8365287781
594.004638672	-35.5538024902
595.311279297	-28.6162776947
596.617980957	-46.4645462036
597.924682617	-41.9885864258
599.231384277	-47.2122077942
600.538024902	-43.4208450317
601.844726563	-48.0977973938
603.151428223	-49.3834152222
604.458129883	-48.0098419189
605.764770508	-45.8437042236
607.071472168	-33.3251037598
608.378173828	-26.5922698975
609.684875488	-46.234336853
610.991516113	-36.9849128723
612.298217773	-52.7682380676
613.604919434	-44.4267082214
614.911621094	-46.8586273193
616.218322754	-41.3929443359
617.524963379	-39.0807533264
618.831665039	-35.2655067444
620.138366699	-32.0206947327
621.445068359	-34.9010047913
622.751708984	-39.060749054
624.058410645	-33.3402061462
625.365112305	-27.1869182587
626.671813965	-35.0806503296
627.97845459	-29.9671173096
629.28515625	-40.2543373108
630.59185791	-42.7163619995
631.89855957	-41.321346283
633.205200195	-30.8936347961
634.511901855	-19.3556175232
635.818603516	-27.7588691711
637.125305176	-31.1641960144
638.431945801	-37.6205558777
639.738647461	-32.4109077454
641.045349121	-23.3044528961
642.352050781	-25.0626220703
643.658752441	-32.0840988159
644.965393066	-35.1078224182
646.272094727	-25.6720027924
647.578796387	-26.0992584229
648.885498047	-15.9156942368
650.192138672	-18.9444503784
651.498840332	-15.5737123489
652.805541992	-16.3071880341
654.112243652	-13.7767896652
655.418884277	-13
656.725585938	-17.3410549164
658.032287598	-13.1277246475
659.338989258	-8.50435829163
660.645629883	-5.43714237213
661.952331543	-8.37199878693
663.259033203	-19.3256778717
664.565734863	-18.9404773712
665.872375488	-22.8496990204
667.179077148	-16.0866775513
668.485778809	-14.9148750305
669.792480469	-18.4170875549
671.099182129	-8.92440509796
672.405822754	-7.15381002426
673.712524414	-15.1956319809
675.019226074	-11.7717704773
676.325927734	0.591130077839
677.632568359	-3.37272357941
678.93927002	-10.6508483887
680.24597168	-17.296705246
681.55267334	-15.5753469467
682.859313965	-1.91378688812
684.166015625	-2.11831188202
685.472717285	-1.75
686.779418945	-3.98866915703
688.08605957	-18.876411438
689.39276123	-26.9266395569
690.699462891	-19.2039241791
692.006164551	-5.73329782486
693.312866211	-14.6471700668
694.619506836	-14.541021347
695.926208496	-5.42696762085
697.232910156	-17.5316543579
698.539611816	-28.4561595917
699.846252441	-13.6691884995
701.152954102	-5.99849319458
702.459655762	-7.97303104401
703.766357422	-1.17987787724
705.072998047	-14.1851053238
706.379699707	-13.1109113693
707.686401367	-8.06396770477
708.993103027	0.430032193661
710.299743652	-6.57762527466
711.606445313	-11.7455377579
712.913146973	-0.384882241488
714.219848633	-1.29174125195
715.526489258	-13.9134893417
716.833190918	-10.2007446289
718.139892578	-2.68315601349
719.446594238	0.194624185562
720.753295898	-0.433431953192
722.059936523	2.06858968735
723.366638184	0.459826290607
724.673339844	-0.327563256025
725.980041504	11.2310848236
727.286682129	9.70404434204
728.593383789	4.91989374161
729.900085449	-10.1776103973
731.206787109	8.38219738007
732.513427734	2.75307130814
733.820129395	3.69495797157
735.126831055	17.296705246
736.433532715	14.8466091156
737.74017334	10.1349639893
739.046875	12.5772657394
740.35357666	18.9355545044
741.66027832	24.053445816
742.966918945	16.2357196808
744.273620605	12.5145702362
745.580322266	23.684513092
746.887023926	29.2226963043
748.193725586	22.8755512238
749.500366211	23.4881668091
750.807067871	27.0902061462
752.113769531	15.6549749374
753.420471191	25.1418571472
754.727111816	26.6398353577
756.033813477	29.9446334839
757.340515137	36.9642295837
758.647216797	41.6531295776
759.953857422	28.3238353729
761.260559082	25.4412631989
762.567260742	28.34126091
763.873962402	37.5283508301
765.180603027	40.3967781067
766.487304688	33.470539093
767.794006348	30.971244812
769.100708008	31.8481750488
770.407348633	33.4268608093
771.714050293	38.9999542236
773.020751953	37.7990493774
774.327453613	37.3610572815
775.634155273	42.2617263794
776.940795898	42.9199905396
778.247497559	39.1454658508
779.554199219	44.3865280151
780.860900879	37.9861679077
782.167541504	48.4821052551
783.474243164	46.7030715942
784.780944824	38.9687652588
786.087646484	58.6575279236
787.394287109	51.013256073
788.70098877	48.278503418
790.00769043	51.9630203247
791.31439209	56.9808998108
792.621032715	61.2553749084
793.927734375	54.1429100037
795.234436035	45.4051132202
796.541137695	41.9669303894
797.847839355	38.152305603
799.15447998	54.0685501099
800.461181641	55.4850845337
801.767883301	48.5
803.074584961	50.0905075073
804.381225586	64.8262405396
805.687927246	79.4588165283
806.994628906	69.9490661621
808.301330566	79.9213180542
809.607971191	79.2827072144
810.914672852	65.0236053467
812.221374512	56.7987442017
813.528076172	62.0271949768
814.834716797	64.4174118042
816.141418457	60.2330284119
817.448120117	62.7428627014
818.754821777	66.2385940552
820.061462402	61.8425064087
821.368164063	68.0628051758
822.674865723	71.1455993652
823.981567383	68.4678649902
825.288269043	94.6428070068
826.594909668	79.1589508057
827.901611328	71.4702377319
829.208312988	80.3542938232
830.515014648	100.829872131
831.821655273	88.311050415
833.128356934	85.1845855713
834.435058594	79.9308319092
835.741760254	94.9490737915
837.048400879	97.3456954956
838.355102539	89.6051025391
839.661804199	68.9248809814
840.968505859	86.9208526611
842.275146484	100.577148438
843.581848145	97.9365997314
844.888549805	87.4873886108
846.195251465	94.5013961792
847.50189209	93.9738769531
848.80859375	88.2228240967
850.11529541	87.0888900757
851.42199707	85.3947143555
852.72869873	89.90209198
854.035339355	85.6525802612
855.342041016	87.8356781006
856.648742676	93.8204574585
857.955444336	98.0739135742
859.262084961	103.174942017
860.568786621	96.1576004028
861.875488281	95.0730819702
863.182189941	91.7942962646
864.488830566	96.5864334106
865.795532227	87.2599639893
867.102233887	75.0004425049
868.408935547	85.7303237915
869.715576172	83.3859024048
871.022277832	78.2516784668
872.328979492	72.854927063
873.635681152	58.6647644043
874.942321777	69.5453643799
876.249023438	77.6510620117
877.555725098	66.5414123535
878.862426758	65.0011367798
880.169128418	65.7101516724
881.475769043	65.1835784912
882.782470703	71.5492172241
884.089172363	77.3237915039
885.395874023	78.1121292114
886.702514648	60.9202690125
888.009216309	69.6229782104
889.315917969	69.4297714233
890.622619629	66.0617599487
891.929260254	60.578212738
893.235961914	63.2202301025
894.542663574	67.4017333984
895.849365234	61.7149658203
897.156005859	73.5154724121
898.46270752	44.2829551697
899.76940918	57.9100112915
901.07611084	59.5
902.3828125	56.7938194275
903.689453125	40.1402015686
904.996154785	49.4800567627
906.302856445	45.2457733154
907.609558105	54.5417976379
908.91619873	59.4358215332
910.222900391	55.6164741516
911.529602051	55.0936279297
912.836303711	66.5958938599
914.142944336	59.4725151062
915.449645996	47.3279647827
916.756347656	49.981803894
918.063049316	41.6168556213
919.369689941	41.5803489685
920.676391602	58.9091796875
921.983093262	54.0438270569
923.289794922	48.7505760193
924.596435547	54.2971038818
925.903137207	60.9560813904
927.209838867	51.1236801147
928.516540527	55.0911369324
929.823242188	67.0563735962
931.129882813	50.8008232117
932.436584473	37.68567276
933.743286133	43.0047187805
935.049987793	47.6001625061
936.356628418	39.0921516418
937.663330078	47.9887199402
938.970031738	44.6423912048
940.276733398	39.3826332092
941.583374023	57.6808662415
942.890075684	62.0560264587
944.196777344	50.091255188
945.503479004	57.4220275879
946.810119629	63.7074394226
948.116821289	63.5223197937
949.423522949	66.2589645386
950.730224609	66.3301544189
952.036865234	58.2730445862
953.343566895	54.0599746704
954.650268555	54.7502365112
955.956970215	58.4939308167
957.263671875	51.7683563232
958.5703125	42.6377296448
959.87701416	54.2971191406
961.18371582	62.3066101074
962.49041748	64.1692352295
963.797058105	63.7790718079
965.103759766	68.0975036621
966.410461426	78.1155548096
967.717163086	69.4419631958
969.023803711	80.6954421997
970.330505371	92.2324676514
971.637207031	79.6190109253
972.943908691	61.4854011536
974.250549316	79.4008789063
975.557250977	75.1693115234
976.863952637	84.2917098999
978.170654297	71.8973007202
979.477294922	81.8519744873
980.783996582	82.4839706421
982.090698242	74.5392379761
983.397399902	100.007461548
984.704101563	77.5861968994
986.010742188	85.71509552
987.317443848	86.8403320313
988.624145508	86.3049621582
989.930847168	88.8923339844
991.237487793	97.9491882324
992.544189453	96.6031341553
993.850891113	99.5010223389
995.157592773	103.058135986
996.464233398	108.471801758
997.770935059	104.592498779
999.077636719	97.1996917725
1000.38433838	108.506065369
1001.690979	117.517700195
1002.99768066	119.442222595
1004.30438232	126.037567139
1005.61108398	124.285057068
1006.91778564	122.101585388
1008.22442627	125.332054138
1009.53112793	123.88634491
1010.83782959	131.008834839
1012.14453125	142.410980225
1013.45117188	148.44329834
1014.75787354	142.623245239
1016.0645752	128.99382019
1017.37127686	162.33505249
1018.67791748	156.698043823
1019.98461914	155.383453369
1021.2913208	179.241226196
1022.59802246	155.417129517
1023.90466309	165.486083984
1025.21142578	179.359436035
1026.51806641	187.714553833
1027.82470703	170.840606689
1029.13146973	163.485092163
1030.43811035	183.348724365
1031.74475098	197.67918396
1033.05151367	173.562210083
1034.3581543	196.337768555
1035.66491699	187.24407959
1036.97155762	213.995864868
1038.27819824	199.575546265
1039.58496094	204.004089355
1040.89160156	208.096694946
1042.19836426	230.05708313
1043.50500488	223.951065063
1044.81164551	206.042175293
1046.1184082	214.983062744
1047.42504883	232.241928101
1048.73168945	231.799362183
1050.03845215	234.035217285
1051.34509277	251.441131592
1052.65185547	257.673797607
1053.95849609	258.902862549
1055.26513672	257.132873535
1056.57189941	254.699203491
1057.87854004	249.626022339
1059.18530273	241.269790649
1060.49194336	264.53012085
1061.79858398	284.181976318
1063.10534668	266.138916016
1064.4119873	254.530517578
1065.71862793	256.328063965
1067.02539063	266.035644531
1068.33203125	266.952606201
1069.63879395	276.262329102
1070.94543457	285.505462646
1072.2520752	280.486938477
1073.55883789	278.015197754
1074.86547852	290.444122314
1076.17211914	310.303192139
1077.47888184	317.507141113
1078.78552246	314.188537598
1080.09228516	317.818603516
1081.39892578	324.38772583
1082.70556641	309.136993408
1084.0123291	302.120758057
1085.31896973	314.150848389
1086.62573242	326.329071045
1087.93237305	316.326629639
1089.23901367	324.77935791
1090.54577637	354.998962402
1091.85241699	356.090301514
1093.15905762	347.962921143
1094.46582031	350.63192749
1095.77246094	362.133087158
1097.07922363	364.077911377
1098.38586426	377.993011475
1099.69250488	373.171386719
1100.99926758	377.49520874
1102.3059082	387.500030518
1103.61254883	385.299835205
1104.91931152	380.093414307
1106.22595215	388.155273438
1107.53271484	377.760620117
1108.83935547	413.62600708
1110.14599609	406.072784424
1111.45275879	413.413238525
1112.75939941	415.252166748
1114.06616211	446.688476563
1115.37280273	402.783447266
1116.67944336	450.220825195
1117.98620605	450.325500488
1119.29284668	453.577728271
1120.5994873	459.398223877
1121.90625	466.598480225
1123.21289063	476.850982666
1124.51965332	491.168701172
1125.82629395	506.109710693
1127.13293457	495.386322021
1128.43969727	485.828765869
1129.74633789	490.41809082
1131.05297852	518.817504883
1132.35974121	521.569824219
1133.66638184	527.296813965
1134.97314453	537.071166992
1136.27978516	550.381286621
1137.58642578	543.997436523
1138.89318848	594.973876953
1140.1998291	577.313476563
1141.5065918	588.54486084
1142.81323242	600.402282715
1144.11987305	618.536193848
1145.42663574	639.884033203
1146.73327637	619.140563965
1148.03991699	641.060791016
1149.34667969	649.872924805
1150.65332031	681.487121582
1151.96008301	694.750183105
1153.26672363	676.764465332
1154.57336426	700.952453613
1155.88012695	717.745178223
1157.18676758	736.586425781
1158.4934082	731.433227539
1159.8001709	733.802368164
1161.10681152	761.594665527
1162.41357422	764.079772949
1163.72021484	771.289123535
1165.02685547	758.018615723
1166.33361816	785.989196777
1167.64025879	781.745544434
1168.94702148	785.005371094
1170.25366211	789.057434082
1171.56030273	816.835510254
1172.86706543	808.997680664
1174.17370605	840.399658203
1175.48034668	836.784851074
1176.78710938	819.182312012
1178.09375	842.305297852
1179.4005127	826.338562012
1180.70715332	830.294433594
1182.01379395	860.020812988
1183.32055664	847.015319824
1184.62719727	863.210510254
1185.93383789	865.325378418
1187.24060059	895.254272461
1188.54724121	886.165039063
1189.85400391	849.944274902
1191.16064453	869.233581543
1192.46728516	901.401977539
1193.77404785	874.603271484
1195.08068848	880.169372559
1196.38745117	906.277770996
1197.6940918	908.778076172
1199.00073242	923.952392578
1200.30749512	902.434265137
1201.61413574	901.598266602
1202.92077637	915.533874512
1204.22753906	912.515197754
1205.53417969	932.533508301
1206.84094238	929.474975586
1208.14758301	951.51953125
1209.45422363	966.914306641
1210.76098633	943.733520508
1212.06762695	970.479492188
1213.37426758	977.342651367
1214.68103027	979.816589355
1215.9876709	1012.01220703
1217.29443359	971.339538574
1218.60107422	982.171264648
1219.90771484	1020.74731445
1221.21447754	997.561523438
1222.52111816	1015.25048828
1223.82788086	1034.87268066
1225.13452148	1053.00390625
1226.44116211	1044.01513672
1227.7479248	1058.52624512
1229.05456543	1067.40771484
1230.36120605	1077.53381348
1231.66796875	1083.05944824
1232.97460938	1112.16259766
1234.28137207	1133.98620605
1235.5880127	1124.53479004
1236.89465332	1124.53601074
1238.20141602	1167.61169434
1239.50805664	1150.30432129
1240.81469727	1172.73413086
1242.12145996	1172.72888184
1243.42810059	1194.46618652
1244.73486328	1205.55407715
1246.04150391	1212.01855469
1247.34814453	1223.53381348
1248.65490723	1240.8840332
1249.96154785	1239.07739258
1251.26831055	1247.29711914
1252.57495117	1260.29699707
1253.8815918	1310.53894043
1255.18835449	1333.80957031
1256.49499512	1364.16748047
1257.80163574	1376.75695801
1259.10839844	1375.91906738
1260.41503906	1389.14172363
1261.72180176	1406.86804199
1263.02844238	1418.5098877
1264.33508301	1420.80725098
1265.6418457	1444.5682373
1266.94848633	1469.47106934
1268.25524902	1481.51135254
1269.56188965	1510.77087402
1270.86853027	1525.47668457
1272.17529297	1542.80627441
1273.48193359	1575.14746094
1274.78857422	1591.1171875
1276.09533691	1614.74047852
1277.40197754	1636.24060059
1278.70874023	1660.98925781
1280.01538086	1701.38037109
1281.32202148	1725.27233887
1282.62878418	1741.28686523
1283.9354248	1760.73669434
1285.24206543	1814.42993164
1286.54882813	1838.75695801
1287.85546875	1850.63891602
1289.16223145	1878.79052734
1290.46887207	1923.43798828
1291.7755127	1946.890625
1293.08227539	1987.28161621
1294.38891602	2011.23474121
1295.69567871	2026.43322754
1297.00231934	2073.00292969
1298.30895996	2096.99462891
1299.61572266	2124.65429688
1300.92236328	2154.13500977
1302.22900391	2214.67895508
1303.5357666	2228.09960938
1304.84240723	2265.78417969
1306.14916992	2333.27368164
1307.45581055	2355.95092773
1308.76245117	2366.30664063
1310.06921387	2438.98071289
1311.37585449	2470.92895508
1312.68249512	2523.3190918
1313.98925781	2528.90185547
1315.29589844	2594.98022461
1316.60266113	2593.96948242
1317.90930176	2645.8581543
1319.21594238	2701.71313477
1320.52270508	2699.97631836
1321.8293457	2740.46142578
1323.1361084	2763.1003418
1324.44274902	2819.32885742
1325.74938965	2871.33837891
1327.05615234	2858.43383789
1328.36279297	2906.34838867
1329.66943359	2972.69726563
1330.97619629	2964.44287109
1332.28283691	2987.97583008
1333.58959961	3019.796875
1334.89624023	3044.58935547
1336.20288086	3050.33203125
1337.50964355	3055.48217773
1338.81628418	3106.73095703
1340.1229248	3088.2565918
1341.4296875	3094.95214844
1342.73632813	3121.12451172
1344.04309082	3119.80859375
1345.34973145	3109.12548828
1346.65637207	3137.40161133
1347.96313477	3149.24121094
1349.26977539	3159.13134766
1350.57653809	3155.52832031
1351.88317871	3114.06567383
1353.18981934	3134.36987305
1354.49658203	3109.12939453
1355.80322266	3093.59545898
1357.10986328	3101.95092773
1358.41662598	3071.49780273
1359.7232666	3043.35400391
1361.0300293	3024.77612305
1362.33666992	3003.55249023
1363.64331055	2984.42504883
1364.95007324	2968.03564453
1366.25671387	2929.22607422
1367.56335449	2892.25
1368.87011719	2885.51196289
1370.17675781	2850.91674805
1371.48352051	2829.5246582
1372.79016113	2809.9128418
1374.09680176	2773.04736328
1375.40356445	2719.38208008
1376.71020508	2712.80859375
1378.01696777	2715.07592773
1379.3236084	2649.08544922
1380.63024902	2608.07910156
1381.93701172	2581.54760742
1383.24365234	2552.22558594
1384.55029297	2541.1730957
1385.85705566	2508.28564453
1387.16369629	2480.72485352
1388.47045898	2420.36425781
1389.77709961	2381.59594727
1391.08374023	2388.81640625
1392.39050293	2359.23974609
1393.69714355	2325.28515625
1395.00378418	2293.94165039
1396.31054688	2262.80615234
1397.6171875	2254.98095703
1398.9239502	2235.04736328
1400.23059082	2204.77685547
1401.53723145	2155.99389648
1402.84399414	2130.74951172
1404.15063477	2108.3215332
1405.45739746	2098.54931641
1406.76403809	2068.7512207
1408.07067871	2030.62023926
1409.37744141	2031.58154297
1410.68408203	1999.99353027
1411.99072266	2002.34484863
1413.29748535	1989.59362793
1414.60412598	1942.11315918
1415.91088867	1908.84997559
1417.2175293	1899.6463623
1418.52416992	1905.38085938
1419.83093262	1876.88671875
1421.13757324	1850.03271484
1422.44421387	1866.99035645
1423.75097656	1805.90124512
1425.05761719	1819.64208984
1426.36437988	1798.88012695
1427.67102051	1789.77905273
1428.97766113	1778.59423828
1430.28442383	1773.06445313
1431.59106445	1749.82897949
1432.89782715	1746.17370605
1434.20446777	1731.09765625
1435.5111084	1718.51721191
1436.81787109	1725.15917969
1438.12451172	1717.0201416
1439.43115234	1715.72790527
1440.73791504	1712.24047852
1442.04455566	1688.46691895
1443.35131836	1688.8651123
1444.65795898	1660.07885742
1445.96459961	1645.72106934
1447.2713623	1663.61047363
1448.57800293	1663.75598145
1449.88464355	1652.6171875
1451.19140625	1653.2244873
1452.49804688	1659.0748291
1453.80480957	1640.59741211
1455.1114502	1637.05078125
1456.41809082	1625.55664063
1457.72485352	1634.3885498
1459.03149414	1618.25952148
1460.33825684	1641.07617188
1461.64489746	1637.24890137
1462.95153809	1598.60302734
1464.25830078	1600.13134766
1465.56494141	1597.25219727
1466.87158203	1616.44470215
1468.17834473	1606.19006348
1469.48498535	1575.82971191
1470.79174805	1607.5020752
1472.09838867	1614.09960938
1473.4050293	1619.97814941
1474.71179199	1585.04846191
1476.01843262	1588.30200195
1477.32519531	1592.21643066
1478.63183594	1606.01586914
1479.93847656	1599.9140625
1481.24523926	1587.93481445
1482.55187988	1598.7746582
1483.85852051	1604.86071777
1485.1652832	1598.9498291
1486.47192383	1594.27770996
1487.77868652	1594.30725098
1489.08532715	1593.38842773
1490.39196777	1590.34924316
1491.69873047	1581.41918945
1493.00537109	1594.2734375
1494.31201172	1611.27587891
1495.61877441	1602.48925781
1496.92541504	1599.57275391
1498.23217773	1604.90893555
1499.53881836	1610.82592773
1500.84545898	1594.89880371
1502.15222168	1592.72888184
1503.4588623	1624.61328125
1504.765625	1602.45141602
1506.07226563	1605.9519043
1507.37890625	1585.54980469
1508.68566895	1602.7364502
1509.99230957	1590.27929688
1511.2989502	1598.67700195
1512.60571289	1601.33874512
1513.91235352	1595.09594727
1515.21911621	1599.35656738
1516.52575684	1624.52563477
1517.83239746	1628.3795166
1519.13916016	1618.88598633
1520.44580078	1649.78613281
1521.75244141	1636.99304199
1523.0592041	1638.58642578
1524.36584473	1651.8269043
1525.67260742	1661.89074707
1526.97924805	1670.21105957
1528.28588867	1672.13769531
1529.59265137	1665.62792969
1530.89929199	1684.61804199
1532.20605469	1709.69384766
1533.51269531	1725.7902832
1534.81933594	1708.36486816
1536.12609863	1701.27587891
1537.43273926	1766.64245605
1538.73937988	1760.84741211
1540.04614258	1742.24353027
1541.3527832	1790.11889648
1542.6595459	1798.8269043
1543.96618652	1813.03308105
1545.27282715	1825.73986816
1546.57958984	1842.79089355
1547.88623047	1835.01647949
1549.19287109	1862.69421387
1550.49963379	1891.88793945
1551.80627441	1917.4296875
1553.11303711	1930.92016602
1554.41967773	1951.46118164
1555.72631836	1988.27832031
1557.03308105	2007.30603027
1558.33972168	2029.89672852
1559.64648438	2078.68481445
1560.953125	2115.87841797
1562.25976563	2128.98608398
1563.56652832	2139.34472656
1564.87316895	2163.453125
1566.17980957	2194.4074707
1567.48657227	2270.8605957
1568.79321289	2278.46850586
1570.09997559	2315.74389648
1571.40661621	2360.00244141
1572.71325684	2375.35888672
1574.02001953	2490.30541992
1575.32666016	2515.03808594
1576.63330078	2564.10742188
1577.94006348	2589.56347656
1579.2467041	2616.35400391
1580.5534668	2703.703125
1581.86010742	2770.09594727
1583.16674805	2818.52416992
1584.47351074	2861.66943359
1585.78015137	2903.46313477
1587.08691406	2973.76049805
1588.39355469	3025.76196289
1589.70019531	3064.67211914
1591.00695801	3111.01635742
1592.31359863	3160.01025391
1593.62023926	3243.06958008
1594.92700195	3288.0324707
1596.23364258	3344.30371094
1597.54040527	3333.41870117
1598.8470459	3380.98144531
1600.15368652	3391.50097656
1601.46044922	3454.88842773
1602.76708984	3483.37475586
1604.07373047	3452.32128906
1605.38049316	3446.02490234
1606.68713379	3457.10717773
1607.99389648	3473.16967773
1609.30053711	3437.74536133
1610.60717773	3413.75244141
1611.91394043	3373.79956055
1613.22058105	3314.40991211
1614.52734375	3244.26611328
1615.83398438	3212.15527344
1617.140625	3143.21264648
1618.4473877	3098.84912109
1619.75402832	3031.19604492
1621.06066895	2952.54492188
1622.36743164	2863.23876953
1623.67407227	2752.85986328
1624.98083496	2675.22094727
1626.28747559	2589.95751953
1627.59411621	2483.97241211
1628.90087891	2388.67626953
1630.20751953	2292.67504883
1631.51416016	2238.35766602
1632.82092285	2118.77490234
1634.12756348	2042.03356934
1635.43432617	1956.54748535
1636.7409668	1878.95532227
1638.04760742	1797.34997559
1639.35437012	1718.89489746
1640.66101074	1671.95922852
1641.96777344	1603.8137207
1643.27441406	1536.82434082
1644.58105469	1523.05688477
1645.88781738	1421.15844727
1647.19445801	1393.63146973
1648.50109863	1320.71398926
1649.80786133	1323.68688965
1651.11450195	1265.51525879
1652.42126465	1186.45275879
1653.72790527	1169.36218262
1655.0345459	1109.25390625
1656.34130859	1073.4354248
1657.64794922	1008.80682373
1658.95458984	978.120666504
1660.26135254	932.962890625
1661.56799316	902.416320801
1662.87475586	862.466491699
1664.18139648	817.147827148
1665.48803711	781.510681152
1666.7947998	750.913696289
1668.10144043	734.902832031
1669.40820313	703.725830078
1670.71484375	673.342041016
1672.02148438	640.091003418
1673.32824707	616.808837891
1674.6348877	597.033874512
1675.94152832	565.809692383
1677.24829102	519.189819336
1678.55493164	508.550262451
1679.86169434	491.770782471
1681.16833496	472.365142822
1682.47497559	442.305328369
1683.78173828	419.037261963
1685.08837891	411.383178711
1686.3951416	393.251373291
1687.70178223	382.741638184
1689.00842285	356.791809082
1690.31518555	327.719177246
1691.62182617	332.313690186
1692.9284668	331.952148438
1694.23522949	297.809844971
1695.54187012	298.940216064
1696.84863281	291.525238037
1698.15527344	289.69519043
1699.46191406	273.957733154
1700.76867676	256.797088623
1702.07531738	256.726135254
1703.38195801	242.899230957
1704.6887207	229.209701538
1705.99536133	235.140228271
1707.30212402	218.322265625
1708.60876465	226.59034729
1709.91540527	215.839935303
1711.22216797	216.770446777
1712.52880859	189.449783325
1713.83557129	197.546966553
1715.14221191	203.687698364
1716.44885254	185.862258911
1717.75561523	187.525222778
1719.06225586	192.408554077
1720.36889648	190.206420898
1721.67565918	173.789199829
1722.9822998	168.139465332
1724.2890625	156.12739563
1725.59570313	154.224594116
1726.90234375	159.626434326
1728.20910645	150.432571411
1729.51574707	155.19354248
1730.8223877	147.401931763
1732.12915039	140.44859314
1733.43579102	144.509552002
1734.74255371	143.830734253
1736.04919434	141.760848999
1737.35583496	129.335601807
1738.66259766	122.229003906
1739.96923828	126.522125244
1741.27600098	128.051895142
1742.5826416	114.432609558
1743.88928223	119.424194336
1745.19604492	110.616691589
1746.50268555	108.405670166
1747.80932617	105.946128845
1749.11608887	126.174797058
1750.42272949	118.230079651
1751.72949219	110.988319397
1753.03613281	91.9450302124
1754.34277344	101.490653992
1755.64953613	104.561798096
1756.95617676	101.784606934
1758.26281738	98.0033798218
1759.56958008	100.813751221
1760.8762207	99.6964874268
1762.1829834	100.540100098
1763.48962402	105.293655396
1764.79626465	84.8501281738
1766.10302734	115.251670837
1767.40966797	94.6950073242
1768.71643066	92.6865081787
1770.02307129	88.0064163208
1771.32971191	77.7087402344
1772.63647461	81.8296661377
1773.94311523	87.671295166
1775.24975586	86.8055343628
1776.55651855	90.6270599365
1777.86315918	86.7853240967
1779.16992188	82.9055023193
1780.4765625	74.3973693848
1781.78320313	76.361114502
1783.08996582	86.4966506958
1784.39660645	87.6608123779
1785.70324707	85.6674804688
1787.01000977	82.9239654541
1788.31665039	68.2552719116
1789.62341309	75.2826385498
1790.93005371	68.5902938843
1792.23669434	71.3945007324
1793.54345703	74.4094543457
1794.85009766	77.2220611572
1796.15686035	75.0248031616
1797.46350098	68.8983078003
1798.7701416	80.2084274292
1800.0769043	82.7774734497
1801.38354492	73.4534988403
1802.69018555	74.0017089844
1803.99694824	82.0238265991
1805.30358887	82.803565979
1806.61035156	83.5173568726
1807.91699219	79.2283782959
1809.22363281	65.0208129883
1810.53039551	75.7614517212
1811.83703613	70.458732605
1813.14367676	73.9025344849
1814.45043945	73.0886154175
1815.75708008	80.8844223022
1817.06384277	54.5029220581
1818.3704834	85.8637924194
1819.67712402	79.7691192627
1820.98388672	69.3635253906
1822.29052734	66.6308670044
1823.59729004	70.7063674927
1824.90393066	68.1492233276
1826.21057129	72.344581604
1827.51733398	74.4825515747
1828.82397461	59.2711219788
1830.13061523	63.7493400574
1831.43737793	84.1335601807
1832.74401855	83.4313354492
1834.05078125	76.9100189209
1835.35742188	64.0369338989
1836.6640625	68.0851898193
1837.9708252	79.6909484863
1839.27746582	82.8601226807
1840.58410645	83.3126831055
1841.89086914	72.7680358887
1843.19750977	70.1898727417
1844.50427246	70.7497634888
1845.81091309	67.4794616699
1847.11755371	82.2161254883
1848.42431641	73.8347091675
1849.73095703	81.5874786377
1851.03771973	80.0749435425
1852.34436035	71.9828796387
1853.65100098	66.4838867188
1854.95776367	72.0446777344
1856.2644043	79.9442825317
1857.57104492	74.1135787964
1858.87780762	71.908996582
1860.18444824	69.0410919189
1861.49121094	66.0986328125
1862.79785156	72.6823043823
1864.10449219	79.9468841553
1865.41125488	70.1590270996
1866.71789551	76.0964508057
1868.02453613	72.5002746582
1869.33129883	69.6498413086
1870.63793945	76.2315673828
1871.94470215	83.220993042
1873.25134277	81.6645965576
1874.5579834	81.4975280762
1875.86474609	79.0679397583
1877.17138672	67.6377944946
1878.47814941	79.4766845703
1879.78479004	72.4406890869
1881.09143066	75.6954193115
1882.39819336	81.0550537109
1883.70483398	79.532119751
1885.01147461	81.9468994141
1886.3182373	85.9876937866
1887.62487793	79.6103134155
1888.93164063	84.7028045654
1890.23828125	65.4811401367
1891.54492188	70.4480133057
1892.85168457	74.3839874268
1894.1583252	74.7415466309
1895.46508789	79.3568115234
1896.77172852	62.8590774536
1898.07836914	77.2825546265
1899.38513184	79.7585144043
1900.69177246	82.6276626587
1901.99841309	67.2926864624
1903.30517578	77.0039901733
1904.61181641	67.0294876099
1905.9185791	63.5029144287
1907.22521973	76.3880615234
1908.53186035	73.0921020508
1909.83862305	76.2612609863
1911.14526367	80.6055450439
1912.4519043	69.4587020874
1913.75866699	72.7894821167
1915.06530762	57.1246376038
1916.37207031	67.7952270508
1917.67871094	65.6152038574
1918.98535156	73.3679122925
1920.29211426	68.8614044189
1921.59875488	79.0610046387
1922.90551758	79.1927185059
1924.2121582	67.035484314
1925.51879883	69.025680542
1926.82556152	73.9564819336
1928.13220215	56.2193107605
1929.43884277	84.2214431763
1930.74560547	80.4488754272
1932.05224609	85.8217697144
1933.35900879	87.4966812134
1934.66564941	78.2886505127
1935.97229004	67.8471984863
1937.27905273	75.4421463013
1938.58569336	71.6835098267
1939.89233398	78.740272522
1941.19909668	77.7380371094
1942.5057373	58.3535995483
1943.8125	78.8593978882
1945.11914063	71.5074386597
1946.42578125	73.0504837036
1947.73254395	74.7252349854
1949.03918457	75.5707168579
1950.34594727	81.6616973877
1951.65258789	75.4075698853
1952.95922852	70.2416000366
1954.26599121	81.0701217651
1955.57263184	80.3888092041
1956.87927246	91.4820175171
1958.18603516	80.5841064453
1959.49267578	81.063583374
1960.79943848	80.5094070435
1962.1060791	69.9063949585
1963.41271973	74.1021499634
1964.71948242	88.9867401123
1966.02612305	74.6207733154
1967.33276367	90.5298690796
1968.63952637	73.8928604126
1969.94616699	89.2315216064
1971.25292969	89.6003494263
1972.55957031	77.4319915771
1973.86621094	70.1575164795
1975.17297363	78.3882598877
1976.47961426	86.345123291
1977.78637695	80.3950653076
1979.09301758	86.5852279663
1980.3996582	90.0824050903
1981.7064209	70.649772644
1983.01306152	81.4195022583
1984.31970215	82.8020782471
1985.62646484	77.3609390259
1986.93310547	77.70677948
1988.23986816	80.9494857788
1989.54650879	89.4650344849
1990.85314941	85.2449798584
1992.15991211	91.4834518433
1993.46655273	97.0998382568
1994.77319336	87.0457229614
1996.07995605	90.4603042603
1997.38659668	86.4268493652
1998.69335938	81.7108764648
2000	87.7411651611
