100	336.473907471
100.785583496	333.499084473
101.571166992	343.088104248
102.356750488	345.643371582
103.142326355	343.20602417
103.927909851	347.759552002
104.713493347	361.468261719
105.499076843	369.871368408
106.284660339	373.953308105
107.070243835	392.448394775
107.855819702	437.839080811
108.641403198	442.795959473
109.426986694	429.599151611
110.21257019	409.652191162
110.998153687	383.670318604
111.783737183	369.682281494
112.569313049	365.014099121
113.354896545	390.369415283
114.140480042	379.239349365
114.926063538	386.256652832
115.711647034	407.781677246
116.49723053	420.985137939
117.282806396	418.903686523
118.068389893	420.879943848
118.853973389	441.354675293
119.639556885	418.233001709
120.425140381	417.631866455
121.210723877	418.762542725
121.996299744	421.262268066
122.78188324	426.129425049
123.567466736	438.625732422
124.353050232	458.836029053
125.138633728	450.009033203
125.924217224	432.729309082
126.709793091	429.948120117
127.495376587	415.878479004
128.280960083	407.725952148
129.066543579	414.457275391
129.852127075	420.542297363
130.637710571	419.82711792
131.423294067	461.317504883
132.208877563	446.370605469
132.99446106	438.787139893
133.780044556	434.542755127
134.565612793	428.9090271
135.351196289	421.557220459
136.136779785	420.028564453
136.922363281	425.515472412
137.707946777	421.428894043
138.493530273	422.308746338
139.27911377	439.153839111
140.064697266	453.273681641
140.850280762	450.975463867
141.635864258	446.009246826
142.421447754	448.505310059
143.20703125	444.44152832
143.992599487	413.669891357
144.778182983	401.805084229
145.563766479	444.654724121
146.349349976	425.820770264
147.134933472	426.020874023
147.920516968	424.99609375
148.706100464	431.937988281
149.49168396	444.879577637
150.277267456	431.97277832
151.062850952	396.614227295
151.848434448	400.432189941
152.634017944	406.731658936
153.419586182	402.3203125
154.205169678	407.300628662
154.990753174	406.02255249
155.77633667	400.422393799
156.561920166	403.875
157.347503662	406.02545166
158.133087158	401.360473633
158.918670654	414.028961182
159.70425415	416.946380615
160.489837646	400.224121094
161.275421143	394.908294678
162.061004639	399.026855469
162.846572876	397.807861328
163.632156372	390.960723877
164.417739868	383.4637146
165.203323364	385.232574463
165.98890686	400.034698486
166.774490356	390.105834961
167.560073853	371.609436035
168.345657349	375.717315674
169.131240845	384.279724121
169.916824341	381.099578857
170.702407837	397.213470459
171.487991333	383.764129639
172.273574829	388.484741211
173.059143066	391.365692139
173.844726563	379.003479004
174.630310059	379.162506104
175.415893555	389.480010986
176.201477051	386.674926758
176.987060547	368.106445313
177.772644043	369.906494141
178.558227539	359.868591309
179.343811035	355.048553467
180.129394531	354.082855225
180.914978027	350.813110352
181.700561523	356.327484131
182.486129761	363.544677734
183.271713257	361.205505371
184.057296753	352.589904785
184.842880249	348.71887207
185.628463745	362.901031494
186.414047241	356.398712158
187.199630737	362.251373291
187.985214233	361.125671387
188.770797729	355.509979248
189.556381226	352.845672607
190.341964722	346.4765625
191.127548218	330.808685303
191.913116455	351.405822754
192.698699951	352.884246826
193.484283447	344.823150635
194.269866943	327.022369385
195.055450439	324.08380127
195.841033936	324.269012451
196.626617432	320.930969238
197.412200928	318.211151123
198.197784424	315.829498291
198.98336792	325.565338135
199.768951416	295.086425781
200.554534912	303.370727539
201.340118408	304.377166748
202.125686646	298.610107422
202.911270142	300.041107178
203.696853638	299.995849609
204.482437134	292.251342773
205.26802063	300.014953613
206.053604126	306.618347168
206.839187622	316.094696045
207.624771118	317.000030518
208.410354614	312.138183594
209.19593811	310.777587891
209.981521606	310.387298584
210.767105103	311.632659912
211.55267334	315.078887939
212.338256836	314.556762695
213.123840332	321.656311035
213.909423828	312.172790527
214.695007324	331.643218994
215.48059082	337.503448486
216.266174316	329.91784668
217.051757813	334.774658203
217.837341309	344.633789063
218.622924805	342.771270752
219.408508301	345.541137695
220.194091797	355.082977295
220.979660034	377.082763672
221.76524353	363.252166748
222.550827026	369.804443359
223.336410522	360.257446289
224.121994019	368.016326904
224.907577515	378.72088623
225.693161011	368.395080566
226.478744507	364.391326904
227.264328003	365.463500977
228.049911499	376.174346924
228.835494995	378.365814209
229.621078491	380.645141602
230.406646729	389.161560059
231.192230225	388.578796387
231.977813721	378.982299805
232.763397217	379.46774292
233.548980713	397.63394165
234.334564209	401.857055664
235.120147705	382.2059021
235.905731201	386.70324707
236.691314697	408.516143799
237.476898193	404.19430542
238.262481689	393.567352295
239.048065186	391.459564209
239.833648682	405.527282715
240.619216919	419.221282959
241.404800415	399.564483643
242.190383911	428.456756592
242.975967407	432.032714844
243.761550903	405.035675049
244.547134399	411.567840576
245.332717896	411.424041748
246.118301392	414.338592529
246.903884888	423.966583252
247.689468384	423.38470459
248.47505188	411.269744873
249.260635376	418.890380859
250.046203613	425.153198242
250.831787109	441.265258789
251.617370605	431.190460205
252.402954102	437.873474121
253.188537598	435.027160645
253.974121094	431.474945068
254.75970459	437.057128906
255.545288086	442.346130371
256.330871582	448.940307617
257.116455078	450.956329346
257.902038574	459.015167236
258.68762207	455.816162109
259.473205566	463.6534729
260.258789063	464.944000244
261.044372559	458.370422363
261.829956055	456.335113525
262.615539551	461.177734375
263.401123047	460.644836426
264.186706543	453.967010498
264.972259521	453.667602539
265.757843018	449.199798584
266.543426514	470.3019104
267.32901001	472.099090576
268.114593506	484.597991943
268.900177002	495.150360107
269.685760498	485.652557373
270.471343994	471.461547852
271.25692749	478.936584473
272.042510986	487.61050415
272.828094482	482.815704346
273.613677979	497.766967773
274.399261475	496.157409668
275.184844971	497.224151611
275.970428467	500.217407227
276.756011963	505.066345215
277.541595459	509.121032715
278.327178955	509.85736084
279.112762451	508.295379639
279.898345947	494.458618164
280.683929443	526.551818848
281.469512939	512.855651855
282.255096436	540.354675293
283.040679932	539.490356445
283.82623291	533.443054199
284.611816406	533.304016113
285.397399902	538.163269043
286.182983398	549.737670898
286.968566895	556.03326416
287.754150391	538.262695313
288.539733887	569.182373047
289.325317383	554.700134277
290.110900879	550.992370605
290.896484375	561.389648438
291.682067871	569.786804199
292.467651367	567.569824219
293.253234863	562.333312988
294.038818359	565.371398926
294.824401855	573.946166992
295.609985352	572.535949707
296.395568848	556.312255859
297.181152344	573.266296387
297.96673584	550.432495117
298.752319336	530.186584473
299.537902832	527.041137695
300.323486328	530.591796875
301.109069824	525.397888184
301.89465332	510.84274292
302.680236816	508.11541748
303.465789795	536.698181152
304.251373291	521.929016113
305.036956787	537.322021484
305.822540283	524.879089355
306.608123779	510.869262695
307.393707275	506.926483154
308.179290771	503.855773926
308.964874268	502.469604492
309.750457764	500.613861084
310.53604126	489.137573242
311.321624756	490.036804199
312.107208252	493.064788818
312.892791748	497.278503418
313.678375244	496.573547363
314.46395874	472.177276611
315.249542236	475.360687256
316.035125732	480.356872559
316.820709229	482.999572754
317.606292725	481.501464844
318.391876221	467.326538086
319.177459717	468.683929443
319.963043213	469.244995117
320.748626709	445.38961792
321.534210205	433.680603027
322.319763184	434.308319092
323.10534668	454.99319458
323.890930176	458.680328369
324.676513672	447.049530029
325.462097168	445.849761963
326.247680664	452.054260254
327.03326416	446.705200195
327.818847656	460.499908447
328.604431152	442.25402832
329.390014648	436.813720703
330.175598145	461.35067749
330.961181641	456.673370361
331.746765137	438.534667969
332.532348633	446.106140137
333.317932129	448.386108398
334.103515625	430.00112915
334.889099121	431.484863281
335.674682617	455.573883057
336.460266113	431.893981934
337.245849609	442.154266357
338.031433105	428.659912109
338.817016602	431.263427734
339.602600098	431.390533447
340.388183594	430.180114746
341.17376709	433.500427246
341.959320068	434.846221924
342.744903564	428.273376465
343.530487061	421.492553711
344.316070557	425.188049316
345.101654053	437.861328125
345.887237549	445.733764648
346.672821045	423.472564697
347.458404541	432.388305664
348.243988037	434.738098145
349.029571533	430.698516846
349.815155029	431.077514648
350.600738525	432.396606445
351.386322021	424.79699707
352.171905518	416.617919922
352.957489014	426.547943115
353.74307251	418.946533203
354.528656006	428.341552734
355.314239502	407.891723633
356.099822998	417.361816406
356.885406494	418.569702148
357.67098999	427.605072021
358.456573486	432.618530273
359.242156982	421.328948975
360.027740479	411.625183105
360.813293457	417.501586914
361.598876953	415.279388428
362.384460449	419.938537598
363.170043945	393.850372314
363.955627441	413.554046631
364.741210938	414.659606934
365.526794434	410.281829834
366.31237793	412.835479736
367.097961426	416.944488525
367.883544922	421.922729492
368.669128418	424.532775879
369.454711914	421.333343506
370.24029541	417.357177734
371.025878906	400.30859375
371.811462402	406.354949951
372.597045898	409.094421387
373.382629395	406.838439941
374.168212891	408.566955566
374.953796387	405.604919434
375.739379883	396.63583374
376.524963379	397.607116699
377.310546875	402.093383789
378.096130371	406.662536621
378.881713867	420.018859863
379.667297363	404.071228027
380.452850342	406.96270752
381.238433838	412.751373291
382.024017334	386.170776367
382.80960083	384.700500488
383.595184326	403.34185791
384.380767822	403.001800537
385.166351318	393.233032227
385.951934814	396.550598145
386.737518311	399.423370361
387.523101807	387.212097168
388.308685303	387.733276367
389.094268799	395.098846436
389.879852295	393.030761719
390.665435791	394.860717773
391.451019287	392.745605469
392.236602783	388.530761719
393.022186279	391.612792969
393.807769775	388.54486084
394.593353271	385
395.378936768	390.623718262
396.164520264	393.83605957
396.95010376	388.877502441
397.735687256	396.794250488
398.521270752	379.923187256
399.306854248	386.333312988
400.092407227	385.722625732
400.877990723	392.045257568
401.663574219	408.330200195
402.449157715	403.334442139
403.234741211	399.693206787
404.020324707	397.172943115
404.805908203	400.175567627
405.591491699	409.112060547
406.377075195	404.433044434
407.162658691	394.792358398
407.948242188	410.725921631
408.733825684	414.991882324
409.51940918	406.720397949
410.304992676	416.602661133
411.090576172	417.912567139
411.876159668	412.284515381
412.661743164	409.863555908
413.44732666	405.93649292
414.232910156	410.667663574
415.018493652	423.023468018
415.804077148	429.859466553
416.589660645	441.07611084
417.375244141	423.939544678
418.160827637	441.057403564
418.946380615	428.514373779
419.731964111	422.805236816
420.517547607	438.299743652
421.303131104	450.190582275
422.0887146	442.883422852
422.874298096	440.784667969
423.659881592	442.550170898
424.445465088	441.739532471
425.231048584	442.71081543
426.01663208	442.129180908
426.802215576	456.671051025
427.587799072	452.120025635
428.373382568	448.436279297
429.158966064	438.50894165
429.944549561	448.186096191
430.730133057	451.646850586
431.515716553	452.437591553
432.301300049	452.282440186
433.086883545	462.762634277
433.872467041	464.465545654
434.658050537	456.537109375
435.443634033	467.045806885
436.229217529	470.671630859
437.014801025	476.04019165
437.800384521	496.186767578
438.5859375	490.654785156
439.371520996	471.516937256
440.157104492	468.666656494
440.942687988	481.021850586
441.728271484	486.423400879
442.51385498	494.842163086
443.299438477	491.736114502
444.085021973	481.065093994
444.870605469	486.299468994
445.656188965	501.384552002
446.441772461	513.484436035
447.227355957	521.86706543
448.012939453	517.441345215
448.798522949	523.609436035
449.584106445	541.580871582
450.369689941	553.261474609
451.155273438	536.94354248
451.940856934	544.557067871
452.72644043	562.442626953
453.512023926	572.078369141
454.297607422	579.280822754
455.083190918	579.495300293
455.868774414	572.525085449
456.65435791	588.165161133
457.439910889	577.293762207
458.225494385	582.638244629
459.011077881	581.714233398
459.796661377	628.530578613
460.582244873	626.968383789
461.367828369	617.951049805
462.153411865	625.800292969
462.938995361	635.190551758
463.724578857	646.068847656
464.510162354	652.136352539
465.29574585	664.482543945
466.081329346	683.252929688
466.866912842	667.915710449
467.652496338	687.017333984
468.438079834	680.548522949
469.22366333	678.693908691
470.009246826	704.798339844
470.794830322	711.527282715
471.580413818	725.360778809
472.365997314	712.719543457
473.151580811	719.368469238
473.937164307	751.884155273
474.722747803	768.666870117
475.508331299	774.406799316
476.293914795	792.596313477
477.079467773	801.147399902
477.86505127	803.523376465
478.650634766	824.781433105
479.436218262	821.055664063
480.221801758	838.386230469
481.007385254	892.138366699
481.79296875	882.712585449
482.578552246	932.10925293
483.364135742	986.56451416
484.149719238	994.476318359
484.935302734	973.12487793
485.72088623	977.387451172
486.506469727	1001.41271973
487.292053223	1017.38336182
488.077636719	1041.29406738
488.863220215	1055.46508789
489.648803711	1077.06933594
490.434387207	1125.74499512
491.219970703	1135.0402832
492.005554199	1221.15905762
492.791137695	1263.58813477
493.576721191	1303.2545166
494.362304688	1374.80773926
495.147888184	1457.25878906
495.93347168	1507.48388672
496.719024658	1590.5333252
497.504608154	1703.09863281
498.29019165	1795.13330078
499.075775146	1889.7520752
499.861358643	1969.66369629
500.646942139	2089.38012695
501.432525635	2203.9519043
502.218109131	2324.29589844
503.003692627	2378.48217773
503.789276123	2417.87133789
504.574859619	2435.80224609
505.360443115	2418.27661133
506.146026611	2324.01220703
506.931610107	2181.17333984
507.717193604	2045.58496094
508.5027771	1905.15380859
509.288360596	1754.3614502
510.073944092	1605.85620117
510.859527588	1432.08154297
511.645111084	1272.89147949
512.430664063	1162.60302734
513.216247559	1053.66589355
514.001831055	933.459472656
514.787414551	880.785949707
515.572998047	814.337280273
516.358581543	738.63079834
517.144165039	678.262817383
517.929748535	630.11126709
518.715332031	572.22833252
519.500915527	532.550415039
520.286499023	519.863525391
521.07208252	498.70413208
521.857666016	466.658996582
522.643249512	452.39944458
523.428833008	431.6796875
524.214416504	410.743865967
525	385.217010498
525.785583496	360.275543213
526.571166992	354.463134766
527.356750488	356.002288818
528.142333984	333.582855225
528.92791748	314.540527344
529.713500977	319.862792969
530.499084473	304.174316406
531.284667969	286.39831543
532.070251465	290.088104248
532.855834961	285.365325928
533.641418457	268.368988037
534.427001953	273.413208008
535.212585449	275.658630371
535.998168945	259.640594482
536.783752441	249.872116089
537.569335938	227.826873779
538.354919434	234.085769653
539.14050293	229.834869385
539.926086426	234.073043823
540.711669922	232.680206299
541.497253418	221.820770264
542.282836914	225.43258667
543.06842041	216.423751831
543.854003906	211.692459106
544.639526367	206.805419922
545.425109863	199.585342407
546.210693359	207.014434814
546.996276855	208.541290283
547.781860352	204.957870483
548.567443848	212.630828857
549.353027344	193.076293945
550.13861084	187.273254395
550.924194336	196.988174438
551.709777832	193.714797974
552.495361328	195.299514771
553.280944824	182.361206055
554.06652832	178.666671753
554.852111816	187.682479858
555.637695313	186.138244629
556.423278809	186.491043091
557.208862305	188.578521729
557.994445801	184.713790894
558.780029297	179.613006592
559.565612793	177.421768188
560.351196289	177.815383911
561.136779785	166.376251221
561.922363281	180.053268433
562.707946777	178.197433472
563.493530273	181.330566406
564.27911377	177.573471069
565.064697266	186.147277832
565.850280762	177.181610107
566.635864258	183.393661499
567.421447754	180.365264893
568.20703125	179.723373413
568.992614746	181.451049805
569.778198242	180.588989258
570.563781738	182.467819214
571.349365234	181.738311768
572.13494873	180.278549194
572.920532227	187.081573486
573.706115723	183.01449585
574.491699219	182.419708252
575.277282715	184.088302612
576.062866211	182.333328247
576.848449707	182.355026245
577.634033203	184.869445801
578.419616699	190.960128784
579.205200195	182.458374023
579.990783691	183.787841797
580.776367188	190.696075439
581.561950684	189.221008301
582.34753418	188.350448608
583.133056641	188.815414429
583.918640137	185.848571777
584.704223633	182.70602417
585.489807129	188.104019165
586.275390625	199.523330688
587.060974121	202.361663818
587.846557617	197.270690918
588.632141113	195.318191528
589.417724609	198.916290283
590.203308105	200.641586304
590.988891602	194.031448364
591.774475098	192.115585327
592.560058594	193.77355957
593.34564209	197.602432251
594.131225586	189.280471802
594.916809082	204.246398926
595.702392578	205.656768799
596.487976074	201.365936279
597.27355957	203.315109253
598.059143066	202.803787231
598.844726563	201.956207275
599.630310059	206.588348389
600.415893555	208.738418579
601.201477051	206.818344116
601.987060547	207.684738159
602.772644043	204.416503906
603.558227539	194.767883301
604.343811035	198.656723022
605.129394531	210.173522949
605.914978027	203.852813721
606.700561523	204.2787323
607.48614502	201.734603882
608.271728516	203.771255493
609.057312012	193.176315308
609.842895508	190.375961304
610.628479004	183.228485107
611.4140625	184.972671509
612.199645996	189.772735596
612.985229492	182.803146362
613.770812988	186.39553833
614.556396484	195.03276062
615.34197998	187.462219238
616.127563477	193.264648438
616.913146973	199.524139404
617.698730469	186.483062744
618.484313965	200.776153564
619.269897461	191.211776733
620.055480957	189.320907593
620.841064453	173.492080688
621.626586914	187.437423706
622.41217041	180.32208252
623.197753906	180.173461914
623.983337402	190.868560791
624.768920898	184.536773682
625.554504395	184.325561523
626.340087891	184.385055542
627.125671387	180.907821655
627.911254883	175.028167725
628.696838379	174.455337524
629.482421875	180.432601929
630.268005371	183.939880371
631.053588867	182.300643921
631.839172363	184.672088623
632.624755859	188.870742798
633.410339355	170.266830444
634.195922852	171.657043457
634.981506348	181.441085815
635.767089844	185.439727783
636.55267334	187.292205811
637.338256836	181.583221436
638.123840332	179.513687134
638.909423828	176.454849243
639.695007324	178.174835205
640.48059082	181.480392456
641.266174316	174.162307739
642.051757813	179.532150269
642.837341309	173.865371704
643.622924805	177.265914917
644.408508301	177.434875488
645.194091797	179.60067749
645.979675293	179.798339844
646.765258789	176.403091431
647.550842285	183.750289917
648.336425781	182.501190186
649.122009277	192.279815674
649.907592773	182.01802063
650.69317627	177.162857056
651.478759766	176.311386108
652.264343262	165.063491821
653.049926758	183.121582031
653.835510254	175.478179932
654.62109375	162.240524292
655.406677246	170.537841797
656.192260742	173.359634399
656.977844238	170.73197937
657.763427734	172.771286011
658.54901123	168.209564209
659.334594727	180.024963379
660.120178223	178.05557251
660.905700684	169.193405151
661.69128418	168.981445313
662.476867676	172.144683838
663.262451172	176.164657593
664.048034668	178.59034729
664.833618164	180.002471924
665.61920166	179.098175049
666.404785156	168.861633301
667.190368652	175.025802612
667.975952148	168.772918701
668.761535645	175.193145752
669.547119141	174.633041382
670.332702637	160.476303101
671.118286133	172.980575562
671.903869629	152.555541992
672.689453125	158.830795288
673.475036621	170.001846313
674.260620117	174.720062256
675.046203613	161.122467041
675.831787109	160.977767944
676.617370605	162.9634552
677.402954102	163.78704834
678.188537598	159.742477417
678.974121094	153.354721069
679.75970459	151.779434204
680.545288086	162.809997559
681.330871582	160.636535645
682.116455078	151.136779785
682.902038574	153.042068481
683.68762207	145.711715698
684.473205566	147.462295532
685.258789063	163.214263916
686.044372559	156.783615112
686.829956055	149.232528687
687.615539551	152.340957642
688.401123047	150.215484619
689.186706543	161.533294678
689.972290039	151.52772522
690.757873535	156.964492798
691.543457031	153.496414185
692.329040527	150.282653809
693.114624023	159.354690552
693.90020752	155.365570068
694.685791016	150.072952271
695.471374512	152.29788208
696.256958008	159.106201172
697.042541504	152.90536499
697.828125	158.257110596
698.613708496	159.084625244
699.399230957	166.190658569
700.184814453	164.100982666
700.970397949	158.302597046
701.755981445	155.679321289
702.541564941	148.915588379
703.327148438	151.760696411
704.112731934	155.727935791
704.89831543	153.588500977
705.683898926	154.31362915
706.469482422	151.289154053
707.255065918	154.89352417
708.040649414	160.222869873
708.82623291	154.822601318
709.611816406	157.644760132
710.397399902	150.150375366
711.182983398	146.569671631
711.968566895	139.82194519
712.754150391	153.167556763
713.539733887	143.730895996
714.325317383	155.721786499
715.110900879	146.789260864
715.896484375	153.483963013
716.682067871	153.879104614
717.467651367	147.244232178
718.253234863	158.44354248
719.038818359	154.431243896
719.824401855	151.004043579
720.609985352	152.98727417
721.395568848	161.469955444
722.181152344	158.784790039
722.96673584	155.880844116
723.752319336	162.85118103
724.537902832	162.282577515
725.323486328	155.000076294
726.109069824	149.610916138
726.89465332	158.047470093
727.680236816	166.23034668
728.465820313	153.704879761
729.251403809	161.373352051
730.036987305	161.272583008
730.822570801	165.538970947
731.608154297	165.687408447
732.393737793	159.732681274
733.179321289	169.749771118
733.964904785	154.587615967
734.750488281	151.358184814
735.536071777	173.071990967
736.321655273	149.253463745
737.10723877	171.195068359
737.89276123	169.969268799
738.678344727	175.441864014
739.463928223	166.529342651
740.249511719	164.769210815
741.035095215	166.477462769
741.820678711	172.666320801
742.606262207	164.630584717
743.391845703	166.333847046
744.177429199	165.284744263
744.963012695	167.988037109
745.748596191	166.080383301
746.534179688	171.284255981
747.319763184	178.855148315
748.10534668	175.944396973
748.890930176	174.333328247
749.676513672	177.563415527
750.462097168	182.707580566
751.247680664	176.09135437
752.03326416	167.276672363
752.818847656	180.671951294
753.604431152	186.047836304
754.390014648	180.889282227
755.175598145	175.668289185
755.961181641	174.50340271
756.746765137	173.120285034
757.532348633	162.443405151
758.317932129	183.520370483
759.103515625	174.820739746
759.889099121	177.313781738
760.674682617	176.660858154
761.460266113	170.506942749
762.245849609	177.573318481
763.031433105	174.938476563
763.817016602	180.010406494
764.602600098	182.966918945
765.388183594	177.212249756
766.17376709	187.594100952
766.959350586	173.137649536
767.744934082	183.413360596
768.530517578	185.663146973
769.316101074	176.015701294
770.10168457	177.964401245
770.887268066	175.256500244
771.672851563	180.023544312
772.458435059	178.693252563
773.244018555	179.049682617
774.029602051	184.8802948
774.815185547	180.237518311
775.600769043	178.780883789
776.386291504	184.761016846
777.171875	187.03527832
777.957458496	180.945449829
778.743041992	178.680496216
779.528625488	181.768630981
780.314208984	169.438049316
781.09979248	178.240036011
781.885375977	184.674850464
782.670959473	185.604217529
783.456542969	177.58001709
784.242126465	181.383682251
785.027709961	191.003250122
785.813293457	186.303543091
786.598876953	183.30178833
787.384460449	185.383270264
788.170043945	188.628494263
788.955627441	193.400466919
789.741210938	187.903564453
790.526794434	206.573760986
791.31237793	177.530914307
792.097961426	195.123764038
792.883544922	190.826034546
793.669128418	202.616821289
794.454711914	198.420837402
795.24029541	185.116943359
796.025878906	184.543273926
796.811462402	187.807693481
797.597045898	193.343399048
798.382629395	187.015914917
799.168212891	184.805877686
799.953796387	197.490615845
800.739379883	203.078216553
801.524963379	194.710067749
802.310546875	188.743057251
803.096130371	193.838500977
803.881713867	204.861404419
804.667297363	205.784072876
805.452880859	194.646331787
806.238464355	194.43119812
807.024047852	195.670135498
807.809631348	195.125839233
808.595214844	202.337036133
809.38079834	199.132843018
810.166381836	203.742538452
810.951965332	199.069335938
811.737548828	185.025009155
812.523132324	192.932601929
813.30871582	197.568130493
814.094299316	196.296966553
814.879821777	193.850799561
815.665405273	198.485733032
816.45098877	203.714813232
817.236572266	200.890350342
818.022155762	198.120697021
818.807739258	195.967895508
819.593322754	195.602249146
820.37890625	186.91166687
821.164489746	199.516952515
821.950073242	200.523757935
822.735656738	207.617721558
823.521240234	202.701843262
824.30682373	205.527664185
825.092407227	188.038223267
825.877990723	209.51222229
826.663574219	204.373474121
827.449157715	204.215682983
828.234741211	200.917251587
829.020324707	205.777069092
829.805908203	190.182876587
830.591491699	205.209609985
831.377075195	202.113113403
832.162658691	207.35484314
832.948242188	211.292053223
833.733825684	201.593200684
834.51940918	195.90196228
835.304992676	215.782852173
836.090576172	197.212127686
836.876159668	208.134017944
837.661743164	210.828460693
838.44732666	196.889221191
839.232910156	203.380050659
840.018493652	213.776580811
840.804077148	200.221450806
841.589660645	209.429794312
842.375244141	200.659393311
843.160827637	206.219146729
843.946411133	205.98487854
844.731994629	212.510009766
845.517578125	203.096328735
846.303161621	201.801071167
847.088745117	195.630203247
847.874328613	206.57472229
848.659912109	208.731140137
849.445495605	204.809707642
850.231079102	201.19090271
851.016662598	206.851913452
851.802246094	211.417068481
852.58782959	219.020370483
853.373413086	212.36428833
854.158935547	214.366912842
854.944519043	212.662460327
855.730102539	213.306106567
856.515686035	208.916000366
857.301269531	206.960525513
858.086853027	213.692611694
858.872436523	216.305099487
859.65802002	212.630661011
860.443603516	214.870819092
861.229187012	212.200653076
862.014770508	207.328521729
862.800354004	213.243347168
863.5859375	215.093841553
864.371520996	213.466690063
865.157104492	217.198379517
865.942687988	218.620529175
866.728271484	210.299209595
867.51385498	206.171478271
868.299438477	210.555099487
869.085021973	209.433990479
869.870605469	212.898757935
870.656188965	224.924407959
871.441772461	225.08706665
872.227355957	213.144302368
873.012939453	214.102432251
873.798522949	231.363647461
874.584106445	221.254898071
875.369689941	206.666503906
876.155273438	213.081314087
876.940856934	226.477905273
877.72644043	221.454742432
878.512023926	224.937759399
879.297607422	222.119644165
880.083190918	217.666366577
880.868774414	225.790893555
881.65435791	226.034332275
882.439941406	227.508636475
883.225524902	220.636856079
884.011108398	228.280014038
884.796691895	229.498291016
885.582275391	239.029632568
886.367858887	232.443756104
887.153442383	221.055999756
887.939025879	239.602203369
888.724609375	238.981185913
889.510192871	241.189834595
890.295776367	239.748962402
891.081359863	241.116287231
891.866943359	237.826660156
892.65246582	237.645080566
893.438049316	255.845947266
894.223632813	256.355834961
895.009216309	257.684265137
895.794799805	251.661758423
896.580383301	257.48928833
897.365966797	249.131195068
898.151550293	259.038360596
898.937133789	261.505279541
899.722717285	257.76776123
900.508300781	261.624420166
901.293884277	260.424438477
902.079467773	264.851623535
902.86505127	266.386444092
903.650634766	266.25958252
904.436218262	269.24887085
905.221801758	273.75213623
906.007385254	267.323181152
906.79296875	273.093566895
907.578552246	274.83291626
908.364135742	274.620788574
909.149719238	277.427520752
909.935302734	273.739685059
910.72088623	272.533233643
911.506469727	275.230010986
912.292053223	274.207855225
913.077636719	272.963623047
913.863220215	275.922454834
914.648803711	265.852935791
915.434387207	283.913604736
916.219970703	276.976226807
917.005554199	278.665710449
917.791137695	273.719726563
918.576721191	272.899505615
919.362304688	269.70199585
920.147888184	271.614471436
920.93347168	282.084991455
921.719055176	280.652740479
922.504638672	277.645050049
923.290222168	283.172058105
924.075805664	262.033203125
924.86138916	268.630157471
925.646972656	269.804595947
926.432556152	268.616668701
927.218139648	270.331695557
928.003723145	271.621520996
928.789306641	271.454711914
929.574890137	267.735534668
930.360473633	262.379394531
931.145996094	254.318328857
931.93157959	262.437194824
932.717163086	252.857498169
933.502746582	259.274810791
934.288330078	262.714172363
935.073913574	267.669036865
935.85949707	254.175415039
936.645080566	259.653869629
937.430664063	246.32824707
938.216247559	246.865341187
939.001831055	255.909912109
939.787414551	259.245941162
940.572998047	252.373718262
941.358581543	251.692428589
942.144165039	252.098464966
942.929748535	244.696136475
943.715332031	244.650894165
944.500915527	242.959640503
945.286499023	233.563232422
946.07208252	231.484909058
946.857666016	233.860656738
947.643249512	236.166015625
948.428833008	220.141906738
949.214416504	226.661865234
950	224.098587036
950.785583496	228.880493164
951.571166992	228.409637451
952.356750488	221.570632935
953.142333984	216.756164551
953.92791748	213.342636108
954.713500977	207.765884399
955.499084473	210.326522827
956.284667969	209.989593506
957.070251465	202.450027466
957.855834961	207.485183716
958.641418457	198.488601685
959.427001953	190.223648071
960.212585449	200.338272095
960.998168945	201.033874512
961.783752441	183.648208618
962.569335938	187.686706543
963.354919434	181.879089355
964.14050293	178.724609375
964.926086426	179.149887085
965.711669922	180.668289185
966.497253418	178.905471802
967.282836914	169.883666992
968.06842041	173.100219727
968.854003906	166.893722534
969.639526367	170.736419678
970.425109863	158.493484497
971.210693359	168.471435547
971.996276855	169.350494385
972.781860352	165.450759888
973.567443848	160.254211426
974.353027344	160.40737915
975.13861084	157.468444824
975.924194336	150.040100098
976.709777832	145.625595093
977.495361328	145.816116333
978.280944824	141.435180664
979.06652832	141.340148926
979.852111816	142.537368774
980.637695313	144.122299194
981.423278809	146.997024536
982.208862305	138.632537842
982.994445801	135.287231445
983.780029297	137.561325073
984.565612793	134.904525757
985.351196289	141.865142822
986.136779785	143.770507813
986.922363281	133.430831909
987.707946777	130.270019531
988.493530273	133.483444214
989.27911377	134.066543579
990.064697266	132.76574707
990.850280762	134.529922485
991.635864258	130.683395386
992.421447754	132.109680176
993.20703125	125.776687622
993.992614746	117.794586182
994.778198242	130.782546997
995.563781738	127.719573975
996.349365234	122.970863342
997.13494873	117.453308105
997.920532227	118.914329529
998.706115723	118.832244873
999.491699219	121.156318665
1000.27728271	108.340072632
1001.06286621	115.209114075
1001.84844971	110.595306396
1002.6340332	115.280326843
1003.4196167	118.084518433
1004.2052002	113.237228394
1004.99078369	117.93372345
1005.77636719	118.586334229
1006.56195068	115.083839417
1007.34753418	117.68888092
1008.13305664	104.545425415
1008.91864014	103.666671753
1009.70422363	103.039878845
1010.48980713	98.8534545898
1011.27539063	110.204986572
1012.06097412	111.247123718
1012.84655762	99.121925354
1013.63214111	108.802612305
1014.41772461	96.0257415771
1015.20330811	102.241027832
1015.9888916	100.667243958
1016.7744751	108.824073792
1017.56005859	103.506164551
1018.34564209	110.445724487
1019.13122559	97.0118865967
1019.91680908	98.3403091431
1020.70239258	102.311965942
1021.48797607	101.674919128
1022.27355957	101.666664124
1023.05914307	106.536087036
1023.84472656	102.798294067
1024.63037109	93.0621795654
1025.41589355	100.615707397
1026.20153809	97.2107086182
1026.98706055	92.6091003418
1027.77258301	99.5167007446
1028.55822754	99.3794250488
1029.34375	94.0930709839
1030.12939453	110.508590698
1030.91491699	98.3096389771
1031.70056152	99.1213150024
1032.48608398	98.7309494019
1033.27172852	101.659233093
1034.05725098	104.98109436
1034.84289551	102.07334137
1035.62841797	86.3485565186
1036.4140625	86.9746780396
1037.19958496	101.049942017
1037.98522949	88.2040557861
1038.77075195	99.5900878906
1039.55639648	102.817008972
1040.34191895	90.6734313965
1041.12756348	96.0807418823
1041.91308594	96.7647705078
1042.69873047	87.0504608154
1043.48425293	98.5872955322
1044.26989746	102.683891296
1045.05541992	96.5629348755
1045.84106445	95.054069519
1046.62658691	94.7220153809
1047.41223145	99.3807296753
1048.19775391	95.0880050659
1048.98339844	97.5805664063
1049.7689209	92.0087890625
1050.55456543	92.3098220825
1051.34008789	91.3000869751
1052.12573242	96.4585800171
1052.91125488	88.1262130737
1053.69689941	90.6167526245
1054.48242188	87.5997619629
1055.26806641	85.5831298828
1056.05358887	97.5127182007
1056.8392334	91.9502944946
1057.62475586	92.9656219482
1058.41040039	89.3576202393
1059.19592285	91.2943878174
1059.98156738	92.5382003784
1060.76708984	87.8242492676
1061.55273438	92.5844039917
1062.33825684	89.4269180298
1063.12390137	85.1049575806
1063.90942383	87.8316345215
1064.69506836	89.4741973877
1065.48059082	88.5894699097
1066.26611328	78.3628692627
1067.05175781	87.0558242798
1067.83728027	90.4761734009
1068.6229248	84.4552612305
1069.40844727	85.70337677
1070.1940918	82.2638549805
1070.97961426	71.5491943359
1071.76525879	78.313293457
1072.55078125	75.4283294678
1073.33642578	80.610786438
1074.12194824	77.0669708252
1074.90759277	72.7037200928
1075.69311523	80.5306930542
1076.47875977	77.9218063354
1077.26428223	78.9386978149
1078.04992676	75.1680450439
1078.83544922	77.9510192871
1079.62109375	83.1406173706
1080.40661621	77.8301086426
1081.19226074	72.4493942261
1081.9777832	77.6013031006
1082.76342773	76.6822891235
1083.5489502	73.7684173584
1084.33459473	71.3319091797
1085.12011719	76.4622268677
1085.90576172	80.2183609009
1086.69128418	76.8954772949
1087.47692871	83.9031829834
1088.26245117	73.8720474243
1089.0480957	81.15184021
1089.83361816	69.9138336182
1090.6192627	71.6069259644
1091.40478516	69.3107833862
1092.19042969	71.4053649902
1092.97595215	74.0876846313
1093.76159668	66.1288604736
1094.54711914	69.6152572632
1095.33276367	71.5395584106
1096.11828613	72.9036560059
1096.90393066	73.9338989258
1097.68945313	72.7461547852
1098.47509766	86.2386245728
1099.26062012	68.2912368774
1100.04626465	70.8453826904
1100.83178711	67.784538269
1101.61743164	70.9053344727
1102.4029541	76.8714141846
1103.18859863	70.4287185669
1103.97412109	71.6570892334
1104.75964355	82.9989395142
1105.54528809	72.6666641235
1106.33081055	72.5282287598
1107.11645508	63.5277442932
1107.90197754	71.8297958374
1108.68762207	66.5727005005
1109.47314453	72.7577819824
1110.25878906	74.3636398315
1111.04431152	68.7748641968
1111.82995605	64.8006210327
1112.61547852	58.4438247681
1113.40112305	67.7239608765
1114.18664551	68.0821151733
1114.97229004	65.7696609497
1115.7578125	67.1212844849
1116.54345703	70.9925918579
1117.32897949	72.7658920288
1118.11462402	68.7664260864
1118.90014648	67.8871994019
1119.68579102	70.4130554199
1120.47131348	67.2203216553
1121.25695801	65.9440307617
1122.04248047	61.8439025879
1122.828125	60.7298431396
1123.61364746	70.0518798828
1124.39929199	69.5147094727
1125.18481445	69.2570266724
1125.97045898	62.3333320618
1126.75598145	63.6814727783
1127.54162598	66.873260498
1128.32714844	64.0249633789
1129.11279297	63.3851318359
1129.89831543	69.3743209839
1130.68395996	70.830078125
1131.46948242	58.8995323181
1132.25512695	64.8880386353
1133.04064941	64.6234512329
1133.82629395	64.0240707397
1134.61181641	69.2677078247
1135.39746094	69.5857620239
1136.1829834	63.4311103821
1136.96862793	62.8484840393
1137.75415039	61.553024292
1138.53979492	56.5952377319
1139.32531738	63.5699501038
1140.11096191	66.6231460571
1140.89648438	64.5284576416
1141.68212891	65.1328201294
1142.46765137	65.0012664795
1143.25317383	61.44090271
1144.03881836	57.0460510254
1144.82434082	58.0646896362
1145.60998535	61.5903167725
1146.39550781	60.816822052
1147.18115234	59.4722595215
1147.9666748	62.322845459
1148.75231934	60.4525718689
1149.5378418	60.7198829651
1150.32348633	59.1204414368
1151.10900879	61.7172966003
1151.89465332	67.3638687134
1152.68017578	58.4505653381
1153.46582031	59.2934761047
1154.25134277	60.9462165833
1155.0369873	61.6488265991
1155.82250977	60.4954109192
1156.6081543	54.8807525635
1157.39367676	59.6028366089
1158.17932129	62.3994178772
1158.96484375	63.2116661072
1159.75048828	60.8314208984
1160.53601074	59.1998138428
1161.32165527	56.6897735596
1162.10717773	68.1320877075
1162.89282227	59.1485366821
1163.67834473	59.2240753174
1164.46398926	56.8348274231
1165.24951172	58.5742034912
1166.03515625	56.0788116455
1166.82067871	59.6291999817
1167.60632324	68.9022216797
1168.3918457	54.6754455566
1169.17749023	55.0724182129
1169.9630127	56.3094520569
1170.74865723	51.5907936096
1171.53417969	58.4669685364
1172.31982422	59.0373077393
1173.10534668	54.5629005432
1173.89099121	56.1038665771
1174.67651367	58.1897735596
1175.4621582	64.8805847168
1176.24768066	60.6409606934
1177.0333252	53.719291687
1177.81884766	60.4305992126
1178.60449219	61.1100234985
1179.39001465	53.7453651428
1180.17565918	52.8552894592
1180.96118164	54.111366272
1181.74682617	53.7413482666
1182.53234863	57.9235801697
1183.31787109	66.1396484375
1184.10351563	63.527961731
1184.88903809	59.8318595886
1185.67468262	55.7290802002
1186.46020508	55.0725250244
1187.24584961	60.5166244507
1188.03137207	62.8098831177
1188.8170166	58.5241394043
1189.60253906	55.7107849121
1190.38818359	50.5093955994
1191.17370605	55.8234100342
1191.95935059	60.8230400085
1192.74487305	57.275932312
1193.53051758	57.9255065918
1194.31604004	55.9660301208
1195.10168457	58.5312042236
1195.88720703	56.758846283
1196.67285156	58.4927139282
1197.45837402	58.0105247498
1198.24401855	54.3999900818
1199.02954102	61.2247390747
1199.81518555	59.4945144653
1200.60070801	56.0374526978
1201.38635254	59.618976593
1202.171875	60.6236877441
1202.95751953	61.3061027527
1203.74304199	52.7954597473
1204.52868652	61.3811721802
1205.31420898	66.4257659912
1206.09985352	58.6238975525
1206.88537598	47.6110153198
1207.67102051	51.837474823
1208.45654297	61.2440605164
1209.2421875	59.3978805542
1210.02770996	55.0724105835
1210.81335449	62.1659660339
1211.59887695	50.8134880066
1212.38452148	57.0157585144
1213.17004395	56.5581932068
1213.95568848	56.24401474
1214.74121094	60.6087684631
1215.52685547	55.211151123
1216.31237793	54.4744415283
1217.09802246	55.7707557678
1217.88354492	57.3252754211
1218.66918945	55.1915740967
1219.45471191	52.9937934875
1220.24035645	57.1492996216
1221.02587891	56.5782852173
1221.81140137	56.0862922668
1222.5970459	60.2221412659
1223.38256836	61.213180542
1224.16821289	59.551738739
1224.95373535	55.6473999023
1225.73937988	55.0570602417
1226.52490234	65.1079483032
1227.31054688	66.2512893677
1228.09606934	56.4892692566
1228.88171387	56.2908668518
1229.66723633	61.8755378723
1230.45288086	58.4790420532
1231.23840332	56.4552536011
1232.02404785	59.5207557678
1232.80957031	53.4225730896
1233.59521484	62.2354888916
1234.3807373	56.0604057312
1235.16638184	57.5333976746
1235.9519043	60.1400680542
1236.73754883	61.1982536316
1237.52307129	58.3517532349
1238.30871582	49.5054588318
1239.09423828	55.012096405
1239.87988281	58.281211853
1240.66540527	58.9767608643
1241.4510498	55.4915008545
1242.23657227	62.7639350891
1243.0222168	64.32447052
1243.80773926	56.4622459412
1244.59338379	56.4761695862
1245.37890625	56.0398674011
1246.16455078	59.1700210571
1246.95007324	58.6116714478
1247.73571777	57.4260063171
1248.52124023	58.4150085449
1249.30688477	55.9225387573
1250.09240723	55.1199378967
1250.87805176	50.9640083313
1251.66357422	52.1977920532
1252.44921875	57.7060317993
1253.23474121	57.6597061157
1254.02038574	56.215549469
1254.8059082	50.7745857239
1255.59155273	57.8468170166
1256.3770752	55.540096283
1257.16271973	53.7119827271
1257.94824219	55.0571365356
1258.73388672	62.0899620056
1259.51940918	56.2323455811
1260.30493164	55
1261.09057617	55.3364028931
1261.87609863	55.5962295532
1262.66174316	50.745639801
1263.44726563	60.0120429993
1264.23291016	54.3791007996
1265.01843262	53.7322807312
1265.80407715	50.6895980835
1266.58959961	52.6414413452
1267.37524414	54.9517097473
1268.1607666	56.7206001282
1268.94641113	53.6782836914
1269.73193359	54.7085266113
1270.51757813	57.7607803345
1271.30310059	54.3052215576
1272.08874512	52.7849311829
1272.87426758	51.3025932312
1273.65991211	55.4599151611
1274.44543457	48.513469696
1275.2310791	52.2759742737
1276.01660156	51.5091438293
1276.80224609	48.686416626
1277.58776855	51.6599884033
1278.37341309	41.9200286865
1279.15893555	55.7433319092
1279.94458008	60.4985809326
1280.73010254	52.5847015381
1281.51574707	55.7377624512
1282.30126953	47.8177185059
1283.08691406	53.4067459106
1283.87243652	56.1143608093
1284.65808105	57.4812393188
1285.44360352	50.0853309631
1286.22924805	49.0621185303
1287.01477051	59.2318534851
1287.80041504	54.7111091614
1288.5859375	52.7341842651
1289.37158203	55.2635917664
1290.15710449	55.1355667114
1290.94274902	54.4688720703
1291.72827148	50.0266075134
1292.51391602	52.5045127869
1293.29943848	53.4648017883
1294.08508301	59.4057579041
1294.87060547	64.3190536499
1295.65625	50.9065475464
1296.44177246	54.7900733948
1297.22741699	58.0879669189
1298.01293945	50.2131118774
1298.79846191	52.278629303
1299.58410645	52.6862754822
1300.36962891	53.9575042725
1301.15527344	58.0882072449
1301.9407959	55.8032226563
1302.72644043	55.1063270569
1303.51196289	54.8395233154
1304.29760742	48.4904060364
1305.08312988	52.7856941223
1305.86877441	53.6101112366
1306.65429688	48.2063293457
1307.43994141	50.4456710815
1308.22546387	54.5882987976
1309.0111084	55.6681060791
1309.79663086	54.1023674011
1310.58227539	54.6666679382
1311.36779785	53.3374328613
1312.15344238	54.5013237
1312.93896484	54.3065872192
1313.72460938	54.8163375854
1314.51013184	51.0729255676
1315.29577637	55.5200920105
1316.08129883	52.5741958618
1316.86694336	56.176322937
1317.65246582	55.5190887451
1318.43811035	51.8763580322
1319.22363281	50.3624458313
1320.00927734	51.4010391235
1320.7947998	53.2208709717
1321.58044434	53.2305870056
1322.3659668	55.677192688
1323.15161133	50.5058250427
1323.93713379	56.2159347534
1324.72277832	55.665763855
1325.50830078	54.2921867371
1326.29394531	57.5113525391
1327.07946777	59.319770813
1327.8651123	58.9700050354
1328.65063477	55.1372032166
1329.4362793	62.1198730469
1330.22180176	55.7194786072
1331.00744629	52.1003646851
1331.79296875	52.0941123962
1332.57861328	56.3800582886
1333.36413574	55.3131408691
1334.14978027	58.1951751709
1334.93530273	59.9251327515
1335.72094727	59.6355934143
1336.50646973	48.2359771729
1337.29199219	51.6963691711
1338.07763672	56.6284332275
1338.86315918	57.065536499
1339.64880371	56.4603996277
1340.43432617	56.0633163452
1341.2199707	52.952960968
1342.00549316	53.9821014404
1342.7911377	55.2057228088
1343.57666016	52.4514808655
1344.36230469	53.2148895264
1345.14782715	50.1378288269
1345.93347168	51.0070724487
1346.71899414	52.1550254822
1347.50463867	54.9865989685
1348.29016113	58.5678024292
1349.07580566	52.886051178
1349.86132813	49.8453140259
1350.64697266	55.060459137
1351.43249512	52.9347114563
1352.21813965	58.8173179626
1353.00366211	51.5861816406
1353.78930664	53.7734794617
1354.5748291	57.1166343689
1355.36047363	56.688785553
1356.14599609	57.8879203796
1356.93164063	52.3749008179
1357.71716309	56.1934127808
1358.50280762	58.7412338257
1359.28833008	52.4829826355
1360.07397461	53.7722854614
1360.85949707	54.1336021423
1361.6451416	51.5508918762
1362.43066406	53.0456314087
1363.21630859	51.6289100647
1364.00183105	48.6995277405
1364.78747559	58.1670608521
1365.57299805	57.1981735229
1366.35864258	52.3516807556
1367.14416504	55.7992973328
1367.92980957	54.2479362488
1368.71533203	55.9801559448
1369.50097656	53.8788719177
1370.28649902	49.829044342
1371.07214355	51.4876556396
1371.85766602	54.0611763
1372.64331055	50.9726676941
1373.42883301	51.90467453
1374.21447754	55.5300140381
1375	55.2813186646
1375.78552246	52.7404518127
1376.57116699	57.6203231812
1377.35668945	52.8420906067
1378.14233398	58.5191001892
1378.92785645	48.2255096436
1379.71350098	50.4541664124
1380.49902344	48.6675071716
1381.28466797	53.308052063
1382.07019043	51.281375885
1382.85583496	53.8903160095
1383.64135742	50.2187995911
1384.42700195	53.8849220276
1385.21252441	58.5458297729
1385.99816895	56.3377037048
1386.78369141	60.1343383789
1387.56933594	56.7630500793
1388.3548584	51.9888343811
1389.14050293	54.5108222961
1389.92602539	53.8023376465
1390.71166992	57.3970375061
1391.49719238	53.8462753296
1392.28283691	53.090473175
1393.06835938	49.3373184204
1393.85400391	47.7388114929
1394.63952637	53.6093673706
1395.4251709	51.2754440308
1396.21069336	50.1760368347
1396.99633789	49.3676490784
1397.78186035	50.8127670288
1398.56750488	51.8542137146
1399.35302734	52.6751747131
1400.13867188	54.4876594543
1400.92419434	50.877532959
1401.70983887	54.0799560547
1402.49536133	53.4031867981
1403.28100586	51.9037590027
1404.06652832	52.9252166748
1404.85217285	53.3404350281
1405.63769531	46.8364486694
1406.42333984	52.9607658386
1407.2088623	55.1395797729
1407.99450684	54.3147087097
1408.7800293	49.5358505249
1409.56567383	46.4232406616
1410.35119629	51.4894981384
1411.13684082	49.8144874573
1411.92236328	50.1598167419
1412.70800781	54.7933120728
1413.49353027	53.8943443298
1414.27905273	55.115322113
1415.06469727	47.7520294189
1415.85021973	47.0203323364
1416.63586426	52.9626083374
1417.42138672	52.8839149475
1418.20703125	54.0327682495
1418.99255371	50.6323776245
1419.77819824	54.4337005615
1420.5637207	46.9474563599
1421.34936523	48.5586242676
1422.1348877	49.2547988892
1422.92053223	50.6214332581
1423.70605469	52.1454696655
1424.49169922	50.426235199
1425.27722168	46.0150260925
1426.06286621	52.934425354
1426.84838867	55.0862998962
1427.6340332	51.9396362305
1428.41955566	51.3131561279
1429.2052002	48.9354095459
1429.99072266	50.6683807373
1430.77636719	46.5920982361
1431.56188965	50.4354705811
1432.34753418	49.1952285767
1433.13305664	46.7471885681
1433.91870117	53.8535957336
1434.70422363	50.6263313293
1435.48986816	46.0604972839
1436.27539063	47.9854049683
1437.06103516	46.3333015442
1437.84655762	48.8374023438
1438.63220215	51.1169891357
1439.41772461	50.1568870544
1440.20336914	49.3550376892
1440.9888916	50.6944503784
1441.77453613	45.8432388306
1442.56005859	50.8492431641
1443.34570313	51.090473175
1444.13122559	48.8670959473
1444.91687012	50.1103363037
1445.70239258	54.7011680603
1446.48803711	49.4433097839
1447.27355957	48.8798789978
1448.0592041	49.8440971375
1448.84472656	52.7869644165
1449.63037109	53.6431236267
1450.41589355	51.8919143677
1451.20153809	50.1080665588
1451.98706055	52.9100723267
1452.77258301	48.7043914795
1453.55822754	50.16771698
1454.34375	48.797416687
1455.12939453	48.3122406006
1455.91491699	47.5856704712
1456.70056152	49.5200881958
1457.48608398	50.9093017578
1458.27172852	50.1037063599
1459.05725098	49.6868629456
1459.84289551	49.6505050659
1460.62841797	48.7818946838
1461.4140625	50.9678955078
1462.19958496	51.2812767029
1462.98522949	55.4916496277
1463.77075195	57.5097923279
1464.55639648	57.0930747986
1465.34191895	53.7199707031
1466.12756348	47.9638137817
1466.91308594	49.65259552
1467.69873047	50.908115387
1468.48425293	49.6680984497
1469.26989746	49.4743881226
1470.05541992	49.3357162476
1470.84106445	53.4515266418
1471.62658691	54.6222915649
1472.41223145	51.9870033264
1473.19775391	49.0821685791
1473.98339844	47.9327545166
1474.7689209	48.9943389893
1475.55456543	52.6002883911
1476.34008789	46.6368560791
1477.12573242	52.4944000244
1477.91125488	47.3699645996
1478.69689941	50.0920448303
1479.48242188	48.9646492004
1480.26806641	46.4373626709
1481.05358887	50.1728248596
1481.8392334	48.310546875
1482.62475586	48.9687957764
1483.41040039	49.9294242859
1484.19592285	46.5438499451
1484.98156738	49.9221725464
1485.76708984	50.7886276245
1486.55273438	49.2547950745
1487.33825684	47.501449585
1488.12390137	48.2986869812
1488.90942383	47.9544677734
1489.69506836	48.7154693604
1490.48059082	48.4675254822
1491.26611328	52.4742927551
1492.05175781	45.3292922974
1492.83728027	46.0550804138
1493.6229248	45.8015441895
1494.40844727	52.3467063904
1495.1940918	48.2827949524
1495.97961426	46.5799064636
1496.76525879	46.7974700928
1497.55078125	49.7599143982
1498.33642578	49.5577011108
1499.12194824	50.2676010132
1499.90759277	54.0942420959
1500.69311523	50.9587745667
1501.47875977	46.3052177429
1502.26428223	50.1965522766
1503.04992676	50.9976615906
1503.83544922	47.0402832031
1504.62109375	45.8537597656
1505.40661621	51.8080062866
1506.19226074	48.9571151733
1506.9777832	48.7522277832
1507.76342773	48.7793617249
1508.5489502	48.1753578186
1509.33459473	50.7380867004
1510.12011719	46.6298065186
1510.90576172	50.0415802002
1511.69128418	49.8105964661
1512.47692871	47.0298957825
1513.26245117	48.2249794006
1514.0480957	61.6261558533
1514.83361816	539.982116699
1515.6192627	44.6307373047
1516.40478516	45.2697639465
1517.19042969	49.2031173706
1517.97595215	46.7315139771
1518.76159668	49.3968963623
1519.54711914	48.3476676941
1520.33276367	45.9705238342
1521.11828613	48.863319397
1521.90393066	45.9837646484
1522.68945313	48.5755348206
1523.47509766	50.1419143677
1524.26062012	47.3426017761
1525.04626465	44.302936554
1525.83178711	50.0372810364
1526.61743164	58.2339172363
1527.4029541	50.2970314026
1528.18859863	53.3627281189
1528.97412109	49.0116004944
1529.75964355	48.6950073242
1530.54528809	45.5333595276
1531.33081055	49.0356636047
1532.11645508	47.9950904846
1532.90197754	45.8950538635
1533.68762207	45.8248138428
1534.47314453	45.9017372131
1535.25878906	48.5335617065
1536.04431152	45.4692420959
1536.82995605	45.8686332703
1537.61547852	46.3011703491
1538.40112305	48.5408363342
1539.18664551	46.5484771729
1539.97229004	46.586025238
1540.7578125	46.3247718811
1541.54345703	49.4468460083
1542.32897949	47.1937484741
1543.11462402	48.1444015503
1543.90014648	49.3928108215
1544.68579102	52.0998573303
1545.47131348	48.5723800659
1546.25695801	48.4616165161
1547.04248047	52.6109008789
1547.828125	49.8753585815
1548.61364746	47.9118347168
1549.39929199	49.3018264771
1550.18481445	48.3474006653
1550.97045898	51.7896690369
1551.75598145	53.3600730896
1552.54162598	58.6369018555
1553.32714844	56.0825500488
1554.11279297	57.7458686829
1554.89831543	56.7633628845
1555.68395996	56.5063667297
1556.46948242	57.1188354492
1557.25512695	64.1779098511
1558.04064941	62.5617599487
1558.82629395	58.9057655334
1559.61181641	53.5929832458
1560.39746094	54.0085220337
1561.1829834	52.4094238281
1561.96862793	50.674697876
1562.75415039	49.8899917603
1563.53979492	51.5158882141
1564.32531738	53.5180740356
1565.11096191	51.1699295044
1565.89648438	50.1884841919
1566.68212891	51.3154411316
1567.46765137	50.4340324402
1568.25317383	52.1534080505
1569.03881836	49.8191452026
1569.82434082	56.7055969238
1570.60998535	51.0908546448
1571.39550781	47.8143119812
1572.18115234	51.3041305542
1572.9666748	46.9379920959
1573.75231934	49.7948303223
1574.5378418	50.4247970581
1575.32348633	47.6881713867
1576.10900879	46.9906272888
1576.89465332	50.3320884705
1577.68017578	50.5861358643
1578.46582031	50.9762039185
1579.25134277	48.5295524597
1580.0369873	49.4137306213
1580.82250977	48.3485717773
1581.6081543	52.6310310364
1582.39367676	53.6969947815
1583.17932129	49.9483566284
1583.96484375	47.9956512451
1584.75048828	45.3276252747
1585.53601074	46.4156188965
1586.32165527	48.9116325378
1587.10717773	52.0366592407
1587.89282227	45.2128486633
1588.67834473	46.9825935364
1589.46398926	50.2785148621
1590.24951172	49.395652771
1591.03515625	46.4815979004
1591.82067871	46.5750656128
1592.60632324	50.1448402405
1593.3918457	51.7832260132
1594.17749023	48.7786903381
1594.9630127	49.0495681763
1595.74865723	46.4886894226
1596.53417969	45.704826355
1597.31982422	50.8405647278
1598.10534668	48.2274551392
1598.89099121	45.8205909729
1599.67651367	50.3615875244
1600.4621582	46.4204597473
1601.24768066	49.0999641418
1602.0333252	48.083026886
1602.81884766	48.8432273865
1603.60449219	48.4130706787
1604.39001465	50.701499939
1605.17565918	42.2420158386
1605.96118164	46.47423172
1606.74682617	37.5785865784
1607.53234863	50.32188797
1608.31787109	42.1926002502
1609.10351563	47.170917511
1609.88903809	46.4311332703
1610.67468262	43.171245575
1611.46020508	45.2461547852
1612.24584961	50.1737937927
1613.03137207	49.97914505
1613.8170166	50.2242469788
1614.60253906	46.9763450623
1615.38818359	55.0118904114
1616.17370605	54.6863937378
1616.95935059	49.612903595
1617.74487305	46.9866714478
1618.53051758	46.7086524963
1619.31604004	50.0382766724
1620.10168457	50.4066352844
1620.88720703	47.8840904236
1621.67285156	49.6781196594
1622.45837402	52.5097427368
1623.24401855	50.0533790588
1624.02954102	49.976234436
1624.81518555	47.7213859558
1625.60070801	50.6813201904
1626.38635254	47.0424919128
1627.171875	50.2269439697
1627.95751953	50.7401771545
1628.74304199	42.7558555603
1629.52868652	45.8676490784
1630.31420898	46.1170845032
1631.09985352	45.9709892273
1631.88537598	47.397895813
1632.67102051	52.652469635
1633.45654297	49.3031463623
1634.2421875	52.0123443604
1635.02770996	46.3070449829
1635.81335449	47.4451217651
1636.59887695	46.3484725952
1637.38452148	51.3740081787
1638.17004395	47.0972900391
1638.95568848	47.653793335
1639.74121094	48.0232810974
1640.52685547	44.83177948
1641.31237793	50.7081336975
1642.09802246	49.7911643982
1642.88354492	54.0903396606
1643.66918945	46.6525802612
1644.45471191	54.3861198425
1645.24035645	45.3951339722
1646.02587891	43.5059623718
1646.81140137	48.1206092834
1647.5970459	48.2574615479
1648.38256836	46.7757453918
1649.16821289	48.9634170532
1649.95373535	49.6666717529
1650.73937988	56.973777771
1651.52490234	48.443157196
1652.31054688	50.9491004944
1653.09606934	52.8235816956
1653.88171387	52.3445968628
1654.66723633	49.2028923035
1655.45288086	48.7033500671
1656.23840332	49.4623832703
1657.02404785	51.2200279236
1657.80957031	57.8980064392
1658.59521484	52.4361190796
1659.3807373	46.0309791565
1660.16638184	51.4575653076
1660.9519043	49.0863952637
1661.73754883	49.7895011902
1662.52307129	53.7035217285
1663.30871582	50.9310760498
1664.09423828	48.239528656
1664.87988281	53.892868042
1665.66540527	52.4228057861
1666.4510498	53.8691558838
1667.23657227	45.0816383362
1668.0222168	50.0177459717
1668.80773926	50.4345703125
1669.59338379	49.3420372009
1670.37890625	45.952091217
1671.16455078	49.2963180542
1671.95007324	49.1241912842
1672.73571777	45.463218689
1673.52124023	44.1588745117
1674.30688477	49.6357002258
1675.09240723	42.5658111572
1675.87805176	42.6537208557
1676.66357422	51.7559585571
1677.44921875	51.7154502869
1678.23474121	45.6845283508
1679.02038574	43.2690544128
1679.8059082	48.723991394
1680.59155273	52.8823928833
1681.3770752	54.6281967163
1682.16271973	50.9592208862
1682.94824219	47.8544845581
1683.73388672	53.3028831482
1684.51940918	52.4208946228
1685.30493164	52.3804931641
1686.09057617	49.3327484131
1686.87609863	48.3451690674
1687.66174316	53.757270813
1688.44726563	49.5024604797
1689.23291016	52.856212616
1690.01843262	51.7552185059
1690.80407715	51.6265449524
1691.58959961	44.3470573425
1692.37524414	51.7092590332
1693.1607666	47.0901641846
1693.94641113	44.9171485901
1694.73193359	45.6983528137
1695.51757813	44.5935020447
1696.30310059	45.5336380005
1697.08874512	49.1192932129
1697.87426758	50.5764160156
1698.65991211	50.9892425537
1699.44543457	47.7649383545
1700.2310791	44.782623291
1701.01660156	46.4494514465
1701.80224609	48.5690727234
1702.58776855	47.9821968079
1703.37341309	46.1046829224
1704.15893555	46.1858482361
1704.94458008	51.001449585
1705.73010254	48.3820152283
1706.51574707	51.968120575
1707.30126953	49.1913948059
1708.08691406	51.3297653198
1708.87243652	52.0374526978
1709.65808105	48.810585022
1710.44360352	46.6715087891
1711.22924805	51.3095703125
1712.01477051	45.0113792419
1712.80041504	45.9496040344
1713.5859375	46.6666679382
1714.37158203	53.516582489
1715.15710449	46.2365036011
1715.94274902	44.4521827698
1716.72827148	48.090675354
1717.51391602	45.839302063
1718.29943848	47.010723114
1719.08508301	49.0447731018
1719.87060547	47.9673538208
1720.65625	43.0266265869
1721.44177246	51.4425392151
1722.22741699	53.8106155396
1723.01293945	49.2436180115
1723.79846191	45
1724.58410645	47.9694061279
1725.36962891	55.1854438782
1726.15527344	58
1726.9407959	51.6314926147
1727.72644043	52.1123886108
1728.51196289	49.058921814
1729.29760742	53.0827941895
1730.08312988	53.5107879639
1730.86877441	53.4591178894
1731.65429688	56.3082122803
1732.43994141	53.0100746155
1733.22546387	47.5405502319
1734.0111084	45.6905288696
1734.79663086	54.5904350281
1735.58227539	46.0662536621
1736.36779785	53.0713806152
1737.15344238	48.8201332092
1737.93896484	50.8183937073
1738.72460938	50.0387878418
1739.51013184	45.8552436829
1740.29577637	45.5481681824
1741.08129883	48.2253036499
1741.86694336	54.4121551514
1742.65246582	49.6530342102
1743.43811035	48.6242103577
1744.22363281	50.0888519287
1745.00927734	52.1376037598
1745.7947998	46.5979881287
1746.58044434	48.8240509033
1747.3659668	56.1274185181
1748.15161133	49.3161048889
1748.93713379	50.6783256531
1749.72277832	51.3674621582
1750.50830078	53.0673332214
1751.29394531	55.3253898621
1752.07946777	51.3013763428
1752.8651123	53.0173187256
1753.65063477	53.0091743469
1754.4362793	52.9456329346
1755.22180176	46.2525215149
1756.00744629	47.8502388
1756.79296875	51.7105064392
1757.57861328	51.7880172729
1758.36413574	51.7164878845
1759.14978027	54.8492126465
1759.93530273	49.5656776428
1760.72094727	45.628780365
1761.50646973	48.6577148438
1762.29199219	48.8269348145
1763.07763672	55.6413574219
1763.86315918	55.7359619141
1764.64880371	55.5075492859
1765.43432617	60.856716156
1766.2199707	54.8454360962
1767.00549316	51.9923057556
1767.7911377	54.8311233521
1768.57666016	59.4240570068
1769.36230469	43.795211792
1770.14782715	54.5589981079
1770.93347168	53.4672927856
1771.71899414	55.1096534729
1772.50463867	49.2569084167
1773.29016113	49.1945457458
1774.07580566	53.9838066101
1774.86132813	49.6887969971
1775.64697266	54.4515647888
1776.43249512	53.0295372009
1777.21813965	58.041633606
1778.00366211	56.0397720337
1778.78930664	47.6602325439
1779.5748291	46.1430473328
1780.36047363	47.2020988464
1781.14599609	48.7860336304
1781.93164063	50.4635353088
1782.71716309	54.8583221436
1783.50280762	58.976474762
1784.28833008	54.705619812
1785.07397461	52.4438819885
1785.85949707	54.6294288635
1786.6451416	55.0859451294
1787.43066406	47.626914978
1788.21630859	47.452922821
1789.00183105	42.9858093262
1789.78747559	51.2737236023
1790.57299805	54.7742576599
1791.35864258	53.6714401245
1792.14416504	55.3755493164
1792.92980957	53.6666679382
1793.71533203	55.0212020874
1794.50097656	50.0597419739
1795.28649902	56.6813316345
1796.07214355	49.4951896667
1796.85766602	52.321598053
1797.64331055	50.6666679382
1798.42883301	52.9105873108
1799.21447754	53.4566497803
1800	50.6639556885
