100	347.514648438
100.785583496	354.047210693
101.571166992	351.309265137
102.356750488	351.023223877
103.142326355	354.928466797
103.927909851	354.817108154
104.713493347	354.558624268
105.499076843	374.255706787
106.284660339	381.253234863
107.070243835	419.094848633
107.855819702	439.333343506
108.641403198	454.61529541
109.426986694	441.769775391
110.21257019	410.673156738
110.998153687	390.107971191
111.783737183	385.600891113
112.569313049	380.349182129
113.354896545	370.127227783
114.140480042	386.929870605
114.926063538	395.301025391
115.711647034	399.354705811
116.49723053	416.969085693
117.282806396	441.333343506
118.068389893	440.396087646
118.853973389	434.03717041
119.639556885	412.086212158
120.425140381	407.800994873
121.210723877	415.059020996
121.996299744	419.855407715
122.78188324	425.126617432
123.567466736	434.36038208
124.353050232	439.201965332
125.138633728	436.666656494
125.924217224	436.666656494
126.709793091	422.203552246
127.495376587	420.112457275
128.280960083	417.359863281
129.066543579	412.208618164
129.852127075	419.36315918
130.637710571	442.089874268
131.423294067	440.322753906
132.208877563	430.358215332
132.99446106	444.395629883
133.780044556	422.551361084
134.565612793	416.475738525
135.351196289	422.435211182
136.136779785	427.686706543
136.922363281	430.678466797
137.707946777	423.997589111
138.493530273	417.838897705
139.27911377	440.759155273
140.064697266	439.274902344
140.850280762	450.049072266
141.635864258	451.229705811
142.421447754	441.328796387
143.20703125	435.651153564
143.992599487	433.485137939
144.778182983	432.024536133
145.563766479	415.589050293
146.349349976	426.3671875
147.134933472	418.591064453
147.920516968	429.01361084
148.706100464	427.714874268
149.49168396	404.748199463
150.277267456	400.026947021
151.062850952	399.163635254
151.848434448	405.918579102
152.634017944	418.463348389
153.419586182	414.373687744
154.205169678	406.536499023
154.990753174	410.88848877
155.77633667	412.317687988
156.561920166	402.818206787
157.347503662	413.83782959
158.133087158	405.338378906
158.918670654	407.6953125
159.70425415	408.511871338
160.489837646	398.704345703
161.275421143	394.576873779
162.061004639	393.724853516
162.846572876	392.793579102
163.632156372	398.218505859
164.417739868	403.210418701
165.203323364	397.019317627
165.98890686	389.732055664
166.774490356	378.543304443
167.560073853	375.865814209
168.345657349	381.016876221
169.131240845	388.360137939
169.916824341	390.326202393
170.702407837	382.288238525
171.487991333	381.89642334
172.273574829	376.880828857
173.059143066	389.213348389
173.844726563	382.359069824
174.630310059	380.488464355
175.415893555	378.294433594
176.201477051	372.983947754
176.987060547	372.013977051
177.772644043	363.365509033
178.558227539	363.660705566
179.343811035	375.212036133
180.129394531	355.959320068
180.914978027	373.220489502
181.700561523	366.587799072
182.486129761	358.620941162
183.271713257	369.210418701
184.057296753	357.726470947
184.842880249	357.473876953
185.628463745	350.3828125
186.414047241	365.095001221
187.199630737	349.388122559
187.985214233	344.576385498
188.770797729	350.485839844
189.556381226	351.925842285
190.341964722	343.944213867
191.127548218	337.440582275
191.913116455	347.376953125
192.698699951	355.064758301
193.484283447	330.863555908
194.269866943	335.671813965
195.055450439	350.65914917
195.841033936	342.49520874
196.626617432	323.950073242
197.412200928	324.339111328
198.197784424	332.122375488
198.98336792	320.882385254
199.768951416	317.627380371
200.554534912	300.104248047
201.340118408	297.390991211
202.125686646	300.139282227
202.911270142	300.248809814
203.696853638	299.269927979
204.482437134	304.752655029
205.26802063	317.58480835
206.053604126	315.213745117
206.839187622	322.321014404
207.624771118	318.703857422
208.410354614	320.907867432
209.19593811	325.638031006
209.981521606	326.423278809
210.767105103	323.335479736
211.55267334	321
212.338256836	324.999664307
213.123840332	348.828552246
213.909423828	334.899597168
214.695007324	312.273620605
215.48059082	324.183135986
216.266174316	332.713226318
217.051757813	332.060302734
217.837341309	333.189971924
218.622924805	350.262176514
219.408508301	384.050201416
220.194091797	380.344696045
220.979660034	373.804229736
221.76524353	367.002380371
222.550827026	377.384185791
223.336410522	377.733428955
224.121994019	381.339660645
224.907577515	386.230926514
225.693161011	382.583892822
226.478744507	380.333404541
227.264328003	387.529907227
228.049911499	399.133331299
228.835494995	394.852386475
229.621078491	384.354888916
230.406646729	406.388793945
231.192230225	415.561248779
231.977813721	413.593658447
232.763397217	409.576599121
233.548980713	393.300598145
234.334564209	401.614776611
235.120147705	419.479492188
235.905731201	394.386810303
236.691314697	409.082885742
237.476898193	416.338684082
238.262481689	416.39666748
239.048065186	414.299804688
239.833648682	414.063903809
240.619216919	418.854400635
241.404800415	423.840881348
242.190383911	412.580169678
242.975967407	419.732116699
243.761550903	446.266143799
244.547134399	438.246490479
245.332717896	440.933898926
246.118301392	442.663665771
246.903884888	436.888092041
247.689468384	433.76348877
248.47505188	429.868927002
249.260635376	415.221282959
250.046203613	455.183746338
250.831787109	453.726287842
251.617370605	460.208007813
252.402954102	447.840667725
253.188537598	444.209564209
253.974121094	445.238922119
254.75970459	441.287658691
255.545288086	444.463500977
256.330871582	460.29510498
257.116455078	445.998504639
257.902038574	464.503967285
258.68762207	483.602264404
259.473205566	472.189819336
260.258789063	478.052490234
261.044372559	474.570007324
261.829956055	467.198730469
262.615539551	468.98236084
263.401123047	464.544677734
264.186706543	467.901092529
264.972259521	467.002807617
265.757843018	469.977905273
266.543426514	480.359405518
267.32901001	485.983062744
268.114593506	491.436920166
268.900177002	489.657501221
269.685760498	485.173706055
270.471343994	488.498321533
271.25692749	498.403656006
272.042510986	515.550537109
272.828094482	530.534179688
273.613677979	495.281982422
274.399261475	509.212921143
275.184844971	508.994812012
275.970428467	508.82611084
276.756011963	509.300170898
277.541595459	511.085205078
278.327178955	520.810852051
279.112762451	533.823913574
279.898345947	553.799621582
280.683929443	525.605529785
281.469512939	540.906433105
282.255096436	553.001037598
283.040679932	563.882263184
283.82623291	556.118591309
284.611816406	541.194335938
285.397399902	549.458068848
286.182983398	578.716369629
286.968566895	585.199523926
287.754150391	583.603271484
288.539733887	598.612792969
289.325317383	592.775634766
290.110900879	598.468139648
290.896484375	588.193054199
291.682067871	585.382446289
292.467651367	591.541381836
293.253234863	593.896057129
294.038818359	592.722167969
294.824401855	592.734863281
295.609985352	573.359313965
296.395568848	588.080871582
297.181152344	590.686279297
297.96673584	582.307067871
298.752319336	555.820739746
299.537902832	570.41986084
300.323486328	560.602539063
301.109069824	531.444030762
301.89465332	542.007629395
302.680236816	550.365112305
303.465789795	542.659545898
304.251373291	523.670593262
305.036956787	536.625610352
305.822540283	525.718688965
306.608123779	529.70111084
307.393707275	521.335144043
308.179290771	521.778808594
308.964874268	524.191589355
309.750457764	518.132751465
310.53604126	523.88873291
311.321624756	516.112426758
312.107208252	498.125061035
312.892791748	484.580993652
313.678375244	487.979125977
314.46395874	499.870239258
315.249542236	508.39956665
316.035125732	500.872467041
316.820709229	488.208709717
317.606292725	487.196228027
318.391876221	493.278900146
319.177459717	488.148590088
319.963043213	483.531311035
320.748626709	486.852935791
321.534210205	474.04397583
322.319763184	468.152801514
323.10534668	470.594299316
323.890930176	473.29888916
324.676513672	475.942352295
325.462097168	476.175415039
326.247680664	465.441894531
327.03326416	453.39755249
327.818847656	477.868774414
328.604431152	460.330505371
329.390014648	482.998443604
330.175598145	478.127105713
330.961181641	453.755187988
331.746765137	458.735046387
332.532348633	452.917388916
333.317932129	447.815124512
334.103515625	462.236541748
334.889099121	472.904510498
335.674682617	463.364990234
336.460266113	441.289215088
337.245849609	444.608734131
338.031433105	446.450134277
338.817016602	422.152099609
339.602600098	429.435150146
340.388183594	450.167602539
341.17376709	457.924041748
341.959320068	447.143859863
342.744903564	439.6300354
343.530487061	446.039611816
344.316070557	437.745574951
345.101654053	437.003448486
345.887237549	446.995422363
346.672821045	453.769744873
347.458404541	439.728942871
348.243988037	434.041656494
349.029571533	437.775909424
349.815155029	439.809112549
350.600738525	440.552276611
351.386322021	445.989105225
352.171905518	451.621490479
352.957489014	445.429229736
353.74307251	428.624176025
354.528656006	422.865905762
355.314239502	441.100769043
356.099822998	444.192718506
356.885406494	441.071411133
357.67098999	441.289245605
358.456573486	441.469909668
359.242156982	433.234832764
360.027740479	420.954315186
360.813293457	413.254272461
361.598876953	406.825286865
362.384460449	422.33782959
363.170043945	430.831665039
363.955627441	413.455566406
364.741210938	423.664886475
365.526794434	424.283416748
366.31237793	413.119750977
367.097961426	410.93838501
367.883544922	411.94039917
368.669128418	410.920654297
369.454711914	414.424102783
370.24029541	416.073608398
371.025878906	421.306213379
371.811462402	411.724273682
372.597045898	419.029510498
373.382629395	414.122467041
374.168212891	418.956298828
374.953796387	411.56930542
375.739379883	408.75692749
376.524963379	410.172485352
377.310546875	413.689300537
378.096130371	415.950469971
378.881713867	405.382354736
379.667297363	395.044952393
380.452850342	395.006164551
381.238433838	388.608123779
382.024017334	381.042785645
382.80960083	391.04675293
383.595184326	414.815032959
384.380767822	401.107574463
385.166351318	395.474609375
385.951934814	406.257110596
386.737518311	408.778900146
387.523101807	399.36340332
388.308685303	385.009399414
389.094268799	401.00668335
389.879852295	412.856414795
390.665435791	404.316619873
391.451019287	394.649108887
392.236602783	399.844665527
393.022186279	385.78302002
393.807769775	379.181945801
394.593353271	388.101348877
395.378936768	389.673370361
396.164520264	389.65737915
396.95010376	404.30645752
397.735687256	396.265991211
398.521270752	388.781066895
399.306854248	364.668548584
400.092407227	384.819000244
400.877990723	397.205200195
401.663574219	407.831542969
402.449157715	398.667938232
403.234741211	402.186065674
404.020324707	393.028717041
404.805908203	386.417114258
405.591491699	401.32623291
406.377075195	405.662811279
407.162658691	407.717773438
407.948242188	403.588928223
408.733825684	410.000305176
409.51940918	410.306671143
410.304992676	405.311035156
411.090576172	415.644256592
411.876159668	426.28527832
412.661743164	422.381347656
413.44732666	424.952362061
414.232910156	433.896331787
415.018493652	433.584686279
415.804077148	428.561431885
416.589660645	430.617462158
417.375244141	442.825286865
418.160827637	420.642944336
418.946380615	434.715576172
419.731964111	443.673736572
420.517547607	460.264831543
421.303131104	459.795654297
422.0887146	449.26574707
422.874298096	448.98550415
423.659881592	449.553894043
424.445465088	441.148162842
425.231048584	434.862213135
426.01663208	438.394622803
426.802215576	449.269348145
427.587799072	446.168945313
428.373382568	437.573547363
429.158966064	436.737915039
429.944549561	442.364349365
430.730133057	459.349639893
431.515716553	461.061553955
432.301300049	456.31036377
433.086883545	441.252624512
433.872467041	437.061676025
434.658050537	451.592224121
435.443634033	459.080780029
436.229217529	467.590789795
437.014801025	460.741790771
437.800384521	480.934326172
438.5859375	465.875030518
439.371520996	478.316223145
440.157104492	471.373321533
440.942687988	478.503997803
441.728271484	472.595611572
442.51385498	479.820617676
443.299438477	498.957397461
444.085021973	508.666656494
444.870605469	512.891235352
445.656188965	518.612304688
446.441772461	509.730987549
447.227355957	512.070739746
448.012939453	515.90814209
448.798522949	510.665283203
449.584106445	542.036621094
450.369689941	536.758911133
451.155273438	547.03503418
451.940856934	554.447753906
452.72644043	557.153869629
453.512023926	563.156738281
454.297607422	566.976196289
455.083190918	563.787231445
455.868774414	570.493774414
456.65435791	599.29876709
457.439910889	606.452026367
458.225494385	590.636901855
459.011077881	600.493103027
459.796661377	619.452697754
460.582244873	635.921447754
461.367828369	651.243591309
462.153411865	651.087402344
462.938995361	659.274230957
463.724578857	659.267272949
464.510162354	652.383483887
465.29574585	662.459899902
466.081329346	681.536865234
466.866912842	688.897827148
467.652496338	692.065307617
468.438079834	690.86541748
469.22366333	699.2109375
470.009246826	706.322021484
470.794830322	746.98260498
471.580413818	710.730834961
472.365997314	746.944152832
473.151580811	759.299194336
473.937164307	761.720153809
474.722747803	765.193237305
475.508331299	777.478759766
476.293914795	805.168701172
477.079467773	812.077453613
477.86505127	820.136047363
478.650634766	858.673278809
479.436218262	850.627990723
480.221801758	849.699523926
481.007385254	891.162353516
481.79296875	923.404785156
482.578552246	944.090576172
483.364135742	1007.17626953
484.149719238	1025.34558105
484.935302734	1039.19372559
485.72088623	1041.11938477
486.506469727	1036.9576416
487.292053223	1064.35095215
488.077636719	1088.95446777
488.863220215	1123.74365234
489.648803711	1153.88317871
490.434387207	1201.29785156
491.219970703	1215.55065918
492.005554199	1261.31359863
492.791137695	1348.49829102
493.576721191	1412.18273926
494.362304688	1466.30480957
495.147888184	1532.31787109
495.93347168	1629.58410645
496.719024658	1721.28515625
497.504608154	1817.34130859
498.29019165	1940.89001465
499.075775146	2055.99072266
499.861358643	2181.11962891
500.646942139	2334.27124023
501.432525635	2454.94848633
502.218109131	2517.14135742
503.003692627	2561.25195313
503.789276123	2649.95898438
504.574859619	2684.04980469
505.360443115	2630.29589844
506.146026611	2570.82763672
506.931610107	2466.48925781
507.717193604	2346.32763672
508.5027771	2193.20996094
509.288360596	1984.57141113
510.073944092	1792.0604248
510.859527588	1643.58703613
511.645111084	1471.32727051
512.430664063	1309.54150391
513.216247559	1207.41003418
514.001831055	1075.40039063
514.787414551	962.534912109
515.572998047	888.366333008
516.358581543	830.466186523
517.144165039	755.534912109
517.929748535	696.430114746
518.715332031	644.237731934
519.500915527	599.938903809
520.286499023	563.973449707
521.07208252	533.716186523
521.857666016	510.756774902
522.643249512	480.793731689
523.428833008	442.026641846
524.214416504	439.237121582
525	427.59753418
525.785583496	409.203186035
526.571166992	381.623260498
527.356750488	367.605712891
528.142333984	344.238891602
528.92791748	329.672821045
529.713500977	329.21484375
530.499084473	315.648132324
531.284667969	315.861938477
532.070251465	308.1277771
532.855834961	290.889373779
533.641418457	287.989318848
534.427001953	274.823272705
535.212585449	266.791290283
535.998168945	277.70489502
536.783752441	279.626220703
537.569335938	258.173126221
538.354919434	251.914230347
539.14050293	247.468109131
539.926086426	233.059646606
540.711669922	232.395370483
541.497253418	234.893814087
542.282836914	228.979354858
543.06842041	220.854110718
543.854003906	218.709442139
544.639526367	215.529129028
545.425109863	215.447113037
546.210693359	217.29486084
546.996276855	202.204574585
547.781860352	192.305252075
548.567443848	200.722686768
549.353027344	205.485916138
550.13861084	193.412658691
550.924194336	196.233123779
551.709777832	199.650314331
552.495361328	186.798461914
553.280944824	185.376907349
554.06652832	188.792800903
554.852111816	190.000015259
555.637695313	186.402862549
556.423278809	184.359283447
557.208862305	191.685897827
557.994445801	195.985549927
558.780029297	187.036758423
559.565612793	182.615158081
560.351196289	188.193252563
561.136779785	181.870315552
561.922363281	183.413116455
562.707946777	177.515670776
563.493530273	190.998168945
564.27911377	188.493423462
565.064697266	183.338760376
565.850280762	173.33807373
566.635864258	179.726989746
567.421447754	183.742019653
568.20703125	186.702957153
568.992614746	188
569.778198242	186.588989258
570.563781738	186.587127686
571.349365234	184.013259888
572.13494873	184.600738525
572.920532227	189.758682251
573.706115723	178.347946167
574.491699219	188.040664673
575.277282715	182.931533813
576.062866211	177.731964111
576.848449707	178.742599487
577.634033203	187.543045044
578.419616699	187.70199585
579.205200195	180.132614136
579.990783691	180.747451782
580.776367188	179.403930664
581.561950684	179.555847168
582.34753418	182.644500732
583.133056641	188.209518433
583.918640137	191.49911499
584.704223633	192.548629761
585.489807129	196.616134644
586.275390625	198.814834595
587.060974121	192.483428955
587.846557617	192.323516846
588.632141113	201.425506592
589.417724609	193.618606567
590.203308105	196.119476318
590.988891602	198.322845459
591.774475098	199.589614868
592.560058594	192.276824951
593.34564209	201.032211304
594.131225586	186.704849243
594.916809082	209.453277588
595.702392578	211.317245483
596.487976074	208.021286011
597.27355957	203.821273804
598.059143066	198.315948486
598.844726563	196.516189575
599.630310059	199.384246826
600.415893555	207.096618652
601.201477051	209.60484314
601.987060547	203.619018555
602.772644043	208.141662598
603.558227539	196.028625488
604.343811035	199.885055542
605.129394531	190.898406982
605.914978027	200.063446045
606.700561523	191.152191162
607.48614502	191.777069092
608.271728516	193.896179199
609.057312012	201.940383911
609.842895508	204.80619812
610.628479004	202.156005859
611.4140625	200.465255737
612.199645996	198.305541992
612.985229492	196.666656494
613.770812988	196.066894531
614.556396484	189.105178833
615.34197998	187.524459839
616.127563477	199.571792603
616.913146973	190.057739258
617.698730469	182.487731934
618.484313965	187.439819336
619.269897461	179.787322998
620.055480957	178.169189453
620.841064453	189.882522583
621.626586914	191.567123413
622.41217041	184.842269897
623.197753906	194.361633301
623.983337402	181.847396851
624.768920898	193.298736572
625.554504395	185.08656311
626.340087891	178.572799683
627.125671387	184.048095703
627.911254883	186.736236572
628.696838379	181.893768311
629.482421875	180.656539917
630.268005371	190.951248169
631.053588867	196.617980957
631.839172363	185.422271729
632.624755859	181.169692993
633.410339355	179.7996521
634.195922852	180.935882568
634.981506348	184.638687134
635.767089844	187.173736572
636.55267334	184.34475708
637.338256836	185.930587769
638.123840332	183.270523071
638.909423828	188.469100952
639.695007324	180.905853271
640.48059082	187.952713013
641.266174316	183.216629028
642.051757813	181.231445313
642.837341309	179.164215088
643.622924805	178.438812256
644.408508301	178.290267944
645.194091797	178.476257324
645.979675293	173.914367676
646.765258789	175.902664185
647.550842285	186.545959473
648.336425781	180.96673584
649.122009277	180.648834229
649.907592773	178.705078125
650.69317627	182.449539185
651.478759766	180.469390869
652.264343262	174.42616272
653.049926758	179.973526001
653.835510254	179.018112183
654.62109375	179.935195923
655.406677246	175.546203613
656.192260742	167.381637573
656.977844238	178.27230835
657.763427734	180.577545166
658.54901123	181.994186401
659.334594727	171.090499878
660.120178223	172.613677979
660.905700684	176.807037354
661.69128418	176.488601685
662.476867676	171.918106079
663.262451172	172.399917603
664.048034668	175.034103394
664.833618164	164.142120361
665.61920166	159.194641113
666.404785156	168.206115723
667.190368652	163.948745728
667.975952148	162.541488647
668.761535645	162.289718628
669.547119141	163.863983154
670.332702637	162.311218262
671.118286133	156.914703369
671.903869629	171.276062012
672.689453125	156.45262146
673.475036621	143.18309021
674.260620117	155.213577271
675.046203613	153.376586914
675.831787109	164.558898926
676.617370605	171.705429077
677.402954102	166.194229126
678.188537598	163.425750732
678.974121094	161.876296997
679.75970459	159.553909302
680.545288086	151.27406311
681.330871582	152.07850647
682.116455078	164.425964355
682.902038574	168.414718628
683.68762207	165.12097168
684.473205566	160.731201172
685.258789063	159.846755981
686.044372559	160.527542114
686.829956055	151.241439819
687.615539551	147.427108765
688.401123047	151.326690674
689.186706543	148.642425537
689.972290039	148.779312134
690.757873535	161.251907349
691.543457031	155.600189209
692.329040527	157.163726807
693.114624023	159.08732605
693.90020752	150.126159668
694.685791016	145.670593262
695.471374512	155.654724121
696.256958008	164.532348633
697.042541504	155.733078003
697.828125	147.868011475
698.613708496	149.975067139
699.399230957	154.987228394
700.184814453	151.508590698
700.970397949	149.137863159
701.755981445	153.642929077
702.541564941	152.101104736
703.327148438	142.858474731
704.112731934	140.794830322
704.89831543	149.690917969
705.683898926	154.074661255
706.469482422	158.65512085
707.255065918	154.358200073
708.040649414	149.011352539
708.82623291	142.570831299
709.611816406	147.183105469
710.397399902	153.282058716
711.182983398	164.78288269
711.968566895	149.68081665
712.754150391	148.391403198
713.539733887	145.615036011
714.325317383	158.678573608
715.110900879	154.80960083
715.896484375	158.476104736
716.682067871	154.304000854
717.467651367	150.718154907
718.253234863	154.867492676
719.038818359	160.300689697
719.824401855	157.823196411
720.609985352	156.912963867
721.395568848	152.426223755
722.181152344	155.488632202
722.96673584	162.007446289
723.752319336	158.479187012
724.537902832	159.014129639
725.323486328	163.193588257
726.109069824	162.221832275
726.89465332	165.666671753
727.680236816	166.906341553
728.465820313	169.577362061
729.251403809	165.840148926
730.036987305	156.93737793
730.822570801	157.437835693
731.608154297	159.91217041
732.393737793	149.228439331
733.179321289	169.258834839
733.964904785	178.462387085
734.750488281	156.502365112
735.536071777	176.153869629
736.321655273	159.058776855
737.10723877	168.106170654
737.89276123	162.711425781
738.678344727	162.499649048
739.463928223	151.462249756
740.249511719	163.281723022
741.035095215	179.24017334
741.820678711	172.472885132
742.606262207	170.705062866
743.391845703	166.838317871
744.177429199	165.435073853
744.963012695	165.553375244
745.748596191	170.549636841
746.534179688	175.872894287
747.319763184	170.261230469
748.10534668	168.296417236
748.890930176	176.122192383
749.676513672	174.488204956
750.462097168	168.580825806
751.247680664	171.931137085
752.03326416	174.754043579
752.818847656	172.32673645
753.604431152	166.656692505
754.390014648	174.71333313
755.175598145	176.597076416
755.961181641	179.623596191
756.746765137	182.47833252
757.532348633	181.783615112
758.317932129	184.548400879
759.103515625	176.365905762
759.889099121	182.225860596
760.674682617	178.669113159
761.460266113	181.260238647
762.245849609	174.722900391
763.031433105	178.925613403
763.817016602	176.958343506
764.602600098	176.666671753
765.388183594	178.33605957
766.17376709	186.485961914
766.959350586	183.643600464
767.744934082	180.322662354
768.530517578	181.608612061
769.316101074	178.358566284
770.10168457	185.000640869
770.887268066	186.835922241
771.672851563	180.262741089
772.458435059	184.367218018
773.244018555	182.854095459
774.029602051	184.91317749
774.815185547	187.545547485
775.600769043	185.161239624
776.386291504	190.200378418
777.171875	192.079574585
777.957458496	191.624252319
778.743041992	193.38230896
779.528625488	188.087158203
780.314208984	187.208267212
781.09979248	186.653335571
781.885375977	183.983657837
782.670959473	183.025634766
783.456542969	196.737289429
784.242126465	184.089019775
785.027709961	194.803909302
785.813293457	189.651779175
786.598876953	189.50894165
787.384460449	198.255508423
788.170043945	199.68572998
788.955627441	196.073455811
789.741210938	186.196777344
790.526794434	194.822799683
791.31237793	198.828033447
792.097961426	183.515731812
792.883544922	177.860183716
793.669128418	202.510421753
794.454711914	189.262557983
795.24029541	185.003936768
796.025878906	184.958892822
796.811462402	195.279708862
797.597045898	186.97984314
798.382629395	193.130447388
799.168212891	203.439453125
799.953796387	195.663986206
800.739379883	196.90423584
801.524963379	191.071228027
802.310546875	193.513916016
803.096130371	200.009811401
803.881713867	195.134140015
804.667297363	191.666656494
805.452880859	201.436050415
806.238464355	203.511383057
807.024047852	208.766204834
807.809631348	208.704116821
808.595214844	199.625823975
809.38079834	192.183486938
810.166381836	198.390777588
810.951965332	199.926940918
811.737548828	196.775314331
812.523132324	204.002746582
813.30871582	198.707077026
814.094299316	193.813323975
814.879821777	200.07460022
815.665405273	197.572341919
816.45098877	193.298980713
817.236572266	195.543884277
818.022155762	198.49041748
818.807739258	195.532196045
819.593322754	206.189697266
820.37890625	195.246963501
821.164489746	193.228820801
821.950073242	192.046142578
822.735656738	206.85295105
823.521240234	202.541809082
824.30682373	194.00680542
825.092407227	204.126708984
825.877990723	205.982421875
826.663574219	202.068084717
827.449157715	204.340866089
828.234741211	198.695861816
829.020324707	199.346115112
829.805908203	203.292053223
830.591491699	190.740905762
831.377075195	193.097930908
832.162658691	213.005371094
832.948242188	213.989685059
833.733825684	197.441772461
834.51940918	208.821228027
835.304992676	208.390380859
836.090576172	207.096588135
836.876159668	211.865310669
837.661743164	206.352813721
838.44732666	204.784744263
839.232910156	195.708679199
840.018493652	199.45765686
840.804077148	200.613189697
841.589660645	194.893356323
842.375244141	205.817321777
843.160827637	207.341003418
843.946411133	208.3046875
844.731994629	218.662765503
845.517578125	210.850906372
846.303161621	214.489761353
847.088745117	224.521743774
847.874328613	203.756164551
848.659912109	207.875732422
849.445495605	219.861038208
850.231079102	222.891738892
851.016662598	216.369110107
851.802246094	210.615768433
852.58782959	210.822509766
853.373413086	202.907852173
854.158935547	203.788803101
854.944519043	216.672088623
855.730102539	211.857925415
856.515686035	209.33770752
857.301269531	205.644729614
858.086853027	204.246505737
858.872436523	206.581985474
859.65802002	211.87336731
860.443603516	216.292495728
861.229187012	213.975875854
862.014770508	217.157394409
862.800354004	213.375289917
863.5859375	209.273208618
864.371520996	216.822341919
865.157104492	216.925201416
865.942687988	212.179504395
866.728271484	213.524795532
867.51385498	214.402816772
868.299438477	212.359207153
869.085021973	217.566009521
869.870605469	217.018386841
870.656188965	216.275268555
871.441772461	218.329727173
872.227355957	217.53894043
873.012939453	226.375717163
873.798522949	222.406723022
874.584106445	220.420455933
875.369689941	215.889038086
876.155273438	223.596282959
876.940856934	234.027557373
877.72644043	225.835205078
878.512023926	224.696365356
879.297607422	230.053253174
880.083190918	230.250106812
880.868774414	224.220611572
881.65435791	222.1746521
882.439941406	224.21673584
883.225524902	233.710159302
884.011108398	238.267654419
884.796691895	233.100265503
885.582275391	238.761672974
886.367858887	242.662506104
887.153442383	242.74256897
887.939025879	242.527282715
888.724609375	242.776138306
889.510192871	242.315612793
890.295776367	250.327163696
891.081359863	251.090805054
891.866943359	246.858032227
892.65246582	257.487121582
893.438049316	256.002624512
894.223632813	251.94430542
895.009216309	250.002182007
895.794799805	253.01499939
896.580383301	266.308074951
897.365966797	264.821166992
898.151550293	265.627105713
898.937133789	267.705047607
899.722717285	268.994171143
900.508300781	269.471496582
901.293884277	285.770385742
902.079467773	296.207702637
902.86505127	293.130981445
903.650634766	281.883453369
904.436218262	278.839019775
905.221801758	280.569122314
906.007385254	287.835998535
906.79296875	297.31729126
907.578552246	291.560546875
908.364135742	286.391937256
909.149719238	286.41796875
909.935302734	293.579101563
910.72088623	291.130126953
911.506469727	283.476318359
912.292053223	283.51473999
913.077636719	288.52545166
913.863220215	290.984130859
914.648803711	295.932037354
915.434387207	284.831787109
916.219970703	295.543395996
917.005554199	295.745239258
917.791137695	297.822479248
918.576721191	280.100280762
919.362304688	290.303253174
920.147888184	291.996673584
920.93347168	296.518829346
921.719055176	285.000762939
922.504638672	279.180114746
923.290222168	294.148468018
924.075805664	283.592285156
924.86138916	280.914978027
925.646972656	286.709472656
926.432556152	275.474578857
927.218139648	280.403991699
928.003723145	281.398590088
928.789306641	275.598114014
929.574890137	269.951721191
930.360473633	266.13104248
931.145996094	270.932189941
931.93157959	286.208770752
932.717163086	281.817108154
933.502746582	276.485290527
934.288330078	272.446014404
935.073913574	266.778320313
935.85949707	264.836242676
936.645080566	268.82244873
937.430664063	267.799133301
938.216247559	273.607757568
939.001831055	271.914978027
939.787414551	255.392288208
940.572998047	251.613601685
941.358581543	259.370056152
942.144165039	251.830154419
942.929748535	259.954681396
943.715332031	251.618255615
944.500915527	250.594543457
945.286499023	251.895599365
946.07208252	249.861541748
946.857666016	247.910247803
947.643249512	245.11177063
948.428833008	250.325195313
949.214416504	246.647613525
950	228.889556885
950.785583496	243.23979187
951.571166992	238.934371948
952.356750488	230.009643555
953.142333984	226.154602051
953.92791748	219.450653076
954.713500977	215.703872681
955.499084473	216.544189453
956.284667969	210.666671753
957.070251465	210.666671753
957.855834961	194.245147705
958.641418457	202.528244019
959.427001953	205.177368164
960.212585449	202.894104004
960.998168945	199.073226929
961.783752441	203.96043396
962.569335938	197.446929932
963.354919434	198.878677368
964.14050293	198.223587036
964.926086426	186.84046936
965.711669922	182.464385986
966.497253418	171.789199829
967.282836914	168.48789978
968.06842041	161.56350708
968.854003906	172.106872559
969.639526367	175.944915771
970.425109863	167.893417358
971.210693359	159.594696045
971.996276855	169.965682983
972.781860352	164.305892944
973.567443848	166.314880371
974.353027344	164.131118774
975.13861084	159.715393066
975.924194336	162.954116821
976.709777832	156.301483154
977.495361328	151.532592773
978.280944824	147.248352051
979.06652832	147.553192139
979.852111816	151.688217163
980.637695313	150.099395752
981.423278809	148.501495361
982.208862305	150.470245361
982.994445801	147.858840942
983.780029297	143
984.565612793	147.371917725
985.351196289	145.041976929
986.136779785	137.900787354
986.922363281	142.577255249
987.707946777	146.474334717
988.493530273	142.788879395
989.27911377	133.25932312
990.064697266	135.454956055
990.850280762	132.137985229
991.635864258	125.894462585
992.421447754	126.223655701
993.20703125	123.144691467
993.992614746	116.897865295
994.778198242	119.024330139
995.563781738	125.140213013
996.349365234	127.241981506
997.13494873	128.880020142
997.920532227	125.747146606
998.706115723	124.443717957
999.491699219	126.630157471
1000.27728271	121.299255371
1001.06286621	126.016426086
1001.84844971	109.328315735
1002.6340332	112.765144348
1003.4196167	111.046943665
1004.2052002	114.44631958
1004.99078369	114.946578979
1005.77636719	116.310089111
1006.56195068	123.884216309
1007.34753418	113.571365356
1008.13305664	117.454574585
1008.91864014	118.333335876
1009.70422363	118.019943237
1010.48980713	114.49937439
1011.27539063	106.520240784
1012.06097412	105.284484863
1012.84655762	108.272369385
1013.63214111	103.432022095
1014.41772461	109.694770813
1015.20330811	104.302566528
1015.9888916	103.088760376
1016.7744751	89.3082962036
1017.56005859	109.317626953
1018.34564209	108.59122467
1019.13122559	103.988113403
1019.91680908	102.666656494
1020.70239258	102.666656494
1021.48797607	100.362220764
1022.27355957	106.871177673
1023.05914307	100.832077026
1023.84472656	101.956123352
1024.63037109	106.802246094
1025.41589355	95.2354125977
1026.20153809	96.2455444336
1026.98706055	98.8424301147
1027.77258301	99
1028.55822754	99.6205749512
1029.34375	93.1934051514
1030.12939453	105.527786255
1030.91491699	97.2355270386
1031.70056152	93.3028945923
1032.48608398	102.939201355
1033.27172852	104.598510742
1034.05725098	96.6177062988
1034.84289551	95.6666641235
1035.62841797	93.6046066284
1036.4140625	96.8551254272
1037.19958496	97.0414810181
1037.98522949	95.5494232178
1038.77075195	85.5022125244
1039.55639648	96.0785827637
1040.34191895	96.8533401489
1041.12756348	96.0963516235
1041.91308594	90.5986785889
1042.69873047	91.6464767456
1043.48425293	87.7700195313
1044.26989746	85.0354537964
1045.05541992	84.106918335
1045.84106445	94.3330078125
1046.62658691	96.8893051147
1047.41223145	91.4540481567
1048.19775391	91.4376144409
1048.98339844	96.8998031616
1049.7689209	90.3005523682
1050.55456543	96.6086349487
1051.34008789	92.0470504761
1052.12573242	90.393737793
1052.91125488	87.3349075317
1053.69689941	91.5549926758
1054.48242188	94.5645523071
1055.26806641	94.1873474121
1056.05358887	88.8575897217
1056.8392334	92.5342407227
1057.62475586	91.2402420044
1058.41040039	83.1258392334
1059.19592285	84.8327560425
1059.98156738	83.7829589844
1060.76708984	79.5670089722
1061.55273438	83.2394638062
1062.33825684	87.292388916
1063.12390137	80.1980819702
1063.90942383	82.3698425293
1064.69506836	90.0628051758
1065.48059082	87.0885772705
1066.26611328	85.7305221558
1067.05175781	87.5542449951
1067.83728027	82.0635910034
1068.6229248	80.1265411377
1069.40844727	88.9211349487
1070.1940918	85.8453216553
1070.97961426	84.1231002808
1071.76525879	88.8981552124
1072.55078125	79.9174880981
1073.33642578	84.489982605
1074.12194824	82.9853744507
1074.90759277	76.8395385742
1075.69311523	81.720703125
1076.47875977	79.4156341553
1077.26428223	73.1275405884
1078.04992676	80.0528869629
1078.83544922	78.327255249
1079.62109375	79.6240234375
1080.40661621	79.4391021729
1081.19226074	71.7422485352
1081.9777832	70.0507354736
1082.76342773	70.2834854126
1083.5489502	79.1680603027
1084.33459473	79.2370758057
1085.12011719	72.1003494263
1085.90576172	74.750541687
1086.69128418	79.1045227051
1087.47692871	79.0843734741
1088.26245117	71.0932922363
1089.0480957	71.1758041382
1089.83361816	83.4571304321
1090.6192627	81.1312026978
1091.40478516	79.4714584351
1092.19042969	70.6138687134
1092.97595215	71.482421875
1093.76159668	70.7550582886
1094.54711914	72.8076248169
1095.33276367	69.9208755493
1096.11828613	73.3776245117
1096.90393066	70.5536727905
1097.68945313	69.3929519653
1098.47509766	74.3833618164
1099.26062012	72.7640762329
1100.04626465	73.62449646
1100.83178711	74.6313018799
1101.61743164	70.7802581787
1102.4029541	74.9071350098
1103.18859863	72.700050354
1103.97412109	73.6594848633
1104.75964355	66.9998626709
1105.54528809	65.7183761597
1106.33081055	72.7309341431
1107.11645508	76.8055877686
1107.90197754	68.5335769653
1108.68762207	74.7732315063
1109.47314453	69.1214904785
1110.25878906	71.1319198608
1111.04431152	62.1783332825
1111.82995605	69.9073562622
1112.61547852	68.692565918
1113.40112305	69.2005462646
1114.18664551	71.2391281128
1114.97229004	69.8526763916
1115.7578125	66.2728271484
1116.54345703	69.0444412231
1117.32897949	56.35313797
1118.11462402	65.6603317261
1118.90014648	68.4722824097
1119.68579102	72.2529830933
1120.47131348	68.2203216553
1121.25695801	68.2688598633
1122.04248047	70.4303970337
1122.828125	68.5325546265
1123.61364746	69.3297576904
1124.39929199	62.5686264038
1125.18481445	57.1792373657
1125.97045898	60.8077545166
1126.75598145	62.8277816772
1127.54162598	62.8319778442
1128.32714844	66.1749572754
1129.11279297	64.3824768066
1129.89831543	64.8371124268
1130.68395996	65.008605957
1131.46948242	64.7922515869
1132.25512695	58.5547065735
1133.04064941	59.2078170776
1133.82629395	60.2383422852
1134.61181641	66.0066452026
1135.39746094	66.9504394531
1136.1829834	62.6575202942
1136.96862793	61.360748291
1137.75415039	61.3519859314
1138.53979492	64.2698440552
1139.32531738	62.8924865723
1140.11096191	62.6231460571
1140.89648438	59.8997421265
1141.68212891	59.7994804382
1142.46765137	63.8306388855
1143.25317383	66.6666641235
1144.03881836	59.6288909912
1144.82434082	52.7925033569
1145.60998535	58.2446746826
1146.39550781	58.0713424683
1147.18115234	57.8326263428
1147.9666748	63.7214508057
1148.75231934	60.4852256775
1149.5378418	59.7198791504
1150.32348633	55.9785232544
1151.10900879	60.4527397156
1151.89465332	60.2966880798
1152.68017578	62.2320365906
1153.46582031	60.2488021851
1154.25134277	59.8674201965
1155.0369873	58.6145515442
1155.82250977	58
1156.6081543	59.0238494873
1157.39367676	66.1252975464
1158.17932129	65.0682754517
1158.96484375	51.2532844543
1159.75048828	53.615146637
1160.53601074	54.0999069214
1161.32165527	64.3960189819
1162.10717773	64.8201217651
1162.89282227	61.3609733582
1163.67834473	51.5134277344
1164.46398926	59.4114456177
1165.24951172	51.4160919189
1166.03515625	56.4991912842
1166.82067871	58.6462364197
1167.60632324	60.6280097961
1168.3918457	55.0438842773
1169.17749023	56.59425354
1169.9630127	54.8739242554
1170.74865723	53.6445007324
1171.53417969	60.899772644
1172.31982422	60.8653755188
1173.10534668	65.4967880249
1173.89099121	55.0906181335
1174.67651367	59.7697982788
1175.4621582	54.0646781921
1176.24768066	53.4040107727
1177.0333252	51.0159454346
1177.81884766	55.2617950439
1178.60449219	57.9999961853
1179.39001465	57.4120330811
1180.17565918	56.3131713867
1180.96118164	54.8840293884
1181.74682617	52.5610198975
1182.53234863	58.5032920837
1183.31787109	59.3727836609
1184.10351563	54.6110839844
1184.88903809	57.9203491211
1185.67468262	60.2879447937
1186.46020508	57.7043266296
1187.24584961	57.6725349426
1188.03137207	57.0963249207
1188.8170166	56.0294456482
1189.60253906	52.9362640381
1190.38818359	55.235660553
1191.17370605	52.9691429138
1191.95935059	52.7078399658
1192.74487305	52.7011947632
1193.53051758	58.6690750122
1194.31604004	56.3988227844
1195.10168457	53.0338668823
1195.88720703	53.4146270752
1196.67285156	60.346408844
1197.45837402	63.3915863037
1198.24401855	57.4055366516
1199.02954102	60.198928833
1199.81518555	62.730266571
1200.60070801	60.3337097168
1201.38635254	53.9195175171
1202.171875	47.7201576233
1202.95751953	53.727684021
1203.74304199	59.2540779114
1204.52868652	64.7473831177
1205.31420898	73.19581604
1206.09985352	59.0377311707
1206.88537598	55.1108436584
1207.67102051	62.6056251526
1208.45654297	54.2678146362
1209.2421875	55.7885360718
1210.02770996	55.0984687805
1210.81335449	55.3896789551
1211.59887695	52.1718330383
1212.38452148	60.5478668213
1213.17004395	58.1410903931
1213.95568848	58.7131233215
1214.74121094	60.5459060669
1215.52685547	57.8339233398
1216.31237793	55.8491783142
1217.09802246	55.8431243896
1217.88354492	54.9728164673
1218.66918945	55.0996246338
1219.45471191	56.1784591675
1220.24035645	55.9847450256
1221.02587891	54.2995262146
1221.81140137	53.9712295532
1222.5970459	52.5926170349
1223.38256836	54.2519950867
1224.16821289	58.4511260986
1224.95373535	56.2839736938
1225.73937988	53.4604530334
1226.52490234	53.5012626648
1227.31054688	51.3243675232
1228.09606934	54.1756706238
1228.88171387	54.7203521729
1229.66723633	56.9817237854
1230.45288086	56.4359855652
1231.23840332	64.0570602417
1232.02404785	57.0168571472
1232.80957031	60.9389419556
1233.59521484	56.9742507935
1234.3807373	55.2729263306
1235.16638184	54.0500183105
1235.9519043	55.9272842407
1236.73754883	65.6310653687
1237.52307129	57.844078064
1238.30871582	51.9348831177
1239.09423828	52.2700119019
1239.87988281	53.4716262817
1240.66540527	50.6146202087
1241.4510498	51.158164978
1242.23657227	54.4503974915
1243.0222168	54.5388183594
1243.80773926	52.2615089417
1244.59338379	50.9664001465
1245.37890625	53.6368331909
1246.16455078	57.3937072754
1246.95007324	56.364200592
1247.73571777	58.1659317017
1248.52124023	57.9571113586
1249.30688477	55.9728546143
1250.09240723	58.7971954346
1250.87805176	52.4757461548
1251.66357422	51.7931747437
1252.44921875	57.296585083
1253.23474121	60.0069618225
1254.02038574	58.0977668762
1254.8059082	62.8920822144
1255.59155273	53.10364151
1256.3770752	50.4367141724
1257.16271973	56.4944648743
1257.94824219	45.0649261475
1258.73388672	53.3874130249
1259.51940918	54.7424049377
1260.30493164	55.6666679382
1261.09057617	55.0899772644
1261.87609863	51.0676651001
1262.66174316	50.4098510742
1263.44726563	57.8343353271
1264.23291016	54.3952865601
1265.01843262	49.3482093811
1265.80407715	54.6895980835
1266.58959961	57.4263076782
1267.37524414	58.8138847351
1268.1607666	54.4836425781
1268.94641113	52.1670799255
1269.73193359	54.1406974792
1270.51757813	52.9505805969
1271.30310059	47.2188796997
1272.08874512	57.2588691711
1272.87426758	56.7249336243
1273.65991211	53.5729980469
1274.44543457	50.6427154541
1275.2310791	57.8622093201
1276.01660156	48.0992431641
1276.80224609	50.583026886
1277.58776855	52.845451355
1278.37341309	50.795009613
1279.15893555	55.906665802
1279.94458008	51.659942627
1280.73010254	51.2173156738
1281.51574707	50.0700492859
1282.30126953	57.4542884827
1283.08691406	60.6238670349
1283.87243652	59.798915863
1284.65808105	53.3541793823
1285.44360352	55.9044418335
1286.22924805	50.3306617737
1287.01477051	53.3487129211
1287.80041504	54.7396736145
1288.5859375	49.3523406982
1289.37158203	50.107383728
1290.15710449	57.0607681274
1290.94274902	53.2600517273
1291.72827148	52.7527351379
1292.51391602	56.6504516602
1293.29943848	55.1562156677
1294.08508301	52.1384429932
1294.87060547	49.0142745972
1295.65625	49.1464157104
1296.44177246	52.7525634766
1297.22741699	54.5264587402
1298.01293945	45.9218063354
1298.79846191	53.4957237244
1299.58410645	51.9803924561
1300.36962891	50.8545799255
1301.15527344	49.6121711731
1301.9407959	56.830368042
1302.72644043	52.8165092468
1303.51196289	54.7129745483
1304.29760742	47.5943336487
1305.08312988	47.3440055847
1305.86877441	51.2619895935
1306.65429688	44.4814376831
1307.43994141	50.746471405
1308.22546387	53.6595420837
1309.0111084	51.3347740173
1309.79663086	50.9225921631
1310.58227539	51.919593811
1311.36779785	52.7743606567
1312.15344238	49.1048202515
1312.93896484	51.3176345825
1313.72460938	61.0262718201
1314.51013184	57.3375740051
1315.29577637	51.66563797
1316.08129883	47.698097229
1316.86694336	51.0043640137
1317.65246582	58.130771637
1318.43811035	52.4639778137
1319.22363281	51.3658790588
1320.00927734	50.5834541321
1320.7947998	50.6497802734
1321.58044434	48.2497406006
1322.3659668	49.9552230835
1323.15161133	53.3689880371
1323.93713379	49.3337211609
1324.72277832	50.9924354553
1325.50830078	51.9029121399
1326.29394531	51.8073883057
1327.07946777	50.4021492004
1327.8651123	43.8025016785
1328.65063477	50.8716773987
1329.4362793	51.0679740906
1330.22180176	54.6831169128
1331.00744629	52.5551452637
1331.79296875	52.5674171448
1332.57861328	49.478313446
1333.36413574	48.8678092957
1334.14978027	51.1894569397
1334.93530273	52.0109100342
1335.72094727	55.1433982849
1336.50646973	61.0579605103
1337.29199219	58.4248199463
1338.07763672	55.2099952698
1338.86315918	52.1228790283
1339.64880371	59.3517837524
1340.43432617	51.5084075928
1341.2199707	48.0718612671
1342.00549316	55.002243042
1342.7911377	58.0392227173
1343.57666016	50.6440811157
1344.36230469	52.404586792
1345.14782715	59.3305778503
1345.93347168	57.3424186707
1346.71899414	58.1801605225
1347.50463867	51.6464080811
1348.29016113	54.8504753113
1349.07580566	51.620223999
1349.86132813	52.1556129456
1350.64697266	51.1615791321
1351.43249512	55.0575065613
1352.21813965	53.2861480713
1353.00366211	53.0263710022
1353.78930664	51.2878646851
1354.5748291	50.817855835
1355.36047363	49.8183517456
1356.14599609	51.7929649353
1356.93164063	52.37657547
1357.71716309	52.675113678
1358.50280762	50.463508606
1359.28833008	50.4633407593
1360.07397461	51.6188011169
1360.85949707	51.2903175354
1361.6451416	57.9825973511
1362.43066406	55.5705947876
1363.21630859	57.7656288147
1364.00183105	54.0607681274
1364.78747559	56.9004631042
1365.57299805	52.8332710266
1366.35864258	51.653427124
1367.14416504	50.1069526672
1367.92980957	54.83411026
1368.71533203	54.3773536682
1369.50097656	54.7214889526
1370.28649902	56.4233779907
1371.07214355	54.3028259277
1371.85766602	54.9359741211
1372.64331055	50.8467407227
1373.42883301	49.8418884277
1374.21447754	51.2637901306
1375	54.5196266174
1375.78552246	48.8595733643
1376.57116699	45.8265342712
1377.35668945	55.816280365
1378.14233398	55.2320785522
1378.92785645	48.7862358093
1379.71350098	55.4592475891
1380.49902344	54.1484451294
1381.28466797	48.1267852783
1382.07019043	54.6822853088
1382.85583496	56.4953460693
1383.64135742	59.6310081482
1384.42700195	56.1447677612
1385.21252441	52.7073822021
1385.99816895	52.1049575806
1386.78369141	52.3742256165
1387.56933594	53.7319259644
1388.3548584	55.5316467285
1389.14050293	53.3444366455
1389.92602539	54.9449577332
1390.71166992	48.3769721985
1391.49719238	48.0792884827
1392.28283691	49.8638534546
1393.06835938	48.5342903137
1393.85400391	56.6342697144
1394.63952637	50.7141990662
1395.4251709	56.1473922729
1396.21069336	56.2057113647
1396.99633789	56.1277656555
1397.78186035	56.7658882141
1398.56750488	54.7259254456
1399.35302734	54.2868881226
1400.13867188	52.0895233154
1400.92419434	52.5294113159
1401.70983887	56.672000885
1402.49536133	54.9929962158
1403.28100586	51.9627723694
1404.06652832	55.2287483215
1404.85217285	58.4325561523
1405.63769531	52.931640625
1406.42333984	47.2833328247
1407.2088623	52.5181236267
1407.99450684	51.4867858887
1408.7800293	54.6829605103
1409.56567383	49.1070480347
1410.35119629	50.2343788147
1411.13684082	50.3415145874
1411.92236328	48.4709892273
1412.70800781	46.5508651733
1413.49353027	46.8781051636
1414.27905273	51.6436195374
1415.06469727	49.9530067444
1415.85021973	50.8859329224
1416.63586426	51.0779800415
1417.42138672	52.2793426514
1418.20703125	55.0156974792
1418.99255371	44.190574646
1419.77819824	48.7697143555
1420.5637207	52.5275535583
1421.34936523	51.3528213501
1422.1348877	50.2811203003
1422.92053223	49.5828819275
1423.70605469	49.9122047424
1424.49169922	54.4117622375
1425.27722168	53.3554115295
1426.06286621	49.0583686829
1426.84838867	50.1518363953
1427.6340332	53.6462097168
1428.41955566	51.1357765198
1429.2052002	51.0288658142
1429.99072266	47.6293373108
1430.77636719	46.3044586182
1431.56188965	48.7078819275
1432.34753418	51.8836135864
1433.13305664	47.3237075806
1433.91870117	50.8861961365
1434.70422363	51.6581954956
1435.48986816	51.8165054321
1436.27539063	49.3155174255
1437.06103516	49.3142089844
1437.84655762	51.7759857178
1438.63220215	50.5758094788
1439.41772461	49.2745857239
1440.20336914	53.5743751526
1440.9888916	51.8801727295
1441.77453613	50.3290939331
1442.56005859	47.5835266113
1443.34570313	47.7028274536
1444.13122559	48.3453445435
1444.91687012	49.0626449585
1445.70239258	50.67445755
1446.48803711	52.2979621887
1447.27355957	50.9873542786
1448.0592041	51.2060165405
1448.84472656	48.1808700562
1449.63037109	51.6107406616
1450.41589355	47.5084877014
1451.20153809	48.6198616028
1451.98706055	49.324546814
1452.77258301	50.7473297119
1453.55822754	46.0908088684
1454.34375	49.9776649475
1455.12939453	51.2832336426
1455.91491699	46.8859901428
1456.70056152	50.9760513306
1457.48608398	50.002040863
1458.27172852	50.9241943359
1459.05725098	49.5303459167
1459.84289551	48.8611068726
1460.62841797	47.4344673157
1461.4140625	53.8349952698
1462.19958496	50.4435539246
1462.98522949	59.1184501648
1463.77075195	61.2141075134
1464.55639648	59.3902854919
1465.34191895	50.520778656
1466.12756348	50.9794883728
1466.91308594	49.8350028992
1467.69873047	49.6538619995
1468.48425293	52.5115890503
1469.26989746	53.1445579529
1470.05541992	52.0501251221
1470.84106445	48.3345451355
1471.62658691	48.4239273071
1472.41223145	46.5168418884
1473.19775391	49.0170631409
1473.98339844	48.3819656372
1474.7689209	48.0602645874
1475.55456543	51.8072128296
1476.34008789	47.4950408936
1477.12573242	45.3673286438
1477.91125488	48.3062133789
1478.69689941	50.149887085
1479.48242188	51.7999191284
1480.26806641	50.6160964966
1481.05358887	45.0060043335
1481.8392334	47.5123291016
1482.62475586	47.7096176147
1483.41040039	45.1810264587
1484.19592285	51.9157066345
1484.98156738	48.1792564392
1485.76708984	46.9538993835
1486.55273438	46.5694732666
1487.33825684	44.6168785095
1488.12390137	45.374370575
1488.90942383	48.7757606506
1489.69506836	45.5069656372
1490.48059082	49.0456199646
1491.26611328	48.4991455078
1492.05175781	48.7286872864
1492.83728027	47.4198608398
1493.6229248	44.9485969543
1494.40844727	47.778377533
1495.1940918	45.9562301636
1495.97961426	50.9783973694
1496.76525879	47.1504211426
1497.55078125	49.7367858887
1498.33642578	49.7437057495
1499.12194824	46.1374664307
1499.90759277	47.1790733337
1500.69311523	51.5098190308
1501.47875977	50.2027244568
1502.26428223	47.6378593445
1503.04992676	50.4195404053
1503.83544922	49.5656204224
1504.62109375	42.0823669434
1505.40661621	48.3533058167
1506.19226074	48.5492706299
1506.9777832	49.3091545105
1507.76342773	49.8943595886
1508.5489502	50.5327033997
1509.33459473	48.4620399475
1510.12011719	44.7299537659
1510.90576172	47.835773468
1511.69128418	47.5086479187
1512.47692871	47.2761497498
1513.26245117	50.1249313354
1514.0480957	55.482219696
1514.83361816	45.8162231445
1515.6192627	50.116481781
1516.40478516	48.0978393555
1517.19042969	46.3331222534
1517.97595215	48.3411483765
1518.76159668	46.058216095
1519.54711914	48.4162483215
1520.33276367	48.0481147766
1521.11828613	49.9007339478
1521.90393066	51.1713905334
1522.68945313	48.7684135437
1523.47509766	50.7530097961
1524.26062012	51.421245575
1525.04626465	52.4388694763
1525.83178711	51.4521255493
1526.61743164	58.4943275452
1527.4029541	55.5833053589
1528.18859863	51.5802383423
1528.97412109	47.1205558777
1529.75964355	46.8272438049
1530.54528809	48.838722229
1531.33081055	50.4227981567
1532.11645508	46.4685440063
1532.90197754	44.4895439148
1533.68762207	46.271068573
1534.47314453	44.3110351563
1535.25878906	52.5685462952
1536.04431152	46.2761802673
1536.82995605	46.5925216675
1537.61547852	46.1876602173
1538.40112305	47.0601730347
1539.18664551	48.4669113159
1539.97229004	48.7967414856
1540.7578125	49.195186615
1541.54345703	48.9054069519
1542.32897949	47.1931877136
1543.11462402	49.0457382202
1543.90014648	48.7102661133
1544.68579102	50.5928115845
1545.47131348	52.2910614014
1546.25695801	53.1290435791
1547.04248047	51.5359916687
1547.828125	49.6771888733
1548.61364746	51.7702827454
1549.39929199	51.8418464661
1550.18481445	48.5314102173
1550.97045898	48.6142158508
1551.75598145	51.5093994141
1552.54162598	55.3324661255
1553.32714844	53.8933868408
1554.11279297	52.2058448792
1554.89831543	56.5020370483
1555.68395996	60.820476532
1556.46948242	59.8362808228
1557.25512695	62.5503196716
1558.04064941	67.3335494995
1558.82629395	57.6903991699
1559.61181641	53.5058822632
1560.39746094	48.356716156
1561.1829834	51.4262580872
1561.96862793	48.2990913391
1562.75415039	51.582069397
1563.53979492	52.6242752075
1564.32531738	51.9492263794
1565.11096191	50.1272544861
1565.89648438	51.714389801
1566.68212891	49.6212844849
1567.46765137	50.7160644531
1568.25317383	56.7843399048
1569.03881836	48.927444458
1569.82434082	48.7415046692
1570.60998535	45.3788223267
1571.39550781	47.7650909424
1572.18115234	48.8741073608
1572.9666748	49.686000824
1573.75231934	49.9641075134
1574.5378418	50.7336921692
1575.32348633	49.9117393494
1576.10900879	49.0650062561
1576.89465332	47.5682830811
1577.68017578	46.7498970032
1578.46582031	48.6534957886
1579.25134277	50.9497947693
1580.0369873	49.2061386108
1580.82250977	51.6284217834
1581.6081543	51.1249923706
1582.39367676	48.55103302
1583.17932129	44.6023902893
1583.96484375	53.4010124207
1584.75048828	55.8287010193
1585.53601074	51.8993225098
1586.32165527	52.0615005493
1587.10717773	54.5535087585
1587.89282227	49.4847831726
1588.67834473	48.021232605
1589.46398926	48.2581825256
1590.24951172	48.478515625
1591.03515625	50.4573898315
1591.82067871	51.9006309509
1592.60632324	48.1939659119
1593.3918457	52.5261306763
1594.17749023	49.8178062439
1594.9630127	46.5636787415
1595.74865723	53.0422973633
1596.53417969	52.7812995911
1597.31982422	51.1089668274
1598.10534668	51.9750175476
1598.89099121	50.4681968689
1599.67651367	47.7448768616
1600.4621582	47.6116409302
1601.24768066	51.3431816101
1602.0333252	52.8289070129
1602.81884766	54.4530639648
1603.60449219	52.2676620483
1604.39001465	54.2821655273
1605.17565918	54.1561660767
1605.96118164	46.8289794922
1606.74682617	49.7262992859
1607.53234863	50.3430404663
1608.31787109	45.4708557129
1609.10351563	53.9370346069
1609.88903809	52.606388092
1610.67468262	55.3536682129
1611.46020508	49.4144859314
1612.24584961	52.4592247009
1613.03137207	52.8226318359
1613.8170166	52.8446769714
1614.60253906	50.2103691101
1615.38818359	52.7595024109
1616.17370605	51.4136314392
1616.95935059	49.8659706116
1617.74487305	50.1763534546
1618.53051758	54.7178955078
1619.31604004	51.003036499
1620.10168457	47.500328064
1620.88720703	48.1756286621
1621.67285156	50.3450393677
1622.45837402	51.5870285034
1623.24401855	49.3181304932
1624.02954102	51.7223587036
1624.81518555	53.3154945374
1625.60070801	53.3312721252
1626.38635254	49.7523956299
1627.171875	51.9013023376
1627.95751953	55.8654899597
1628.74304199	54.172668457
1629.52868652	52.9983940125
1630.31420898	50.8090934753
1631.09985352	48.2526512146
1631.88537598	45.5625419617
1632.67102051	49.3563537598
1633.45654297	45.2471847534
1634.2421875	48.7835845947
1635.02770996	53.88539505
1635.81335449	54.9002799988
1636.59887695	53.5804100037
1637.38452148	51.2438545227
1638.17004395	48.8834190369
1638.95568848	52.1499252319
1639.74121094	54.029914856
1640.52685547	54.0783576965
1641.31237793	54.8261184692
1642.09802246	51.9182052612
1642.88354492	55.2377471924
1643.66918945	52.3257637024
1644.45471191	51.3840637207
1645.24035645	56.9969596863
1646.02587891	55.5863113403
1646.81140137	51.8006477356
1647.5970459	53.8843421936
1648.38256836	53.9511871338
1649.16821289	51.0781402588
1649.95373535	46.9898300171
1650.73937988	45.697933197
1651.52490234	42.8040046692
1652.31054688	52.9452819824
1653.09606934	56.2743835449
1653.88171387	53.4619636536
1654.66723633	47.7898368835
1655.45288086	46.0611381531
1656.23840332	50.9352836609
1657.02404785	58.6600837708
1657.80957031	49.4720802307
1658.59521484	57.1624259949
1659.3807373	51.7031135559
1660.16638184	44.786151886
1660.9519043	45.8765296936
1661.73754883	47.0286521912
1662.52307129	53.9785385132
1663.30871582	53.5999031067
1664.09423828	51.1850967407
1664.87988281	51.7767829895
1665.66540527	51.7628669739
1666.4510498	54.0084075928
1667.23657227	52.4191856384
1668.0222168	44.8301734924
1668.80773926	52.5530586243
1669.59338379	47.4110069275
1670.37890625	50.0885391235
1671.16455078	47.073928833
1671.95007324	50.8147201538
1672.73571777	51.7287330627
1673.52124023	48.8411254883
1674.30688477	48.6666679382
1675.09240723	48.6666679382
1675.87805176	52.1616973877
1676.66357422	48.1369438171
1677.44921875	52.4065093994
1678.23474121	48.227180481
1679.02038574	48.7293663025
1679.8059082	51.27368927
1680.59155273	51.1736755371
1681.3770752	48.4999847412
1682.16271973	49.268371582
1682.94824219	49.6666679382
1683.73388672	52.878200531
1684.51940918	49.39402771
1685.30493164	52
1686.09057617	52.4447021484
1686.87609863	53.188785553
1687.66174316	49.7986602783
1688.44726563	55.8890953064
1689.23291016	48.2336540222
1690.01843262	44.7842216492
1690.80407715	49.385799408
1691.58959961	49.6944313049
1692.37524414	50.3333320618
1693.1607666	50.2506217957
1693.94641113	49.2994194031
1694.73193359	50.4131736755
1695.51757813	51.2988014221
1696.30310059	48.133026123
1697.08874512	47.5866012573
1697.87426758	59.1949501038
1698.65991211	48.4195556641
1699.44543457	50.7371864319
1700.2310791	50.9129486084
1701.01660156	49.3795471191
1701.80224609	50.2084846497
1702.58776855	45.5954475403
1703.37341309	51.8806915283
1704.15893555	52.4808158875
1704.94458008	53.267250061
1705.73010254	49.1441917419
1706.51574707	60.8937339783
1707.30126953	51.9569854736
1708.08691406	58.0071372986
1708.87243652	53.116104126
1709.65808105	53.5301856995
1710.44360352	50.5470275879
1711.22924805	52.3571777344
1712.01477051	54.0847549438
1712.80041504	50.525844574
1713.5859375	50.3205413818
1714.37158203	46.1730995178
1715.15710449	53.2349205017
1715.94274902	52.7357635498
1716.72827148	48.9264717102
1717.51391602	52.3118515015
1718.29943848	55.5344047546
1719.08508301	54.9552268982
1719.87060547	48.3831481934
1720.65625	55.0427398682
1721.44177246	52.3818664551
1722.22741699	54.0468254089
1723.01293945	56.5007553101
1723.79846191	57.2399940491
1724.58410645	54.540977478
1725.36962891	50.8073959351
1726.15527344	52.269367218
1726.9407959	49.2850379944
1727.72644043	51.6528015137
1728.51196289	46.4020729065
1729.29760742	50.7930221558
1730.08312988	50.5024223328
1730.86877441	53.0707626343
1731.65429688	50.5147514343
1732.43994141	48.6363563538
1733.22546387	48.2342262268
1734.0111084	50.4999237061
1734.79663086	51.5972328186
1735.58227539	54.3362083435
1736.36779785	53.6348381042
1737.15344238	46.2302017212
1737.93896484	49.1704750061
1738.72460938	53.4844932556
1739.51013184	57.4381904602
1740.29577637	51.7485122681
1741.08129883	51.6102638245
1741.86694336	55.3727493286
1742.65246582	50.6712112427
1743.43811035	50.9575386047
1744.22363281	50.5070800781
1745.00927734	48.8236465454
1745.7947998	48.0636482239
1746.58044434	50.4382553101
1747.3659668	48.2311058044
1748.15161133	51.5729522705
1748.93713379	57.2645721436
1749.72277832	47.4243431091
1750.50830078	50
1751.29394531	50.8730163574
1752.07946777	52.7045974731
1752.8651123	50.6839866638
1753.65063477	49.2630004883
1754.4362793	50.9227561951
1755.22180176	52.5032958984
1756.00744629	50.1331214905
1756.79296875	52.7369689941
1757.57861328	49.6059036255
1758.36413574	51.8368415833
1759.14978027	50.3906555176
1759.93530273	53.8888397217
1760.72094727	54.9621162415
1761.50646973	54.1754150391
1762.29199219	60.49193573
1763.07763672	55.6871566772
1763.86315918	48.5842323303
1764.64880371	59.4659347534
1765.43432617	52.366317749
1766.2199707	49.4404411316
1767.00549316	52.2713661194
1767.7911377	53.4337692261
1768.57666016	51.9697570801
1769.36230469	53.2268638611
1770.14782715	49.2512321472
1770.93347168	54.4101028442
1771.71899414	57.5165901184
1772.50463867	57.2894477844
1773.29016113	57.4349479675
1774.07580566	56.3333320618
1774.86132813	57.1000099182
1775.64697266	54.6783714294
1776.43249512	54.0354385376
1777.21813965	59.1256332397
1778.00366211	51.7713012695
1778.78930664	50.0705528259
1779.5748291	50.9136352539
1780.36047363	50.2231178284
1781.14599609	55.2984237671
1781.93164063	54.4062652588
1782.71716309	52.7102622986
1783.50280762	50.3865890503
1784.28833008	53.0081672668
1785.07397461	48.3316421509
1785.85949707	53.6804351807
1786.6451416	57.4192771912
1787.43066406	52.7478256226
1788.21630859	56.2391929626
1789.00183105	51.0655975342
1789.78747559	53.4771652222
1790.57299805	50.4181900024
1791.35864258	50.7743759155
1792.14416504	53.1392555237
1792.92980957	50.8924827576
1793.71533203	53.3863258362
1794.50097656	56.0679855347
1795.28649902	64.0397415161
1796.07214355	50.3818893433
1796.85766602	51.2758255005
1797.64331055	52.7793769836
1798.42883301	56.1585273743
1799.21447754	54.4549980164
1800	55.7849960327
