100	78.755569458
102.558631897	71.7961196899
105.117271423	66.1384963989
107.67590332	68.7710647583
110.234542847	67.3326034546
112.793174744	68.2291412354
115.35181427	68.7515258789
117.910446167	66.4749832153
120.469085693	59.4887046814
123.02771759	64.6102218628
125.586357117	66.9061813354
128.144989014	67.3508834839
130.70362854	65.2283630371
133.262252808	58.7418022156
135.820892334	56.0172653198
138.37953186	55.7722473145
140.938171387	58.1965484619
143.496795654	61.0205078125
146.055435181	60.341632843
148.614074707	58.5762825012
151.172714233	57.6943778992
153.731338501	58.5313301086
156.289978027	56.5701408386
158.848617554	45.9484024048
161.40725708	52.702507019
163.965881348	52.4414672852
166.524520874	51.8720054626
169.0831604	52.612285614
171.641784668	53.9000701904
174.200424194	55.1874694824
176.759063721	54.0550689697
179.317703247	51.871219635
181.876327515	51.8414726257
184.434967041	55.8406105042
186.993606567	54.3893432617
189.552246094	53.7794952393
192.110870361	49.7441596985
194.669509888	46.6913795471
197.228149414	49.0006141663
199.786773682	54.3256187439
202.345413208	51.5629653931
204.904052734	47.9015312195
207.462692261	48.6069526672
210.021316528	52.4953079224
212.579956055	45.8659362793
215.138595581	45.4448471069
217.697235107	52.4146652222
220.255859375	54.9590644836
222.814498901	49.9410591125
225.373138428	45.0882797241
227.931762695	50.7533302307
230.490402222	50.357219696
233.049041748	48.4273834229
235.607681274	47.4020576477
238.166305542	48.3415756226
240.724945068	52.7206306458
243.283584595	54.6336517334
245.842224121	51.7227897644
248.400848389	49.3709030151
250.959487915	51.9522094727
253.518127441	51.6273918152
256.076751709	52.6413345337
258.635406494	54.1126289368
261.194030762	53.0810432434
263.752655029	49.6544303894
266.311309814	49.0039215088
268.869934082	53.2043190002
271.42855835	50.2155570984
273.987213135	46.4026794434
276.545837402	46.5555877686
279.104492188	52.490978241
281.663116455	53.6313095093
284.221740723	55.3273849487
286.780395508	51.4168434143
289.339019775	46.9351158142
291.897644043	46.4082145691
294.456298828	44.1229324341
297.014923096	48.3232765198
299.573547363	45.0126838684
302.132202148	46.5723457336
304.690826416	53.7326698303
307.249481201	53.9082756042
309.808105469	47.6990013123
312.366729736	49.4250564575
314.925384521	45.895866394
317.484008789	41.1701049805
320.042633057	41.9241676331
322.601287842	41.4329719543
325.159912109	38.8042259216
327.718536377	44.1738739014
330.277191162	44.5847473145
332.83581543	38.5558586121
335.394470215	38.6022453308
337.953094482	42.6997566223
340.51171875	44.8963050842
343.070373535	37.7953071594
345.628997803	31.7957878113
348.18762207	36.8735542297
350.746276855	44.2590446472
353.304901123	38.8020324707
355.863525391	40.3467674255
358.422180176	40.6077880859
360.980804443	37.2560539246
363.539459229	35.0504379272
366.098083496	42.6178436279
368.656707764	40.1630744934
371.215362549	37.6149253845
373.773986816	36.3107337952
376.332611084	34.6898727417
378.891265869	29.8815498352
381.449890137	37.6265449524
384.008514404	34.2085876465
386.567169189	31.984910965
389.125793457	31.0557098389
391.684448242	28.649312973
394.24307251	32.7745475769
396.801696777	32.0637397766
399.360351563	31.678850174
401.91897583	32.9807357788
404.477600098	32.6374320984
407.036254883	27.0355854034
409.59487915	33.3164558411
412.153503418	34.8840827942
414.712158203	34.2981796265
417.270782471	32.6615486145
419.829437256	30.4561901093
422.388061523	27.9204597473
424.946685791	30.0727901459
427.505340576	27.8720417023
430.063964844	24.6780471802
432.622589111	24.3077449799
435.181243896	27.1127033234
437.739868164	27.5480384827
440.298492432	25.060377121
442.857147217	27.9798984528
445.415771484	29.498872757
447.97442627	29.198551178
450.533050537	28.5339183807
453.091674805	27.2053909302
455.65032959	29.0211296082
458.208953857	29.2682533264
460.767578125	29.2000007629
463.32623291	26.8225803375
465.884857178	21.6774253845
468.443511963	21.0120410919
471.00213623	24.5969543457
473.560760498	28.1292724609
476.119415283	30.5651817322
478.678039551	29.3276538849
481.236663818	24.4297180176
483.795318604	24.596452713
486.353942871	24.1105957031
488.912567139	24
491.471221924	26.5173969269
494.029846191	27.7348060608
496.588500977	24.3553504944
499.147125244	23.0192260742
501.705749512	21.5180110931
504.264404297	20.8049259186
506.823028564	25.2438316345
509.381652832	25.5113353729
511.940307617	17.6306037903
514.498962402	23.7906093597
517.057556152	20.9456729889
519.616210938	19.859167099
522.174865723	19.6000003815
524.733459473	18.8290157318
527.292114258	18.6791324615
529.850769043	24.1584262848
532.409362793	22.8173999786
534.968017578	24.567029953
537.526672363	22.8026103973
540.085266113	19.536113739
542.643920898	18.0628261566
545.202575684	19.2565364838
547.761169434	22.9505462646
550.319824219	22.809879303
552.878479004	20.8669929504
555.437072754	19.8507499695
557.995727539	19.941608429
560.554382324	19.3190002441
563.112976074	20.3287982941
565.671630859	18.6797676086
568.230285645	15.9558677673
570.78894043	16.0881290436
573.34753418	19.5801963806
575.906188965	23.6000003815
578.46484375	23.6000003815
581.0234375	20.5950946808
583.582092285	19.728975296
586.14074707	18.5579948425
588.69934082	18.839761734
591.257995605	21.6661643982
593.816650391	24.106426239
596.375244141	22.5861644745
598.933898926	22.6963710785
601.492553711	23.1515045166
604.051147461	24.1755542755
606.609802246	22.9366531372
609.168457031	17.3164100647
611.727050781	19.5145721436
614.285705566	21.8774871826
616.844360352	19.4983921051
619.403015137	19.4167289734
621.961608887	20.0235214233
624.520263672	19.1199989319
627.078918457	21.1155948639
629.637512207	19.5897312164
632.196166992	22.5186576843
634.754821777	20.4123191833
637.313415527	21.5321445465
639.872070313	25.8574142456
642.430725098	25.4562320709
644.989318848	22.0597667694
647.547973633	24.0013065338
650.106628418	21.6664981842
652.665222168	21.8930206299
655.223876953	22.5867156982
657.782531738	22.5344371796
660.341125488	24.9268474579
662.899780273	18.1205654144
665.458435059	26.0886249542
668.017028809	27.1254386902
670.575683594	26.1067199707
673.134338379	24.437789917
675.692993164	22.4161300659
678.251586914	24.955242157
680.810241699	24.1027622223
683.368896484	27.4499092102
685.927490234	27.5146846771
688.48614502	25.8876895905
691.044799805	23.4378147125
693.603393555	20.1061420441
696.16204834	18.6343536377
698.720703125	20.3438453674
701.279296875	27.864233017
703.83795166	28.0432128906
706.396606445	27.5079441071
708.955200195	27.6269836426
711.51385498	24.2119903564
714.072509766	26.6000003815
716.631103516	26.6000003815
719.189758301	29.7468414307
721.748413086	28.027015686
724.307006836	26.228313446
726.865661621	25.8869457245
729.424316406	24.3428649902
731.982971191	28.7998447418
734.541564941	27.9417095184
737.100219727	35.5349349976
739.658874512	36.0716171265
742.217468262	32.5538368225
744.776123047	31.7428035736
747.334777832	34.6975059509
749.893371582	32.9913520813
752.452026367	32.3039398193
755.010681152	31.4699287415
757.569274902	30.8457622528
760.127929688	32.6730422974
762.686584473	34.4533653259
765.245178223	33.3163986206
767.803833008	35.6329689026
770.362487793	31.3251590729
772.921081543	34.5812568665
775.479736328	34.6873855591
778.038391113	33.6156806946
780.596984863	30.9367332458
783.155639648	27.751739502
785.714294434	32.3647727966
788.272949219	34.4365577698
790.831542969	33.327331543
793.390197754	27.7266540527
795.948852539	27.7204322815
798.507446289	30.5099124908
801.066101074	32.6623077393
803.624755859	36.7606544495
806.183349609	30.5330543518
808.742004395	33.4483299255
811.30065918	35.2820320129
813.85925293	36.7247238159
816.417907715	39.1756019592
818.9765625	38.7951927185
821.53515625	32.8940734863
824.093811035	32.4778442383
826.65246582	34.0393791199
829.21105957	37.0009155273
831.769714355	37.2836265564
834.328369141	37.3080940247
836.887023926	38.5161857605
839.445617676	40.6497573853
842.004272461	40.5399894714
844.562927246	25.4154319763
847.121520996	38.9051437378
849.680175781	38.2969779968
852.238830566	39.4631614685
854.797424316	41.0930976868
857.356079102	41.0657501221
859.914733887	39.8514213562
862.473327637	36.3226509094
865.031982422	37.7166099548
867.590637207	34.8521652222
870.149230957	37.7904319763
872.707885742	39.0625343323
875.266540527	35.7593307495
877.825134277	33.8227806091
880.383789063	36.6797180176
882.942443848	29.3733558655
885.501037598	38.9723548889
888.059692383	38.6825294495
890.618347168	36.6529884338
893.177001953	34.3806304932
895.735595703	30.5968952179
898.294250488	28.646024704
900.852905273	32.1615219116
903.411499023	30.1656513214
905.970153809	33.4914970398
908.528808594	33.9588623047
911.087402344	25.0215129852
913.646057129	24.0944747925
916.204711914	28.097820282
918.763305664	29.9584541321
921.321960449	29.887796402
923.880615234	25.7571640015
926.439208984	28.3888473511
928.99786377	23.918794632
931.556518555	25.4024333954
934.115112305	25.3617534637
936.67376709	25.5467681885
939.232421875	26.1686496735
941.791015625	24.2408542633
944.34967041	23.9116382599
946.908325195	27.428565979
949.46697998	24.9227180481
952.02557373	25.1168823242
954.584228516	24.6835079193
957.142883301	21.2405872345
959.701477051	19.7186584473
962.260131836	23.2784481049
964.818786621	24.4393157959
967.377380371	21.8084487915
969.936035156	26.9247341156
972.494689941	25.3036956787
975.053283691	20.5831222534
977.611938477	20.9458808899
980.170593262	24.7701187134
982.729187012	25.5775299072
985.287841797	22.4871940613
987.846496582	23.9772510529
990.405090332	26.451133728
992.963745117	23.1089897156
995.522399902	23.402179718
998.080993652	23.4397983551
1000.63964844	27.7610416412
1003.19830322	31.4881572723
1005.75695801	28.1137485504
1008.31555176	23.2033843994
1010.87420654	19.7712936401
1013.43286133	25.2671279907
1015.99145508	27.8819274902
1018.55010986	25.2367095947
1021.10876465	27.4790992737
1023.6673584	29.830160141
1026.22595215	30.7299518585
1028.78466797	33.2000007629
1031.34326172	32.4937171936
1033.90197754	27.7920570374
1036.46057129	39.5232696533
1039.01916504	33.3526878357
1041.57788086	33.9896850586
1044.13647461	32.3451004028
1046.69506836	31.858625412
1049.25378418	32.7478141785
1051.81237793	31.8602638245
1054.37097168	34.9896469116
1056.9296875	33.6088790894
1059.48828125	33.9652938843
1062.046875	34.1610107422
1064.60559082	34.6180496216
1067.16418457	31.9750156403
1069.72277832	31.4427452087
1072.28149414	31.580368042
1074.84008789	30.0516490936
1077.39868164	32.3363838196
1079.95739746	31.799823761
1082.51599121	28.4050998688
1085.07458496	34.0773849487
1087.63330078	37.2550926208
1090.19189453	34.8586616516
1092.75048828	36.2426452637
1095.3092041	35.5220298767
1097.86779785	30.7130317688
1100.4263916	31.5670204163
1102.98510742	32.5140571594
1105.54370117	35.2003936768
1108.10229492	36.2762794495
1110.66101074	36.7174758911
1113.21960449	36.5238990784
1115.77819824	40.0414924622
1118.33691406	39.9814872742
1120.89550781	37.1234512329
1123.45410156	38.6276245117
1126.01281738	42.9784736633
1128.57141113	43.7999992371
1131.13000488	43.7999992371
1133.6887207	47.3000869751
1136.24731445	47.9548835754
1138.80603027	40.4503211975
1141.36462402	44.146812439
1143.92321777	48.9362258911
1146.48193359	50.3723869324
1149.04052734	54.165145874
1151.59912109	54.2828865051
1154.15783691	52.7226486206
1156.71643066	51.8211898804
1159.27502441	60.0770721436
1161.83374023	58.2263412476
1164.39233398	55.7564277649
1166.95092773	62.5178070068
1169.50964355	64.3670349121
1172.0682373	64.0292434692
1174.62683105	66.8013839722
1177.18554688	62.0815696716
1179.74414063	64.815246582
1182.30273438	71.7926330566
1184.8614502	71.0691604614
1187.42004395	74.1090621948
1189.9786377	77.4047698975
1192.53735352	73.6204910278
1195.09594727	71.0138549805
1197.65454102	69.3494796753
1200.21325684	66.6532440186
1202.77185059	69.1418075562
1205.33044434	77.184463501
1207.88916016	70.9881515503
1210.44775391	73.5276641846
1213.00634766	76.2460098267
1215.56506348	79.600479126
1218.12365723	81.376991272
1220.68225098	83.9833831787
1223.2409668	83.7518310547
1225.79956055	83.641242981
1228.3581543	84.9333190918
1230.91687012	85.3985366821
1233.47546387	90.9388046265
1236.03405762	90.435798645
1238.59277344	88.0700912476
1241.15136719	83.9345245361
1243.70996094	90.7124481201
1246.26867676	100.932518005
1248.82727051	103.905830383
1251.38598633	106.883178711
1253.94458008	109.446708679
1256.50317383	110.911384583
1259.06188965	116.372680664
1261.6204834	122.266586304
1264.17907715	125.085342407
1266.73779297	131.778442383
1269.29638672	128.489028931
1271.85498047	140.038085938
1274.41369629	139.705795288
1276.97229004	142.380447388
1279.53088379	149.284790039
1282.08959961	155.267044067
1284.64819336	164.787689209
1287.20678711	176.173049927
1289.76550293	178.103942871
1292.32409668	180.176177979
1294.88269043	192.428497314
1297.44140625	185.278961182
1300	202.428573608
1302.55859375	207.168151855
1305.11730957	225.905838013
1307.67590332	230.615509033
1310.23449707	238.938583374
1312.79321289	247.885971069
1315.35180664	253.858917236
1317.91040039	262.950439453
1320.46911621	278.026367188
1323.02770996	298.921203613
1325.58630371	297.693878174
1328.14501953	298.97567749
1330.70361328	323.098480225
1333.26220703	337.119415283
1335.82092285	351.937927246
1338.3795166	354.901763916
1340.93811035	349.763641357
1343.49682617	353.414001465
1346.05541992	364.295257568
1348.61401367	364.210174561
1351.17272949	356.441650391
1353.73132324	358.907653809
1356.29003906	352.49887085
1358.84863281	352.318206787
1361.40722656	318.994293213
1363.96594238	317.515472412
1366.52453613	302.739593506
1369.08312988	304.710540771
1371.6418457	291.379455566
1374.20043945	269.494262695
1376.7590332	256.433990479
1379.31774902	246.300491333
1381.87634277	232.918075562
1384.43493652	221.474502563
1386.99365234	214.576904297
1389.55224609	210.374313354
1392.11083984	198.068695068
1394.66955566	184.146499634
1397.22814941	174.126495361
1399.78674316	172.543045044
1402.34545898	168.927749634
1404.90405273	155.357620239
1407.46264648	150.926086426
1410.0213623	151.536972046
1412.57995605	145.908004761
1415.1385498	135.9659729
1417.69726563	133.671569824
1420.25585938	133.64680481
1422.81445313	124.281402588
1425.37316895	121.943023682
1427.9317627	116.231285095
1430.49035645	117.309356689
1433.04907227	109.665084839
1435.60766602	116.441986084
1438.16625977	113.230018616
1440.72497559	105.649932861
1443.28356934	102.64302063
1445.84216309	106.271812439
1448.40087891	104.029312134
1450.95947266	100.790084839
1453.51806641	100.691841125
1456.07678223	99.9333648682
1458.63537598	97.0212860107
1461.19396973	95.3850402832
1463.75268555	99.8399429321
1466.3112793	99.2139358521
1468.86999512	94.3717880249
1471.42858887	96.6317749023
1473.98718262	100.378433228
1476.54589844	99.5421676636
1479.10449219	93.6688842773
1481.66308594	85.4428787231
1484.22180176	91.1164703369
1486.78039551	89.6652679443
1489.33898926	88.3986968994
1491.89770508	89.3960494995
1494.45629883	90.1879730225
1497.01489258	91.477645874
1499.5736084	92.7802810669
1502.13220215	94.8784103394
1504.6907959	93.6670684814
1507.24951172	93.4122161865
1509.80810547	98.3232650757
1512.36669922	89.2518615723
1514.92541504	84.7346954346
1517.48400879	101.05039978
1520.04260254	102.771125793
1522.60131836	98.6500778198
1525.15991211	104.268028259
1527.71850586	110.291282654
1530.27722168	113.002815247
1532.83581543	113.371826172
1535.39440918	111.657905579
1537.953125	112.398071289
1540.51171875	118.863250732
1543.0703125	127.863540649
1545.62902832	134.87677002
1548.18762207	138.42565918
1550.74621582	145.382049561
1553.30493164	155.974182129
1555.86352539	156.281997681
1558.42211914	162.644515991
1560.98083496	181.957824707
1563.53942871	179.30406189
1566.09802246	195.567321777
1568.65673828	206.466827393
1571.21533203	221.898513794
1573.77404785	225.634796143
1576.3326416	240.070541382
1578.89123535	251.421951294
1581.44995117	264.086547852
1584.00854492	276.220031738
1586.56713867	281.989654541
1589.12585449	287.457489014
1591.68444824	295.881256104
1594.24304199	301.180603027
1596.80175781	291.003601074
1599.36035156	276.771118164
1601.91894531	286.755828857
1604.47766113	269.440551758
1607.03625488	261.161590576
1609.59484863	254.212249756
1612.15356445	241.069000244
1614.7121582	231.223068237
1617.27075195	214.523925781
1619.82946777	198.156051636
1622.38806152	186.928894043
1624.94665527	167.124588013
1627.50537109	149.36579895
1630.06396484	135.958816528
1632.62255859	121.094528198
1635.18127441	107.547645569
1637.73986816	106.075508118
1640.29846191	97.028717041
1642.85717773	78.9351043701
1645.41577148	73.8207397461
1647.97436523	73.5362548828
1650.53308105	69.5031661987
1653.0916748	57.9990882874
1655.65026855	56.5221214294
1658.20898438	52.1634559631
1660.76757813	45.7439231873
1663.32617188	37.5734062195
1665.8848877	43.7046585083
1668.44348145	41.5741233826
1671.0020752	32.1702537537
1673.56079102	33.2763328552
1676.11938477	30.9278259277
1678.67797852	28.7445774078
1681.23669434	29.3649501801
1683.79528809	32.8157806396
1686.35400391	27.6921710968
1688.91259766	26.7774333954
1691.47119141	25.8374595642
1694.02990723	27.6992225647
1696.58850098	24.6743431091
1699.14709473	21.3078670502
1701.70581055	23.6118526459
1704.2644043	26.7327003479
1706.82299805	25.4765777588
1709.38171387	21.2163619995
1711.94030762	20.7640724182
1714.49890137	21.9036941528
1717.05761719	18.5635414124
1719.61621094	17.1527252197
1722.17480469	18.2615261078
1724.73352051	20.1890907288
1727.29211426	18.4306488037
1729.85070801	18.2653312683
1732.40942383	15.9040327072
1734.96801758	17.1948451996
1737.52661133	20.4164142609
1740.08532715	12.2852287292
1742.6439209	13.3497838974
1745.20251465	11.361125946
1747.76123047	13.3496112823
1750.31982422	12.3892154694
1752.87841797	15.871006012
1755.43713379	14.3485279083
1757.99572754	12.5613689423
1760.55432129	13.0933837891
1763.11303711	12.2550420761
1765.67163086	13.9975576401
1768.23022461	14.6052207947
1770.78894043	14.0223083496
1773.34753418	12.957654953
1775.90612793	12.629609108
1778.46484375	12.4721498489
1781.0234375	10.4338464737
1783.58203125	12.1507444382
1786.14074707	13.8279380798
1788.69934082	12.4163360596
1791.25805664	13.6972236633
1793.81665039	13.000005722
1796.37524414	10.2182626724
1798.93395996	10.9614448547
1801.49255371	11.700044632
1804.05114746	7.19068956375
1806.60986328	10.7062044144
1809.16845703	10.85476017
1811.72705078	11.1443443298
1814.2857666	13.7216272354
1816.84436035	13.8839616776
1819.4029541	16.9527797699
1821.96166992	19.0655632019
1824.52026367	5.00626897812
1827.07885742	8.57103443146
1829.63757324	10.5030965805
1832.19616699	11.8690071106
1834.75476074	8.95830631256
1837.31347656	7.23399972916
1839.87207031	18.6036720276
1842.43066406	13.2121429443
1844.98937988	16.2100753784
1847.54797363	14.7347660065
1850.10656738	15.6876688004
1852.6652832	8.87388515472
1855.22387695	10.7835273743
1857.7824707	11.3705148697
1860.34118652	8.56048965454
1862.89978027	9.79938983917
1865.45837402	16.932559967
1868.01708984	14.360959053
1870.57568359	10.7403678894
1873.13427734	12.7111282349
1875.69299316	13.452498436
1878.25158691	12.5329427719
1880.81018066	10.0772647858
1883.36889648	10.863656044
1885.92749023	12.8219013214
1888.48608398	9.80905532837
1891.0447998	9.04270935059
1893.60339355	8.70644760132
1896.1619873	13.3275489807
1898.72070313	14.5612449646
1901.27929688	11.1184597015
1903.8380127	10.1883296967
1906.39660645	12.9072475433
1908.9552002	11.9982500076
1911.51391602	11.4421710968
1914.07250977	12.491186142
1916.63110352	12.8270015717
1919.18981934	9.85028553009
1921.74841309	9.16147708893
1924.30700684	12.0047159195
1926.86572266	12.3029108047
1929.42431641	10.3452978134
1931.98291016	10.5125951767
1934.54162598	9.4043674469
1937.10021973	7.00132369995
1939.65881348	9.85417366028
1942.2175293	9.63270759583
1944.77612305	9.40207004547
1947.3347168	13.4154863358
1949.89343262	12.9470396042
1952.45202637	10.3687515259
1955.01062012	10.7665882111
1957.56933594	10.1780796051
1960.12792969	8.83759212494
1962.68652344	9.48333644867
1965.24523926	9.37014293671
1967.80383301	7.93855714798
1970.36242676	9.51588535309
1972.92114258	9.94075298309
1975.47973633	10.3549823761
1978.03833008	12.2280225754
1980.5970459	12.6639099121
1983.15563965	11.9759550095
1985.7142334	11.8270807266
1988.27294922	11.6551923752
1990.83154297	13.3762626648
1993.39013672	13.3142442703
1995.94885254	9.96663093567
1998.50744629	12.1593742371
2001.06604004	11.6036224365
2003.62475586	12.9181613922
2006.18334961	13.1877059937
2008.74194336	10.5062990189
2011.30065918	10.3914041519
2013.85925293	10.4350423813
2016.41796875	7.56886148453
2018.9765625	9.98624420166
2021.53515625	10.3648538589
2024.09387207	8.1425075531
2026.65246582	7.62892770767
2029.21105957	9.41825580597
2031.76977539	10.2081508636
2034.32836914	11.0078897476
2036.88696289	11.2075786591
2039.44567871	11.2915067673
2042.00427246	11.985657692
2044.56286621	11.8571443558
2047.12158203	8.66518592834
2049.68017578	8.37672138214
2052.23876953	9.21560382843
2054.79736328	10.0664291382
2057.35595703	10.2388324738
2059.91479492	11.4967384338
2062.47338867	11.0604658127
2065.03198242	10.8827257156
2067.59057617	10.9613037109
2070.14916992	10.9622840881
2072.70800781	9.14043617249
2075.26660156	10.6299571991
2077.82519531	12.7274417877
2080.38378906	11.8845500946
2082.94238281	11.2889518738
2085.50097656	8.20101928711
2088.05981445	7.74243831635
2090.6184082	10.5996665955
2093.17700195	12.0190553665
2095.7355957	9.586145401
2098.29418945	9.63550662994
2100.8527832	10.8407430649
2103.41162109	11.8602895737
2105.97021484	11.4218816757
2108.52880859	8.91003608704
2111.08740234	8.81060886383
2113.64599609	11.401804924
2116.20458984	15.1737213135
2118.76342773	12.204003334
2121.32202148	13.7790250778
2123.88061523	12.0166292191
2126.43920898	10.1360168457
2128.99780273	11.0157155991
2131.55639648	11.2767343521
2134.11523438	9.83625411987
2136.67382813	12.9967422485
2139.23242188	10.4718484879
2141.79101563	10.6935958862
2144.34960938	12.972489357
2146.90820313	12.748003006
2149.46704102	12.6795873642
2152.02563477	14.0169000626
2154.58422852	12.4755887985
2157.14282227	11.2167339325
2159.70141602	13.1633529663
2162.26000977	13.5911502838
2164.81884766	12.4323921204
2167.37744141	12.791097641
2169.93603516	10.3801116943
2172.49462891	11.0523958206
2175.05322266	14.4821138382
2177.61206055	12.1868190765
2180.1706543	12.2181119919
2182.72924805	13.8029241562
2185.2878418	14.2736358643
2187.84643555	12.2991199493
2190.4050293	11.5409803391
2192.96386719	14.8422889709
2195.52246094	12.4365234375
2198.08105469	13.3799123764
2200.63964844	12.814991951
2203.19824219	14.1052093506
2205.75683594	11.9470148087
2208.31567383	12.4305620193
2210.87426758	13.8397359848
2213.43286133	15.0527791977
2215.99145508	12.5306501389
2218.55004883	11.7634153366
2221.10864258	14.3328475952
2223.66748047	14.3957805634
2226.22607422	13.9024686813
2228.78466797	16.3612499237
2231.34326172	13.9809513092
2233.90185547	12.8224754333
2236.46044922	14.2552318573
2239.01928711	15.1294584274
2241.57788086	15.6430139542
2244.13647461	15.3349208832
2246.69506836	15.5469989777
2249.25366211	13.7186279297
2251.81225586	13.4039030075
2254.37109375	15.4360342026
2256.9296875	12.3557138443
2259.48828125	16.2129631042
2262.046875	13.5224590302
2264.60546875	18.3369197845
2267.1640625	15.7328338623
2269.72290039	15.0949468613
2272.28149414	12.7262592316
2274.84008789	16.4650630951
2277.39868164	17.4352226257
2279.95727539	15.309015274
2282.51611328	15.520190239
2285.07470703	17.888217926
2287.63330078	16.5234603882
2290.19189453	15.4874382019
2292.75048828	18.1646728516
2295.30908203	15.9757032394
2297.86791992	18.0404148102
2300.42651367	17.0153770447
2302.98510742	17.768032074
2305.54370117	16.3413791656
2308.10229492	19.0346221924
2310.66088867	16.8227062225
2313.21972656	18.6195392609
2315.77832031	19.3535079956
2318.33691406	18.267572403
2320.89550781	24.0274124146
2323.45410156	20.5115680695
2326.01269531	18.836555481
2328.5715332	18.1789951324
2331.13012695	19.7055644989
2333.6887207	24.5392093658
2336.24731445	26.4638576508
2338.8059082	20.8747253418
2341.36450195	19.2195835114
2343.92333984	19.3177947998
2346.48193359	17.2109241486
2349.04052734	17.7945384979
2351.59912109	18.8754901886
2354.15771484	15.9624519348
2356.71630859	18.1025047302
2359.27514648	20.7451381683
2361.83374023	21.4163150787
2364.39233398	23.0689506531
2366.95092773	22.9380016327
2369.50952148	22.4557647705
2372.06811523	24.2494163513
2374.62695313	19.4391345978
2377.18554688	17.5264396667
2379.74414063	21.3067626953
2382.30273438	20.9000091553
2384.86132813	21.0703620911
2387.41992188	24.427028656
2389.97875977	20.74269104
2392.53735352	21.1711978912
2395.09594727	24.881187439
2397.65454102	23.4962329865
2400.21313477	21.5219707489
2402.77197266	21.6575832367
2405.33056641	23.0952587128
2407.88916016	22.2934055328
2410.44775391	21.5935955048
2413.00634766	24.8565177917
2415.56494141	24.928150177
2418.1237793	28.340045929
2420.68237305	26.6568393707
2423.2409668	27.7056159973
2425.79956055	28.3972434998
2428.3581543	24.9825382233
2430.91674805	23.3299980164
2433.47558594	27.3566493988
2436.03417969	32.0531539917
2438.59277344	29.6576042175
2441.15136719	29.8632659912
2443.70996094	32.7247848511
2446.26855469	32.4062957764
2448.82739258	30.5977401733
2451.38598633	31.7183933258
2453.94458008	29.9253959656
2456.50317383	33.7671165466
2459.06176758	34.0557594299
2461.62036133	30.2688808441
2464.17919922	32.4724197388
2466.73779297	30.7914848328
2469.29638672	32.1731910706
2471.85498047	31.371307373
2474.41357422	30.2982063293
2476.97216797	32.9421005249
2479.53100586	31.5482826233
2482.08959961	32.9233436584
2484.64819336	32.2200050354
2487.20678711	36.3230171204
2489.76538086	33.0931968689
2492.32397461	33.4660568237
2494.8828125	34.3322906494
2497.44140625	35.3774795532
2500	37.2168197632
2502.55859375	36.8513793945
2505.1171875	34.8816566467
2507.67602539	32.3997192383
2510.23461914	31.7817459106
2512.79321289	34.3857116699
2515.35180664	32.9965248108
2517.91040039	33.9766426086
2520.46899414	35.47057724
2523.02783203	36.7560691833
2525.58642578	36.7527923584
2528.14501953	34.9611244202
2530.70361328	38.9249000549
2533.26220703	36.8618125916
2535.82080078	37.8022994995
2538.37963867	34.8188362122
2540.93823242	33.530380249
2543.49682617	37.8929290771
2546.05541992	35.3042678833
2548.61401367	39.3159141541
2551.17260742	41.0498542786
2553.73144531	39.9739341736
2556.29003906	39.7639160156
2558.84863281	39.570766449
2561.40722656	38.0310745239
2563.96582031	43.8797798157
2566.52441406	34.9364852905
2569.08325195	38.0218849182
2571.6418457	44.6593856812
2574.20043945	43.3070335388
2576.7590332	41.3614997864
2579.31762695	40.5882644653
2581.8762207	44.2445068359
2584.43505859	43.8952255249
2586.99365234	42.7997817993
2589.55224609	41.6333580017
2592.11083984	45.7885055542
2594.66943359	46.6041526794
2597.22802734	47.5521736145
2599.78686523	46.7720489502
2602.34545898	47.1912956238
2604.90405273	45.1460342407
2607.46264648	47.8489837646
2610.02124023	44.9135665894
2612.58007813	47.340221405
2615.13867188	47.3233909607
2617.69726563	51.0824165344
2620.25585938	53.7180480957
2622.81445313	51.7872810364
2625.37304688	51.0754203796
2627.93188477	53.2308311462
2630.49047852	52.6167564392
2633.04907227	55.8309936523
2635.60766602	55.1845550537
2638.16625977	52.5211296082
2640.72485352	55.8866691589
2643.28369141	57.9192199707
2645.84228516	54.4256439209
2648.40087891	55.5428581238
2650.95947266	57.6070175171
2653.51806641	53.6893615723
2656.07666016	53.8751411438
2658.63549805	57.4653511047
2661.1940918	54.0550727844
2663.75268555	59.0584602356
2666.3112793	55.9449691772
2668.86987305	55.9156570435
2671.4284668	62.2150917053
2673.98730469	60.6965141296
2676.54589844	59.6557998657
2679.10449219	60.7631874084
2681.66308594	58.6387672424
2684.22167969	58.7638816833
2686.78027344	57.88722229
2689.33911133	61.5381546021
2691.89770508	54.3222694397
2694.45629883	61.4940338135
2697.01489258	54.4834861755
2699.57348633	56.0480728149
2702.13208008	64.7103271484
2704.69091797	59.5130729675
2707.24951172	59.1347236633
2709.80810547	60.6781578064
2712.36669922	58.2890968323
2714.92529297	60.2625045776
2717.48388672	63.1480941772
2720.04272461	58.5362014771
2722.60131836	60.4498405457
2725.15991211	56.6405715942
2727.71850586	58.0296058655
2730.27709961	54.9802436829
2732.8359375	58.304309845
2735.39453125	57.2096595764
2737.953125	58.2282180786
2740.51171875	62.1493263245
2743.0703125	58.4814567566
2745.62890625	54.4800872803
2748.18774414	53.4995651245
2750.74633789	49.9589233398
2753.30493164	56.4463272095
2755.86352539	51.4132232666
2758.42211914	53.7703056335
2760.98071289	55.6099586487
2763.53955078	54.3242874146
2766.09814453	52.1835594177
2768.65673828	51.0834999084
2771.21533203	58.2080802917
2773.77392578	60.3123588562
2776.33251953	52.957485199
2778.89135742	54.0797843933
2781.44995117	54.9730415344
2784.00854492	59.0156021118
2786.56713867	58.5349273682
2789.12573242	58.2474517822
2791.68432617	55.8422355652
2794.24316406	58.3559417725
2796.80175781	52.494342804
2799.36035156	51.6137695313
2801.91894531	60.940410614
2804.47753906	50.2147636414
2807.03613281	48.6368560791
2809.5949707	52.8829994202
2812.15356445	53.9947128296
2814.7121582	56.8759536743
2817.27075195	57.1320114136
2819.8293457	59.3729248047
2822.38793945	57.6884994507
2824.94677734	53.3629684448
2827.50537109	56.874786377
2830.06396484	59.1569099426
2832.62255859	61.5488548279
2835.18115234	57.8281021118
2837.73999023	57.0034866333
2840.29858398	62.6045150757
2842.85717773	58.3829040527
2845.41577148	56.6163291931
2847.97436523	58.9533309937
2850.53295898	51.3257980347
2853.09179688	64.0530548096
2855.65039063	54.5698013306
2858.20898438	61.9936828613
2860.76757813	56.9525527954
2863.32617188	58.0104980469
2865.88476563	62.5631866455
2868.44360352	61.4919548035
2871.00219727	58.5979614258
2873.56079102	69.8970108032
2876.11938477	60.8294677734
2878.67797852	62.482006073
2881.23657227	62.3858833313
2883.79541016	63.8398017883
2886.35400391	61.2288246155
2888.91259766	66.641784668
2891.47119141	70.4393539429
2894.02978516	72.5659713745
2896.58837891	72.2920608521
2899.1472168	72.5912399292
2901.70581055	74.1782836914
2904.2644043	71.5563278198
2906.82299805	69.6882324219
2909.3815918	71.3428115845
2911.94018555	71.3280410767
2914.49902344	72.8252410889
2917.05761719	72.9130706787
2919.61621094	71.6276702881
2922.17480469	77.7527618408
2924.73339844	75.2642822266
2927.29199219	72.4643630981
2929.85083008	70.4176101685
2932.40942383	71.7272720337
2934.96801758	69.9997329712
2937.52661133	67.0073699951
2940.08520508	69.8910980225
2942.64404297	70.7751541138
2945.20263672	72.7344970703
2947.76123047	68.6703491211
2950.31982422	67.4873733521
2952.87841797	71.9359130859
2955.43701172	67.3418655396
2957.99584961	71.0671463013
2960.55444336	65.2303771973
2963.11303711	61.2735214233
2965.67163086	60.5903930664
2968.23022461	65.1371154785
2970.78881836	63.5256462097
2973.34765625	62.8512420654
2975.90625	59.8542976379
2978.46484375	57.939201355
2981.0234375	62.8238639832
2983.58203125	55.8291130066
2986.140625	53.4687042236
2988.69946289	60.6870498657
2991.25805664	60.6331748962
2993.81665039	51.8762702942
2996.37524414	52.9389228821
2998.93383789	47.5299682617
3001.49243164	56.6136741638
3004.05126953	55.6446342468
3006.60986328	53.6616592407
3009.16845703	53.0638160706
3011.72705078	51.7112236023
3014.28564453	51.7326965332
3016.84423828	53.6352310181
3019.40307617	46.1858673096
3021.96166992	50.7073745728
3024.52026367	48.5756912231
3027.07885742	46.8226356506
3029.63745117	46.4003372192
3032.19604492	51.0217971802
3034.75488281	50.8762969971
3037.31347656	49.3397254944
3039.87207031	50.0999221802
3042.43066406	50.907371521
3044.98925781	48.7427406311
3047.5480957	46.1852912903
3050.10668945	44.3059196472
3052.6652832	43.5292472839
3055.22387695	39.2585487366
3057.7824707	45.255607605
3060.34106445	50.3233375549
3062.89990234	43.5626983643
3065.45849609	38.8677253723
3068.01708984	39.7460136414
3070.57568359	43.6477050781
3073.13427734	48.9356040955
3075.69287109	43.3491744995
3078.25170898	44.9519348145
3080.81030273	43.4111785889
3083.36889648	45.487449646
3085.92749023	46.2969589233
3088.48608398	45.3275375366
3091.04467773	46.8529243469
3093.60351563	46.477809906
3096.16210938	47.8740730286
3098.72070313	45.4764137268
3101.27929688	44.6749000549
3103.83789063	46.3285369873
3106.39648438	45.4294471741
3108.95532227	43.1929664612
3111.51391602	42.6944007874
3114.07250977	45.0023231506
3116.63110352	46.6340789795
3119.18969727	45.5049552917
3121.74829102	46.2753486633
3124.30712891	43.5532531738
3126.86572266	43.3541069031
3129.42431641	48.1111183167
3131.98291016	43.3532791138
3134.54150391	43.1457481384
3137.10009766	44.6566810608
3139.65893555	43.3000106812
3142.2175293	46.3116798401
3144.77612305	41.3133087158
3147.3347168	44.8873825073
3149.89331055	43.2596702576
3152.4519043	47.1641159058
3155.01074219	45.1604766846
3157.56933594	41.1298675537
3160.12792969	46.4879875183
3162.68652344	48.3088111877
3165.24511719	46.6550674438
3167.80395508	38.3339195251
3170.36254883	44.1732063293
3172.92114258	52.1650428772
3175.47973633	41.4018211365
3178.03833008	45.6021690369
3180.59692383	45.3920974731
3183.15576172	45.5073699951
3185.71435547	42.5246238708
3188.27294922	50.9458694458
3190.83154297	47.6882286072
3193.39013672	42.8965873718
3195.94873047	45.0330238342
3198.50756836	46.4310340881
3201.06616211	47.0954284668
3203.62475586	42.0971755981
3206.18334961	48.2562103271
3208.74194336	46.485534668
3211.30053711	44.5761871338
3213.859375	48.3882904053
3216.41796875	48.5368614197
3218.9765625	44.3852958679
3221.53515625	44.5937957764
3224.09375	38.5222434998
3226.65234375	39.7669296265
3229.21118164	41.7207603455
3231.76977539	43.1394081116
3234.32836914	46.3300666809
3236.88696289	39.8374023438
3239.44555664	43.9638442993
3242.00415039	41.0650367737
3244.56298828	41.3674583435
3247.12158203	38.8765602112
3249.68017578	40.4978027344
3252.23876953	43.7374992371
3254.79736328	40.7245407104
3257.35595703	38.25340271
3259.91479492	39.5073699951
3262.47338867	36.3984451294
3265.03198242	34.7466697693
3267.59057617	36.1054878235
3270.14916992	34.6294898987
3272.70800781	39.7047271729
3275.26660156	40.0833969116
3277.82519531	35.6309890747
3280.38378906	34.75207901
3282.94238281	43.564868927
3285.50097656	38.2251167297
3288.05981445	41.1174430847
3290.6184082	45.0809631348
3293.17700195	43.4269065857
3295.7355957	38.2783470154
3298.29418945	36.9501609802
3300.8527832	39.2049446106
3303.41162109	39.1693229675
3305.97021484	35.859046936
3308.52880859	33.3803062439
3311.08740234	40.2961120605
3313.64599609	37.3934669495
3316.20458984	38.5385513306
3318.76342773	37.6104660034
3321.32202148	35.7795639038
3323.88061523	34.1912956238
3326.43920898	36.1719169617
3328.99780273	38.1809883118
3331.55639648	37.5073738098
3334.11523438	42.5234031677
3336.67382813	42.1155281067
3339.23242188	35.4112358093
3341.79101563	42.0782546997
3344.34960938	37.089630127
3346.90820313	38.0705795288
3349.46704102	40.051612854
3352.02563477	38.1985740662
3354.58422852	37.3837165833
3357.14282227	41.8995552063
3359.70141602	38.9895362854
3362.26000977	37.1073722839
3364.81884766	36.2407417297
3367.37744141	35.873752594
3369.93603516	36.9690132141
3372.49462891	35.2830314636
3375.05322266	37.205406189
3377.61206055	40.1676712036
3380.1706543	42.2893676758
3382.72924805	40.107585907
3385.2878418	40.0441589355
3387.84643555	38.5883255005
3390.4050293	35.7203521729
3392.96386719	38.4590072632
3395.52246094	38.6454200745
3398.08105469	39.5348014832
3400.63964844	41.4848060608
3403.19824219	41.317615509
3405.75683594	41.3636474609
3408.31567383	38.0827980042
3410.87426758	36.5559387207
3413.43286133	33.9826965332
3415.99145508	37.5374183655
3418.55004883	36.8448104858
3421.10864258	38.9297676086
3423.66748047	43.2142066956
3426.22607422	38.3879013062
3428.78466797	44.4571533203
3431.34326172	39.6079597473
3433.90185547	39.8856315613
3436.46044922	36.9894371033
3439.01928711	38.8285675049
3441.57788086	35.7981796265
3444.13647461	46.561290741
3446.69506836	42.1749343872
3449.25366211	39.9344902039
3451.81225586	40.3481750488
3454.37109375	43.6996688843
3456.9296875	36.9348907471
3459.48828125	38.3183097839
3462.046875	40.1989250183
3464.60546875	39.9005508423
3467.1640625	49.8124237061
3469.72290039	36.6907844543
3472.28149414	41.1251716614
3474.84008789	45.6282958984
3477.39868164	41.9571380615
3479.95727539	37.0364456177
3482.51611328	43.6536254883
3485.07470703	39.807964325
3487.63330078	44.2077713013
3490.19189453	40.1685256958
3492.75048828	43.7452774048
3495.30908203	38.0449180603
3497.86791992	38.2816352844
3500.42651367	41.6316680908
3502.98510742	39.3591537476
3505.54370117	40.8982772827
3508.10229492	36.139831543
3510.66088867	39.3266563416
3513.21972656	42.8768882751
3515.77832031	42.0072631836
3518.33691406	40.6188087463
3520.89550781	40.0156669617
3523.45410156	43.0975799561
3526.01269531	44.7073745728
3528.5715332	46.8773155212
3531.13012695	42.3276939392
3533.6887207	41.7695999146
3536.24731445	42.5573768616
3538.8059082	41.7173728943
3541.36450195	43.776802063
3543.92333984	46.7618980408
3546.48193359	44.3073692322
3549.04052734	38.1262741089
3551.59912109	44.2744369507
3554.15771484	46.495174408
3556.71630859	41.3785858154
3559.27514648	46.2277030945
3561.83374023	37.2122955322
3564.39233398	41.3089179993
3566.95092773	42.0308876038
3569.50952148	44.4848823547
3572.06811523	43.798664093
3574.62695313	44.6966552734
3577.18554688	47.3589859009
3579.74414063	42.6762771606
3582.30273438	38.1107254028
3584.86132813	45.7425880432
3587.41992188	45.0452232361
3589.97875977	42.3199005127
3592.53735352	40.62159729
3595.09594727	45.5579147339
3597.65454102	43.5577774048
3600.21313477	39.3509101868
3602.77197266	46.5684890747
3605.33056641	43.4072227478
3607.88916016	44.6881103516
3610.44775391	46.7752227783
3613.00634766	45.2156944275
3615.56494141	44.431930542
3618.1237793	44.2779579163
3620.68237305	47.9697723389
3623.2409668	45.7405586243
3625.79956055	49.0006141663
3628.3581543	47.9068145752
3630.91674805	46.3978691101
3633.47558594	47.9840888977
3636.03417969	50.6048469543
3638.59277344	47.8251495361
3641.15136719	44.0704574585
3643.70996094	45.4285163879
3646.26855469	48.8299751282
3648.82739258	48.427066803
3651.38598633	45.5431938171
3653.94458008	47.1069030762
3656.50317383	50.4537353516
3659.06176758	44.4009628296
3661.62036133	46.6800994873
3664.17919922	51.1563682556
3666.73779297	48.9344024658
3669.29638672	49.4340019226
3671.85498047	46.3363647461
3674.41357422	47.2131652832
3676.97216797	47.9714584351
3679.53100586	51.4077415466
3682.08959961	43.3527526855
3684.64819336	49.9610481262
3687.20678711	46.3890190125
3689.76538086	49.5112991333
3692.32397461	41.280292511
3694.8828125	43.2676391602
3697.44140625	47.8730697632
3700	46.1736755371
