200	62.819732666
201.226989746	64.1123657227
202.453994751	66.0073013306
203.680984497	68.8259353638
204.907974243	63.4717102051
206.134963989	56.8465156555
207.361968994	68.7632827759
208.58895874	71.4665374756
209.815948486	70.5483551025
211.042938232	69.7978897095
212.269943237	61.438709259
213.496932983	63.9251480103
214.723922729	65.2571411133
215.950927734	69.8417358398
217.17791748	71.0925750732
218.404907227	67.0543136597
219.631896973	70.2151260376
220.858901978	59.9850158691
222.085891724	63.5719146729
223.31288147	68.4926834106
224.539871216	70.4479293823
225.766876221	68.9993896484
226.993865967	63.7427902222
228.220855713	67.2118301392
229.447845459	66.0549468994
230.674850464	64.2021865845
231.90184021	65.6002807617
233.128829956	70.5269927979
234.355834961	69.6963348389
235.582824707	70.7348327637
236.809814453	68.0506134033
238.036804199	71.5882263184
239.263809204	75.696434021
240.49079895	70.7042617798
241.717788696	68.7645263672
242.944778442	72.3510360718
244.171783447	71.4675064087
245.398773193	67.0029983521
246.625762939	62.9047050476
247.852767944	63.6872749329
249.07975769	70.8977890015
250.306747437	73.6822128296
251.533737183	69.6146850586
252.760742188	62.6365470886
253.987731934	61.12758255
255.21472168	69.0105209351
256.441711426	61.794216156
257.668701172	67.318649292
258.895690918	67.1583709717
260.122711182	71.2132110596
261.349700928	74.6765823364
262.576690674	68.1453323364
263.80368042	76.4783859253
265.030670166	70.2194442749
266.257659912	67.7171173096
267.484649658	69.5858459473
268.711669922	69.5780944824
269.938659668	63.1428718567
271.165649414	66.4834976196
272.39263916	67.1929855347
273.619628906	69.6212463379
274.846618652	68.093460083
276.073608398	62.2158470154
277.300628662	58.2223739624
278.527618408	70.4809951782
279.754608154	68.5983123779
280.9815979	68
282.208587646	68.786819458
283.435577393	70.7945175171
284.662567139	71.9416046143
285.889556885	63.8556785583
287.116577148	56.5956230164
288.343566895	62.1757011414
289.570556641	66.3261032104
290.797546387	65.5797042847
292.024536133	62.8983192444
293.251525879	60.6685371399
294.478515625	66.5294952393
295.705535889	67.6666641235
296.932525635	65.7930297852
298.159515381	64.6971664429
299.386505127	64.7581634521
300.613494873	59.5661125183
301.840484619	67.6662216187
303.067474365	71.1001968384
304.294464111	69.4883041382
305.521484375	64.9489135742
306.748474121	60.4986534119
307.975463867	58.9689102173
309.202453613	63.720905304
310.429443359	67.4994888306
311.656433105	65.6295013428
312.883422852	63.4694671631
314.110443115	65.0688400269
315.337432861	69.102104187
316.564422607	66.8608703613
317.791412354	63.0889053345
319.0184021	63.6163864136
320.245391846	60.9521064758
321.472381592	60.1394348145
322.699371338	68.1635284424
323.926391602	58.0843238831
325.153381348	64.386680603
326.380371094	66.2156143188
327.60736084	63.5731124878
328.834350586	63.9461097717
330.061340332	69.6503219604
331.288330078	64.5868225098
332.515350342	57.8610038757
333.742340088	58.5134010315
334.969329834	61.1130104065
336.19631958	63.2916030884
337.423309326	65.8483581543
338.650299072	70.8432312012
339.877288818	63.8317489624
341.104309082	60.0289802551
342.331298828	60.3643951416
343.558288574	64.0342788696
344.78527832	64.8008270264
346.012268066	57.2604980469
347.239257813	59.2252731323
348.466247559	55.6139450073
349.693237305	57.8645973206
350.920257568	57.4142112732
352.147247314	54.673625946
353.374237061	53.9433517456
354.601226807	53.7892951965
355.828216553	61.9484214783
357.055206299	57.2675285339
358.282196045	59.1978530884
359.509216309	61.7062606812
360.736206055	58.6586799622
361.963195801	55.4104270935
363.190185547	56.2539405823
364.417175293	58.6293373108
365.644165039	62.9950370789
366.871154785	61.69581604
368.098144531	55.6385803223
369.325164795	51.7147903442
370.552154541	51.9965782166
371.779144287	58.9604301453
373.006134033	55.3402557373
374.233123779	54.9309043884
375.460113525	56.2947463989
376.687103271	54.5818023682
377.914123535	51.0028762817
379.141113281	55.515838623
380.368103027	62.0442237854
381.595092773	57.37865448
382.82208252	55.6907310486
384.049072266	59.1967201233
385.276062012	57.4921264648
386.503082275	44.5069847107
387.730072021	54.0826797485
388.957061768	57.8206481934
390.184051514	58.8433151245
391.41104126	59
392.638031006	59.3744354248
393.865020752	60.3057098389
395.092010498	56.0674743652
396.319030762	59.7664718628
397.546020508	57.9153785706
398.773010254	54.7602500916
400	56.1502990723
401.226989746	61.4198417664
402.453979492	56.6698493958
403.680969238	56.9530639648
404.907989502	57.2359886169
406.134979248	57.3333320618
407.361968994	53.9548454285
408.58895874	48.7453346252
409.815948486	48.6632499695
411.042938232	54.0409889221
412.269927979	49.5148162842
413.496917725	50.51121521
414.723937988	53.5121841431
415.950927734	52.6277618408
417.17791748	47.3285522461
418.404907227	46.5916404724
419.631896973	55.9407424927
420.858886719	54.483921051
422.085876465	54.0702056885
423.312896729	53.8771057129
424.539886475	51.6940498352
425.766876221	50.1601448059
426.993865967	61.5452957153
428.220855713	51.0531578064
429.447845459	57.4071769714
430.674835205	54.465461731
431.901855469	55.4821166992
433.128845215	61.1674690247
434.355834961	53.3325233459
435.582824707	46.2377052307
436.809814453	58.9119300842
438.036804199	52.6399841309
439.263793945	49.3917045593
440.490783691	50.3333320618
441.717803955	50.0203170776
442.944793701	49.5274581909
444.171783447	54.640625
445.398773193	54.2064628601
446.625762939	56.8044471741
447.852752686	50.4854164124
449.079742432	44.5588645935
450.306762695	49.1812477112
451.533752441	53.6052513123
452.760742188	52.7510566711
453.987731934	55.4897537231
455.21472168	53.4196052551
456.441711426	48.1546211243
457.668701172	46.5571632385
458.895690918	49.5559806824
460.122711182	43.7224159241
461.349700928	51.417427063
462.576690674	52.3333282471
463.80368042	52.5362014771
465.030670166	55.1410522461
466.257659912	55.444770813
467.484649658	50.1749763489
468.711669922	50.8364830017
469.938659668	46.2720909119
471.165649414	50.8634490967
472.39263916	50.2729454041
473.619628906	45.6361045837
474.846618652	42.103767395
476.073608398	43.0641784668
477.300628662	46.6666679382
478.527618408	46.6666679382
479.754608154	47.6513023376
480.9815979	46.214050293
482.208587646	47.4155769348
483.435577393	51.9907646179
484.662567139	54.3791770935
485.889556885	47.9410705566
487.116577148	45.9375457764
488.343566895	48.8803405762
489.570556641	49.0012283325
490.797546387	48.0282211304
492.024536133	45.9796714783
493.251525879	43.321018219
494.478515625	48.2270507813
495.705535889	54.243183136
496.932525635	47.9966011047
498.159515381	47.4957199097
499.386505127	47.1039886475
500.613494873	46.8637580872
501.840484619	49.8122940063
503.067474365	49.0311164856
504.294464111	49.6046180725
505.521484375	44.0478820801
506.748474121	46.9265937805
507.975463867	51.2875328064
509.202453613	50.2301216125
510.429443359	44.7239265442
511.656433105	43.802444458
512.883422852	45.5221061707
514.110412598	45.929599762
515.337402344	45.1331939697
516.56439209	45.5179481506
517.791381836	46.2094764709
519.018432617	46.6996459961
520.245422363	48.3984870911
521.472412109	42.9400291443
522.699401855	41.3039245605
523.926391602	39.1879997253
525.153381348	42.6671485901
526.380371094	45.9292678833
527.60736084	44.9779815674
528.834350586	44.559261322
530.061340332	48.2975387573
531.288330078	45.7697792053
532.515319824	50.5946846008
533.74230957	47.2565498352
534.969299316	46.133808136
536.196289063	47.6305007935
537.423339844	43.5626487732
538.65032959	46.1073112488
539.877319336	40.0620765686
541.104309082	43.8910560608
542.331298828	47.8272399902
543.558288574	46.5672607422
544.78527832	43.4313812256
546.012268066	44.5197868347
547.239257813	49.9186058044
548.466247559	49.0541801453
549.693237305	47.1091346741
550.920227051	48.9167518616
552.147216797	48.9204063416
553.374206543	47.5947303772
554.601257324	46.1866226196
555.82824707	45.2715415955
557.055236816	53.3230171204
558.282226563	47.265537262
559.509216309	49.0222434998
560.736206055	46.2044715881
561.963195801	45.0616798401
563.190185547	47.4397010803
564.417175293	47.8770713806
565.644165039	43.0978240967
566.871154785	39.921836853
568.098144531	47.1128578186
569.325134277	49.8859863281
570.552124023	49.8015632629
571.77911377	47.3379096985
573.006164551	46.4631500244
574.233154297	51.2602844238
575.460144043	44.3394927979
576.687133789	49.2603378296
577.914123535	51.2280921936
579.141113281	45.0109672546
580.368103027	45.0821800232
581.595092773	49.6588630676
582.82208252	47.182258606
584.049072266	40.5403747559
585.276062012	42.8581809998
586.503051758	43
587.730041504	43
588.95703125	37.648765564
590.184020996	40.2457847595
591.411071777	48.8854522705
592.638061523	48.0839195251
593.86505127	53.5412521362
595.092041016	50.0607872009
596.319030762	52.4961166382
597.546020508	48.1973266602
598.773010254	47.2096710205
600	46.2015800476
601.226989746	43.3485450745
602.453979492	47.7999687195
603.680969238	44.0261116028
604.907958984	48.6135063171
606.13494873	46.6340103149
607.361938477	46.2741165161
608.588928223	45.5493583679
609.815979004	43.2822608948
611.04296875	41.999256134
612.269958496	44.6457252502
613.496948242	47.5519065857
614.723937988	49.3417701721
615.950927734	53.2148628235
617.17791748	55.2485160828
618.404907227	55.2124786377
619.631896973	52.4890480042
620.858886719	47.8671989441
622.085876465	48.3412246704
623.312866211	60.5779495239
624.539855957	47.1365280151
625.766845703	48.613861084
626.993835449	51.4203109741
628.22088623	50.830619812
629.447875977	50.686920166
630.674865723	52.7324142456
631.901855469	48.7069664001
633.128845215	49.2894630432
634.355834961	49.3333320618
635.582824707	52.5229263306
636.809814453	53.4424133301
638.036804199	52.4234390259
639.263793945	51.97423172
640.490783691	52.6059951782
641.717773438	52.4278030396
642.944763184	53.8877258301
644.17175293	54
645.398742676	52.177520752
646.625793457	51.3333320618
647.852783203	50.898601532
649.079772949	49.8152999878
650.306762695	48.6045036316
651.533752441	48.0806922913
652.760742188	44.5781097412
653.987731934	52.4905929565
655.21472168	53.6404647827
656.441711426	54.6616783142
657.668701172	51.2062950134
658.895690918	48.6861877441
660.122680664	53.5273132324
661.34967041	48.0020294189
662.576660156	51.806098938
663.803710938	54.7774200439
665.030700684	55.5704307556
666.25769043	51.9386062622
667.484680176	51.8206672668
668.711669922	54.7816123962
669.938659668	54.5532531738
671.165649414	52.8639259338
672.39263916	51.6922187805
673.619628906	47.9465179443
674.846618652	53.9694900513
676.073608398	54.4838447571
677.300598145	50.3588294983
678.527587891	51.2097587585
679.754577637	56.2236633301
680.981567383	53.2083587646
682.208618164	60.9673080444
683.43560791	58.9143295288
684.662597656	61.762134552
685.889587402	57.6529197693
687.116577148	55
688.343566895	53.3418045044
689.570556641	52.7700843811
690.797546387	55.4176635742
692.024536133	48.3653564453
693.251525879	53.9439735413
694.478515625	48.3237991333
695.705505371	47.2335090637
696.932495117	52.3747940063
698.159484863	55.8456611633
699.386474609	54.2869529724
700.613525391	51.8940658569
701.840515137	53.8662109375
703.067504883	63.5655784607
704.294494629	51.7223548889
705.521484375	58.0657463074
706.748474121	62.1560325623
707.975463867	61.4360961914
709.202453613	59.5956382751
710.429443359	55.4622039795
711.656433105	48.7029533386
712.883422852	58.9169044495
714.110412598	63.0368080139
715.337402344	58.4095458984
716.56439209	55.9253768921
717.791381836	55.3333358765
719.018432617	57.063873291
720.245422363	58.5254554749
721.472412109	57.506401062
722.699401855	57.0828552246
723.926391602	57.6759986877
725.153381348	58.5612030029
726.380371094	60.743347168
727.60736084	57.3499946594
728.834350586	55.8827781677
730.061340332	56.0436782837
731.288330078	55.6666679382
732.515319824	56.4198684692
733.74230957	60.0030593872
734.969299316	66.4919509888
736.196289063	58.0421714783
737.423339844	63.4063339233
738.65032959	58.6774406433
739.877319336	60.4090003967
741.104309082	64.7128067017
742.331298828	63.1364860535
743.558288574	62.7875099182
744.78527832	63.1282424927
746.012268066	60.4665031433
747.239257813	59.2093391418
748.466247559	60.9479827881
749.693237305	64.1390304565
750.920227051	63.8120079041
752.147216797	62.2624511719
753.374206543	63.699420929
754.601257324	65.0319290161
755.82824707	58.9756965637
757.055236816	63.7134857178
758.282226563	67.3389358521
759.509216309	60.5256919861
760.736206055	63.386920929
761.963195801	64.4887237549
763.190185547	62.1303977966
764.417175293	62.0530776978
765.644165039	60.3166694641
766.871154785	55.2156944275
768.098144531	53.434261322
769.325134277	66.2002868652
770.552124023	62.8362236023
771.77911377	61.2852592468
773.006164551	61.1574287415
774.233154297	59.3334503174
775.460144043	58.880531311
776.687133789	65.1355438232
777.914123535	75.250213623
779.141113281	61.8925895691
780.368103027	67.8851318359
781.595092773	64.0296554565
782.82208252	65.939704895
784.049072266	67.4718399048
785.276062012	67
786.503051758	65.5455627441
787.730041504	63.8315582275
788.95703125	68.6973114014
790.184020996	59.7816467285
791.411071777	65.5435180664
792.638061523	69.4274749756
793.86505127	61.4469528198
795.092041016	62.9716796875
796.319030762	66.6104202271
797.546020508	66.9457397461
798.773010254	68.0859146118
800	63.1519966125
801.226989746	70.8376312256
802.453979492	76.7984008789
803.680969238	71.6354980469
804.907958984	67.7361068726
806.13494873	69.4757537842
807.361938477	71.168006897
808.588928223	69.9581375122
809.815979004	68.4285125732
811.04296875	68.4861984253
812.269958496	67.7170257568
813.496948242	68.3138427734
814.723937988	73.8184814453
815.950927734	74.6666641235
817.17791748	63.0578536987
818.404907227	66.2133712769
819.631896973	69.9282684326
820.858886719	67.7450790405
822.085876465	73.8571548462
823.312866211	76.7514572144
824.539855957	64.920211792
825.766845703	71.7928314209
826.993835449	65.7247848511
828.22088623	70.3562545776
829.447875977	70.3950271606
830.674865723	66.2455749512
831.901855469	63.1145515442
833.128845215	67.9508743286
834.355834961	78.8676834106
835.582824707	73.4757080078
836.809814453	74.6881256104
838.036804199	79.1828308105
839.263793945	69.7857437134
840.490783691	71.0616912842
841.717773438	71.0721359253
842.944763184	71.6555328369
844.17175293	75.0446395874
845.398742676	74.5334472656
846.625793457	66.6778717041
847.852783203	66.468170166
849.079772949	77.568687439
850.306762695	69.0539169312
851.533752441	75.6475219727
852.760742188	71.4517364502
853.987731934	74.3762969971
855.21472168	79.8051223755
856.441711426	78.4686737061
857.668701172	71.3797073364
858.895690918	66.9753112793
860.122680664	75.2410354614
861.34967041	74.3397521973
862.576660156	78.5040359497
863.803710938	74.7595291138
865.030700684	75.7568969727
866.25769043	70.8892669678
867.484680176	70.1602706909
868.711669922	71.7292480469
869.938659668	69.939666748
871.165649414	70.8547363281
872.39263916	69.8861618042
873.619628906	77.2977981567
874.846618652	73.6873245239
876.073608398	71.9761886597
877.300598145	64.9730911255
878.527587891	66.054473877
879.754577637	69.7288894653
880.981567383	70.4312210083
882.208618164	72.0863723755
883.43560791	74.976600647
884.662597656	68.2419433594
885.889587402	67.44896698
887.116577148	62.6282463074
888.343566895	62.6162338257
889.570556641	67.1837310791
890.797546387	68.2285995483
892.024536133	66.1284332275
893.251525879	60.1623153687
894.478515625	56.6059036255
895.705505371	58.8744506836
896.932495117	59.410949707
898.159484863	67.3044662476
899.386474609	67.0027618408
900.613525391	67.5979919434
901.840515137	62.8524398804
903.067504883	66.392539978
904.294494629	60.1346969604
905.521484375	60.5533638
906.748474121	61.9651184082
907.975463867	57.8904304504
909.202453613	61.4268798828
910.429443359	67.341758728
911.656433105	68.7568969727
912.883422852	59.0877304077
914.110412598	63.5876083374
915.337402344	59.6814575195
916.56439209	53.7789154053
917.791381836	58.1633071899
919.018432617	62.1682281494
920.245422363	59.0928535461
921.472412109	57.1136512756
922.699401855	59.9610061646
923.926391602	56.4637794495
925.153381348	57.1622085571
926.380371094	53.2225494385
927.60736084	59.2823677063
928.834350586	58.8015289307
930.061340332	58.1081848145
931.288330078	57.2209701538
932.515319824	58.3115081787
933.74230957	61.2100868225
934.969299316	61.6418685913
936.196289063	56.508682251
937.423339844	50.0150985718
938.65032959	56.837890625
939.877319336	60.4799499512
941.104309082	62.6826705933
942.331298828	58.0929832458
943.558288574	61.0095939636
944.78527832	61.8064880371
946.012268066	60.492099762
947.239257813	59.7205314636
948.466247559	63.080493927
949.693237305	68.8099822998
950.920227051	63.4102172852
952.147216797	65.4479904175
953.374206543	62.4082450867
954.601257324	61.4437599182
955.82824707	58.6608924866
957.055236816	62.9982414246
958.282226563	56.6472167969
959.509216309	54.1819763184
960.736206055	56.3333358765
961.963195801	57.06508255
963.190185547	56.9393730164
964.417175293	54.4203605652
965.644165039	59.3505477905
966.871154785	62.4716567993
968.098144531	68.8655471802
969.325134277	65.382019043
970.552124023	59.3361816406
971.77911377	56.3153762817
973.006164551	56.6492614746
974.233154297	61.7042884827
975.460144043	64.882019043
976.687133789	61.5518760681
977.914123535	59.4133300781
979.141113281	63.1193122864
980.368103027	60.5201377869
981.595092773	62.6546440125
982.82208252	62.3629570007
984.049072266	62.3333320618
985.276062012	66.0461349487
986.503051758	60.3120040894
987.730041504	59.5392303467
988.95703125	59.0458946228
990.184020996	55.6536102295
991.411071777	58.1240119934
992.638061523	64.3678131104
993.86505127	61.914680481
995.092041016	64.925163269
996.319030762	64.0075378418
997.546020508	57.6284637451
998.773010254	60.3125038147
1000	63.2352905273
1001.22698975	65.7676696777
1002.45397949	64.7294769287
1003.68096924	61.3350563049
1004.90795898	61.9812660217
1006.13494873	66.6768722534
1007.36193848	67.0484771729
1008.58892822	62.2170524597
1009.815979	61.947013855
1011.04296875	64.7298278809
1012.2699585	69.3262023926
1013.49694824	65.1262817383
1014.72393799	65.1042022705
1015.95092773	70.3973846436
1017.17791748	68.5975570679
1018.40490723	67.5908889771
1019.63189697	67.4988632202
1020.85888672	65.5431671143
1022.08587646	67.0806274414
1023.31286621	70.4116897583
1024.53991699	66.8667602539
1025.7668457	66.4851303101
1026.99389648	74.7723999023
1028.2208252	77.6869125366
1029.44787598	63.5504837036
1030.67480469	71.4240188599
1031.90185547	74.0119628906
1033.12878418	73.1390075684
1034.35583496	75.0207519531
1035.58276367	74.4348449707
1036.80981445	69.9494476318
1038.03686523	70.3584976196
1039.26379395	78.3520278931
1040.49084473	83.8013153076
1041.71777344	72.5212020874
1042.94482422	76.8321914673
1044.17175293	84.980255127
1045.39880371	80.0553359985
1046.62573242	78.6666641235
1047.8527832	76.0358810425
1049.07971191	75.0547561646
1050.3067627	76.8511886597
1051.53369141	80.9129867554
1052.76074219	83.8602905273
1053.9876709	82.3482513428
1055.21472168	80.3955459595
1056.44177246	80.0615844727
1057.66870117	84.784614563
1058.89575195	81.0826187134
1060.12268066	77.9877929688
1061.34973145	76.8374023438
1062.57666016	84.2174072266
1063.80371094	86.4396591187
1065.03063965	81.4761581421
1066.25769043	79.7557830811
1067.48461914	77.9391479492
1068.71166992	75.1029968262
1069.93859863	76.8524398804
1071.16564941	79.6673355103
1072.39257813	84.6148529053
1073.61962891	84.0776748657
1074.84667969	97.6554794312
1076.0736084	80.9640579224
1077.30065918	79.4166107178
1078.52758789	77.4601669312
1079.75463867	81.1392822266
1080.98156738	87.2743148804
1082.20861816	90.2527999878
1083.43554688	92.8946914673
1084.66259766	93.2308044434
1085.88952637	87.9071502686
1087.11657715	85.9721450806
1088.34350586	94.9644699097
1089.57055664	97.2833023071
1090.79748535	86.6508026123
1092.02453613	89.9157485962
1093.25158691	85.2704315186
1094.47851563	100.751831055
1095.70556641	94.4067840576
1096.93249512	92.5784378052
1098.1595459	95.7739715576
1099.38647461	95.5451660156
1100.61352539	93.9822235107
1101.8404541	94.886138916
1103.06750488	96.8498764038
1104.29443359	96.0762405396
1105.52148438	93.4991149902
1106.74841309	96.3626480103
1107.97546387	98.0747070313
1109.20251465	98.8283996582
1110.42944336	102.241622925
1111.65649414	96.5869598389
1112.88342285	100.198822021
1114.11047363	92.516708374
1115.33740234	96.8016662598
1116.56445313	101.576255798
1117.79138184	99.439491272
1119.01843262	100.345748901
1120.24536133	100.625930786
1121.47241211	96.5440750122
1122.69934082	97.2372055054
1123.9263916	99.8031539917
1125.15332031	102.401702881
1126.38037109	108.144844055
1127.60742188	112.438781738
1128.83435059	115.241279602
1130.06140137	108.104560852
1131.28833008	107.053985596
1132.51538086	108.545211792
1133.74230957	109.943054199
1134.96936035	118.038696289
1136.19628906	119.255767822
1137.42333984	115.975799561
1138.65026855	115.59727478
1139.87731934	115.565193176
1141.10424805	117.315628052
1142.33129883	121.54058075
1143.55822754	120.104003906
1144.78527832	138.686569214
1146.0123291	127.396034241
1147.23925781	128.333984375
1148.46630859	131.454544067
1149.6932373	138.067260742
1150.92028809	129.004272461
1152.1472168	131.40020752
1153.37426758	124.561859131
1154.60119629	134.556991577
1155.82824707	141.321487427
1157.05517578	138.675582886
1158.28222656	141.823974609
1159.50915527	146.548233032
1160.73620605	143.941467285
1161.96313477	141.584960938
1163.19018555	140.395889282
1164.41723633	143.5652771
1165.64416504	134.227600098
1166.87121582	142.376541138
1168.09814453	151.773193359
1169.32519531	149.097366333
1170.55212402	147.570266724
1171.7791748	144.795806885
1173.00610352	145.869750977
1174.2331543	148.377380371
1175.46008301	149.139343262
1176.68713379	151.95690918
1177.9140625	154.51272583
1179.14111328	154.19909668
1180.36804199	150.906738281
1181.59509277	148.512329102
1182.82214355	155.226455688
1184.04907227	148.165969849
1185.27612305	148.928329468
1186.50305176	148.464385986
1187.73010254	150.975906372
1188.95703125	157.218917847
1190.18408203	149.209411621
1191.41101074	153.175018311
1192.63806152	166.230941772
1193.86499023	161.81211853
1195.09204102	159.836837769
1196.31896973	157.73135376
1197.54602051	156.903182983
1198.77294922	163.367446899
1200	163.350357056
1201.22705078	160.409683228
1202.45397949	167.567703247
1203.68103027	162.494949341
1204.90795898	164.318954468
1206.13500977	163.894180298
1207.36193848	153.816146851
1208.58898926	166.774032593
1209.81591797	157.962371826
1211.04296875	152.792205811
1212.26989746	164.925109863
1213.49694824	166.196929932
1214.72387695	163.753585815
1215.95092773	173.640533447
1217.17785645	174.707565308
1218.40490723	167.983230591
1219.63195801	166.792297363
1220.85888672	166.916152954
1222.0859375	172.340270996
1223.31286621	180.360321045
1224.53991699	177.843063354
1225.7668457	181.861572266
1226.99389648	183.581253052
1228.2208252	169.769058228
1229.44787598	184.423034668
1230.67480469	182.715377808
1231.90185547	189.656311035
1233.12878418	191.244354248
1234.35583496	202.96585083
1235.58276367	188.617904663
1236.80981445	188.037017822
1238.03686523	188.912887573
1239.26379395	188.541763306
1240.49084473	196.391830444
1241.71777344	195.343353271
1242.94482422	196.497528076
1244.17175293	193.598144531
1245.39880371	185.810455322
1246.62573242	195.140274048
1247.8527832	207.686843872
1249.07971191	203.186798096
1250.3067627	203.359924316
1251.53369141	204.554397583
1252.76074219	215.579879761
1253.9876709	221.885253906
1255.21472168	223.836288452
1256.44177246	209.261383057
1257.66870117	217.091705322
1258.89575195	210.296218872
1260.12268066	212.396514893
1261.34973145	215.362991333
1262.57666016	216.739196777
1263.80371094	231.040512085
1265.03063965	234.979400635
1266.25769043	225.146057129
1267.48461914	227.900558472
1268.71166992	238.491088867
1269.93859863	240.344940186
1271.16564941	243.724716187
1272.39257813	250.952392578
1273.61962891	252.978103638
1274.84667969	258.492248535
1276.0736084	256.429840088
1277.30065918	266.304962158
1278.52758789	259.417907715
1279.75463867	258.700714111
1280.98156738	270.49697876
1282.20861816	255.561233521
1283.43554688	266.931243896
1284.66259766	290.912109375
1285.88952637	279.516235352
1287.11657715	285.579376221
1288.34350586	301.322052002
1289.57055664	299.480072021
1290.79748535	299.677978516
1292.02453613	299.332519531
1293.25158691	307.632965088
1294.47851563	315.764038086
1295.70556641	321.100372314
1296.93249512	322.643157959
1298.1595459	321.627502441
1299.38647461	333.675720215
1300.61352539	345.923736572
1301.8404541	340.892425537
1303.06750488	345.077392578
1304.29443359	349.182403564
1305.52148438	366.741424561
1306.74841309	372.133453369
1307.97546387	365.343231201
1309.20251465	375.801055908
1310.42944336	382.506256104
1311.65649414	384.536743164
1312.88342285	389.132080078
1314.11047363	408.679107666
1315.33740234	412.810852051
1316.56445313	418.643890381
1317.79138184	418.148529053
1319.01843262	427.180847168
1320.24536133	434.901000977
1321.47241211	440.305084229
1322.69934082	447.002746582
1323.9263916	456.115203857
1325.15332031	462.952453613
1326.38037109	455.46307373
1327.60742188	452.383636475
1328.83435059	473.703063965
1330.06140137	482.798187256
1331.28833008	475.66595459
1332.51538086	493.404022217
1333.74230957	497.497253418
1334.96936035	491.382141113
1336.19628906	499.123840332
1337.42333984	486.942230225
1338.65026855	508.627990723
1339.87731934	502.187408447
1341.10424805	494.49798584
1342.33129883	524.79510498
1343.55822754	508.867797852
1344.78527832	502.377563477
1346.0123291	518.260131836
1347.23925781	507.393554688
1348.46630859	500.389312744
1349.6932373	499.093780518
1350.92028809	505.366241455
1352.1472168	501.658966064
1353.37426758	501.252655029
1354.60119629	491.854125977
1355.82824707	491.047363281
1357.05517578	492.80871582
1358.28222656	484.41973877
1359.50915527	485.08102417
1360.73620605	493.579498291
1361.96313477	489.052398682
1363.19018555	478.698486328
1364.41723633	478.171173096
1365.64416504	459.018127441
1366.87121582	458.03692627
1368.09814453	443.660644531
1369.32519531	428.844055176
1370.55212402	439.366088867
1371.7791748	417.820068359
1373.00610352	442.765319824
1374.2331543	420.717834473
1375.46008301	423.298583984
1376.68713379	389.960968018
1377.9140625	392.627655029
1379.14111328	411.9503479
1380.36804199	389.813171387
1381.59509277	384.570098877
1382.82214355	386.442169189
1384.04907227	382.44921875
1385.27612305	376.395507813
1386.50305176	370.496398926
1387.73010254	356.276031494
1388.95703125	353.160827637
1390.18408203	346.986297607
1391.41101074	337.488586426
1392.63806152	335.231384277
1393.86499023	331.760986328
1395.09204102	333.721038818
1396.31896973	336.307250977
1397.54602051	320.475769043
1398.77294922	311.144897461
1400	319.61920166
1401.22705078	313.963348389
1402.45397949	305.199035645
1403.68103027	305.128448486
1404.90795898	299.761169434
1406.13500977	289.086151123
1407.36193848	294.273834229
1408.58898926	289.684936523
1409.81591797	296.088378906
1411.04296875	276.664459229
1412.26989746	285.612182617
1413.49694824	279.820343018
1414.72387695	267.772827148
1415.95092773	275.87487793
1417.17785645	275.042510986
1418.40490723	282.750183105
1419.63195801	257.151947021
1420.85888672	263.382171631
1422.0859375	247.693115234
1423.31286621	268.808807373
1424.53991699	262.582885742
1425.7668457	268.906280518
1426.99389648	268.692626953
1428.2208252	268.384918213
1429.44787598	259.43371582
1430.67480469	255.111190796
1431.90185547	259.917938232
1433.12878418	250.136535645
1434.35583496	238.78968811
1435.58276367	238.408477783
1436.80981445	234.948501587
1438.03686523	235.834442139
1439.26379395	236.070846558
1440.49084473	235.702804565
1441.71777344	241.110809326
1442.94482422	240.686447144
1444.17175293	238.804763794
1445.39880371	240.483917236
1446.62573242	242.571060181
1447.8527832	236.821411133
1449.07971191	235.400024414
1450.3067627	242.602249146
1451.53369141	237.174560547
1452.76074219	231.043014526
1453.9876709	226.089233398
1455.21472168	230.27041626
1456.44177246	233.082931519
1457.66870117	238.385253906
1458.89575195	226.498626709
1460.12268066	233.31842041
1461.34973145	230.691162109
1462.57666016	238.934371948
1463.80371094	232.292938232
1465.03063965	233.181655884
1466.25769043	232.221725464
1467.48461914	236.329238892
1468.71166992	230.584640503
1469.93859863	223.535430908
1471.16564941	235.350830078
1472.39257813	237.871490479
1473.61962891	229.335113525
1474.84667969	232.732513428
1476.0736084	224.448120117
1477.30065918	228.642150879
1478.52758789	226.275909424
1479.75463867	232.836181641
1480.98156738	235.55758667
1482.20861816	228.025497437
1483.43554688	230.808456421
1484.66259766	225.256576538
1485.88952637	227.149520874
1487.11657715	232.792205811
1488.34350586	229.449783325
1489.57055664	224.468231201
1490.79748535	223.882736206
1492.02453613	222.491943359
1493.25158691	230.094787598
1494.47851563	231.694671631
1495.70556641	227.870407104
1496.93249512	232.34538269
1498.1595459	229.430877686
1499.38647461	232.052536011
1500.61352539	225.768157959
1501.8404541	229.694290161
1503.06750488	237.574325562
1504.29443359	231.589996338
1505.52148438	228.323364258
1506.74841309	230.211990356
1507.97546387	232.296630859
1509.20251465	236.486785889
1510.42944336	236.087142944
1511.65649414	226.67326355
1512.88342285	225.995986938
1514.11047363	235.342437744
1515.33740234	235.590057373
1516.56445313	237.376266479
1517.79138184	242.922637939
1519.01843262	241.558547974
1520.24536133	234.335296631
1521.47241211	234.541366577
1522.69934082	236.565353394
1523.9263916	241.474029541
1525.15332031	241.246917725
1526.38037109	241.227508545
1527.60742188	247.547653198
1528.83435059	245.831787109
1530.06140137	242.736877441
1531.28833008	242.298477173
1532.51538086	247.845657349
1533.74230957	251.851760864
1534.96936035	250.003479004
1536.19628906	252.630661011
1537.42333984	256.336273193
1538.65026855	258.795318604
1539.87731934	258.762512207
1541.10424805	259.825256348
1542.33129883	263.555511475
1543.55822754	266.026153564
1544.78527832	261.098449707
1546.0123291	280.995849609
1547.23925781	277.75
1548.46630859	270.550628662
1549.6932373	292.592987061
1550.92028809	283.67868042
1552.1472168	304.703491211
1553.37426758	297.895812988
1554.60119629	296.577087402
1555.82824707	293.53805542
1557.05517578	301.542663574
1558.28222656	312.459899902
1559.50915527	302.138153076
1560.73620605	310.356628418
1561.96313477	305.678710938
1563.19018555	309.898071289
1564.41723633	327.661804199
1565.64416504	340.628234863
1566.87121582	338.001586914
1568.09814453	342.11630249
1569.32519531	342.001434326
1570.55212402	349.940002441
1571.7791748	355.72052002
1573.00610352	370.777404785
1574.2331543	373.117156982
1575.46008301	379.433013916
1576.68713379	390.732086182
1577.9140625	401.22833252
1579.14111328	425.876373291
1580.36804199	425.150146484
1581.59509277	418.564971924
1582.82214355	435.561889648
1584.04907227	442.697753906
1585.27612305	445.270172119
1586.50305176	455.223388672
1587.73010254	463.608428955
1588.95703125	466.100860596
1590.18408203	483.101531982
1591.41101074	489.866851807
1592.63806152	490.174468994
1593.86499023	490.973846436
1595.09204102	514.172180176
1596.31896973	516.226013184
1597.54602051	528.816467285
1598.77294922	526.520507813
1600	516.153381348
1601.22705078	523.586425781
1602.45397949	510.615112305
1603.68103027	518.542175293
1604.90795898	518.964599609
1606.13500977	513.589538574
1607.36193848	507.11706543
1608.58898926	517.546020508
1609.81591797	528.135620117
1611.04296875	507.620910645
1612.26989746	480.327209473
1613.49694824	472.806640625
1614.72387695	466.50869751
1615.95092773	478.99621582
1617.17785645	466.846740723
1618.40490723	453.725067139
1619.63195801	437.716888428
1620.85888672	427.270080566
1622.0859375	426.048431396
1623.31286621	402.257843018
1624.53991699	395.804107666
1625.7668457	382.625671387
1626.99389648	361.211853027
1628.2208252	369.218566895
1629.44787598	346.187133789
1630.67480469	328.882293701
1631.90185547	310.19039917
1633.12878418	295.895507813
1634.35583496	279.535064697
1635.58276367	296.896820068
1636.80981445	281.077453613
1638.03686523	268.082855225
1639.26379395	256.77835083
1640.49084473	246.055267334
1641.71777344	240.917114258
1642.94482422	230.718292236
1644.17175293	224.892044067
1645.39880371	209.928375244
1646.62573242	205.48260498
1647.8527832	205.662734985
1649.07971191	200.713973999
1650.3067627	198.983093262
1651.53369141	188.021347046
1652.76074219	169.905227661
1653.9876709	167.135574341
1655.21472168	161.109359741
1656.44177246	159.876922607
1657.66870117	162.27192688
1658.89575195	150.719894409
1660.12268066	144.008331299
1661.34973145	146.697509766
1662.57666016	143.172912598
1663.80371094	135.67401123
1665.03063965	127.797966003
1666.25769043	121.889373779
1667.48461914	115.077865601
1668.71166992	112.230072021
1669.93859863	116.885635376
1671.16564941	111.801544189
1672.39257813	109.444732666
1673.61962891	113.047729492
1674.84667969	108.433280945
1676.0736084	104.4010849
1677.30065918	100.035202026
1678.52758789	92.5108566284
1679.75463867	91.0072174072
1680.98156738	92.7493896484
1682.20861816	88.9616546631
1683.43554688	83.2744445801
1684.66259766	82.5801010132
1685.88952637	82.0094223022
1687.11657715	76.3296051025
1688.34350586	80.2184677124
1689.57055664	75.7697601318
1690.79748535	76.7096099854
1692.02453613	78.7468719482
1693.25158691	72.3333969116
1694.47851563	75.5225524902
1695.70556641	71.7141418457
1696.93249512	63.7768096924
1698.1595459	67.8248138428
1699.38647461	69.5376815796
1700.61352539	65.3779678345
1701.8404541	68.5014419556
1703.06750488	71.6739959717
1704.29443359	67.0416107178
1705.52148438	59.4301567078
1706.74841309	54.148399353
1707.97546387	57.6219863892
1709.20251465	63.4474182129
1710.42944336	54.8668060303
1711.65649414	52.1176719666
1712.88342285	56.4391479492
1714.11047363	55.2444267273
1715.33740234	56.3893966675
1716.56445313	52.9934959412
1717.79138184	56.7838287354
1719.01843262	59.6894950867
1720.24536133	60.5858688354
1721.47241211	57.198387146
1722.69934082	59.6316070557
1723.9263916	52.23695755
1725.15332031	56.1821289063
1726.38037109	55.600605011
1727.60742188	55.9290466309
1728.83435059	52.2772827148
1730.06140137	49.6271400452
1731.28833008	47.0340843201
1732.51538086	45.6152534485
1733.74230957	49.2387390137
1734.96936035	48.8379402161
1736.19628906	45.4876098633
1737.42333984	50.094833374
1738.65026855	48.6709747314
1739.87731934	48.9200172424
1741.10424805	44.9638938904
1742.33129883	46.1932373047
1743.55822754	49.8328857422
1744.78527832	50.2891578674
1746.0123291	47.7642021179
1747.23925781	43.0018997192
1748.46630859	45.3815345764
1749.6932373	51.5052490234
1750.92028809	46.690372467
1752.1472168	42.2037811279
1753.37426758	41.6134529114
1754.60119629	44.2721672058
1755.82824707	43.5669326782
1757.05517578	44.5036735535
1758.28222656	48.422504425
1759.50915527	46.5800704956
1760.73620605	44.4864196777
1761.96313477	45.2699012756
1763.19018555	43.8896484375
1764.41723633	44.5323295593
1765.64416504	46.7592811584
1766.87121582	45.2037658691
1768.09814453	46.7019042969
1769.32519531	48.819229126
1770.55212402	44.8648109436
1771.7791748	42.0485610962
1773.00610352	41.3192672729
1774.2331543	42.8341560364
1775.46008301	45.5481681824
1776.68713379	44.2087631226
1777.9140625	42.9424514771
1779.14111328	44.2896270752
1780.36804199	41.6843833923
1781.59509277	46.9568367004
1782.82214355	50.4347381592
1784.04907227	47.9118766785
1785.27612305	48.4824295044
1786.50305176	45.6361808777
1787.73010254	45.9653778076
1788.95703125	47.3973884583
1790.18408203	44.1427230835
1791.41101074	45.2362747192
1792.63806152	44.8963432312
1793.86499023	44.3072776794
1795.09204102	41.1953544617
1796.31896973	42.419128418
1797.54602051	45.1195793152
1798.77294922	44.5292320251
1800	46.5418739319
1801.22705078	42.0248947144
1802.45397949	45.6399345398
1803.68103027	49.6987838745
1804.90795898	44.4180450439
1806.13500977	38.0779495239
1807.36193848	43.0224647522
1808.58898926	43.7091789246
1809.81591797	44.9086036682
1811.04296875	44.7999763489
1812.26989746	38.7097892761
1813.49694824	43.3816680908
1814.72387695	46.902797699
1815.95092773	43.6436080933
1817.17785645	38.9663047791
1818.40490723	39.7976837158
1819.63195801	41.1893043518
1820.85888672	56.1407432556
1822.0859375	48.4644699097
1823.31286621	45.7991676331
1824.53991699	41.2384262085
1825.7668457	40.0371818542
1826.99389648	41.9566688538
1828.2208252	43.3233451843
1829.44787598	47.619720459
1830.67480469	42.1050415039
1831.90185547	46.3592414856
1833.12878418	46.8347511292
1834.35583496	44.2568778992
1835.58276367	47.5800895691
1836.80981445	47.0448989868
1838.03686523	49.462802887
1839.26379395	42.5478248596
1840.49084473	40.6852645874
1841.71777344	45.9371528625
1842.94482422	44.5579414368
1844.17175293	47.2035560608
1845.39880371	46.3770027161
1846.62573242	41.4639511108
1847.8527832	44.6000938416
1849.07971191	46.7922744751
1850.3067627	46.2405967712
1851.53369141	41.7928962708
1852.76074219	42.3210868835
1853.9876709	43.5213508606
1855.21472168	41.5107955933
1856.44177246	42.210357666
1857.66870117	44.1265525818
1858.89575195	42.6259689331
1860.12268066	45.3711051941
1861.34973145	44.4203834534
1862.57666016	41.7165641785
1863.80371094	45.6666679382
1865.03063965	43.3925476074
1866.25769043	42.9684066772
1867.48461914	46.7869148254
1868.71166992	48.0792922974
1869.93859863	46.0453071594
1871.16564941	45.4192237854
1872.39257813	44.7989654541
1873.61962891	39.1783485413
1874.84667969	41.9843711853
1876.0736084	43.1399421692
1877.30065918	42.4206466675
1878.52758789	45.6254882813
1879.75463867	42.2310600281
1880.98156738	46.366985321
1882.20861816	38.0022239685
1883.43554688	47.3453903198
1884.66259766	49.624874115
1885.88952637	43.085735321
1887.11657715	40.7974853516
1888.34350586	49.7971611023
1889.57055664	42.2588768005
1890.79748535	42.3312072754
1892.02453613	43.3786582947
1893.25158691	45.7199363708
1894.47851563	40.1153907776
1895.70556641	50.1210403442
1896.93249512	41.7984733582
1898.1595459	45.1441040039
1899.38647461	43.3305892944
1900.61352539	41.3441886902
1901.8404541	44.8924560547
1903.06750488	39.3683891296
1904.29443359	44.9452629089
1905.52148438	39.7329902649
1906.74841309	35.6615638733
1907.97546387	42.4030227661
1909.20251465	42.2951278687
1910.42944336	44.3285980225
1911.65649414	42.1865844727
1912.88342285	44.32579422
1914.11047363	48.8283042908
1915.33740234	43.5323562622
1916.56445313	40.3147315979
1917.79138184	39.5336761475
1919.01843262	42.6490020752
1920.24536133	49.5482597351
1921.47241211	47.9572906494
1922.69934082	44.4060173035
1923.9263916	46.0395278931
1925.15332031	48.7308311462
1926.38037109	50.3615074158
1927.60742188	41.8635139465
1928.83435059	38.8370857239
1930.06140137	40.3872756958
1931.28833008	39.479839325
1932.51538086	44.2391738892
1933.74230957	48.7882766724
1934.96936035	45.402053833
1936.19628906	47.9014663696
1937.42333984	40.7229232788
1938.65026855	48.8824195862
1939.87731934	43.156917572
1941.10424805	41.6210517883
1942.33129883	41.7847137451
1943.55822754	43.6640090942
1944.78527832	42.4887962341
1946.0123291	43.0885810852
1947.23925781	45.2190055847
1948.46630859	48.0120201111
1949.6932373	43.3329467773
1950.92028809	43.7739944458
1952.1472168	45.7067489624
1953.37426758	42.8210449219
1954.60119629	44.8196678162
1955.82824707	45.6059494019
1957.05517578	45.6076698303
1958.28222656	43.1385612488
1959.50915527	44.1633987427
1960.73620605	46.4445571899
1961.96313477	42.9242858887
1963.19018555	41.08776474
1964.41723633	45.1168251038
1965.64416504	49.29322052
1966.87121582	43.5393981934
1968.09814453	47.8955459595
1969.32519531	43.4873008728
1970.55212402	40.1500358582
1971.7791748	45.587272644
1973.00610352	41.4961585999
1974.2331543	48.4907531738
1975.46008301	45.5395736694
1976.68713379	44.2889060974
1977.9140625	44.0566902161
1979.14111328	45.6447868347
1980.36804199	48.2241821289
1981.59509277	42.3580131531
1982.82214355	44.744354248
1984.04907227	42.217956543
1985.27612305	44.2086448669
1986.50305176	45.0263366699
1987.73010254	46.7205314636
1988.95703125	46.5200004578
1990.18408203	45.8638343811
1991.41101074	43.6841011047
1992.63806152	46.5648231506
1993.86499023	42.6507148743
1995.09204102	44.6256828308
1996.31896973	46.1680450439
1997.54602051	44.9488792419
1998.77294922	47.9789009094
2000	48.3770484924
2001.22705078	45.2997665405
2002.45397949	39.9330635071
2003.68103027	42.6413269043
2004.90795898	48.2682533264
2006.13500977	37.672618866
2007.36193848	49.177936554
2008.58898926	40.2808494568
2009.81591797	41.1910209656
2011.04296875	44.4738044739
2012.26989746	41.3680610657
2013.49694824	45.8842010498
2014.72387695	44.7356987
2015.95092773	42.6846694946
2017.17785645	42.9100112915
2018.40490723	44.1552314758
2019.63195801	45.2516479492
2020.85888672	43.9436683655
2022.0859375	40.7345504761
2023.31286621	42.3615379333
2024.53991699	49.4928398132
2025.7668457	45.5809135437
2026.99389648	39.6411933899
2028.2208252	46.3137130737
2029.44787598	48.561050415
2030.67480469	43.6497421265
2031.90185547	49.5767707825
2033.12878418	45.0309715271
2034.35583496	45.745475769
2035.58276367	43.2768440247
2036.80981445	47.1035728455
2038.03686523	45.6929550171
2039.26379395	49.5355186462
2040.49084473	49.5186042786
2041.71777344	52.8856964111
2042.94482422	46.1338310242
2044.17175293	47.6801567078
2045.39880371	46.3596038818
2046.62573242	44.2388687134
2047.8527832	44.4089393616
2049.07983398	43.1478462219
2050.30664063	45.1855888367
2051.53369141	44.8623313904
2052.76074219	43.5486869812
2053.98779297	48.3301353455
2055.21484375	41.1015701294
2056.44165039	44.6521034241
2057.66870117	50.2265129089
2058.89575195	45.249961853
2060.12280273	52.5730247498
2061.34960938	43.4520301819
2062.57666016	41.6414031982
2063.80371094	40.4590530396
2065.03076172	43.3956642151
2066.25756836	47.1099777222
2067.48461914	45.5554618835
2068.71166992	47.8524360657
2069.9387207	51.4438438416
2071.16552734	46.75365448
2072.39257813	47.0318527222
2073.61962891	48
2074.84667969	47.3111915588
2076.07373047	47.2469520569
2077.30053711	47.597694397
2078.52758789	46.5392799377
2079.75463867	53.5191192627
2080.98168945	44.492515564
2082.20849609	48.9726600647
2083.43554688	43.8415222168
2084.66259766	46.2208938599
2085.88964844	42.6666679382
2087.11645508	42.5938034058
2088.34350586	41.3308792114
2089.57055664	40.6299705505
2090.79760742	43.7773895264
2092.0246582	43.9316062927
2093.25146484	45.8363380432
2094.47851563	48.3934822083
2095.70556641	49.6652374268
2096.93261719	49.4374351501
2098.15942383	47.2931632996
2099.38647461	47.3567504883
2100.61352539	51.231754303
2101.84057617	44.9652862549
2103.06738281	41.1947479248
2104.29443359	38.6850166321
2105.52148438	54.0696983337
2106.74853516	48.2970275879
2107.9753418	43.5831604004
2109.20239258	49.3411903381
2110.42944336	47
2111.65649414	45.1011505127
2112.88354492	45.1270599365
2114.11035156	50.0981216431
2115.33740234	45.4332885742
2116.56445313	40.4866142273
2117.79150391	45.174243927
2119.01831055	45.6988258362
2120.24536133	47.0614814758
2121.47241211	46.3932723999
2122.69946289	48.3011283875
2123.92626953	41.602935791
2125.15332031	44.9242553711
2126.38037109	42.7625846863
2127.60742188	44.8650970459
2128.83447266	44.2049407959
2130.0612793	46.9259910583
2131.28833008	49.4940986633
2132.51538086	53.3416175842
2133.74243164	50.1113700867
2134.96923828	49.5296897888
2136.19628906	44.0188522339
2137.42333984	47.0851173401
2138.65039063	45.9610786438
2139.87719727	47.4274215698
2141.10424805	45.0440101624
2142.33129883	46.7943344116
2143.55834961	42.8305549622
2144.78515625	40.083366394
2146.01220703	50.2528381348
2147.23925781	47.1244621277
2148.46630859	44.7948951721
2149.69335938	43.8837814331
2150.92016602	45.6043205261
2152.1472168	49.8403625488
2153.37426758	53.3333358765
2154.60131836	48.5945358276
2155.828125	47.9995689392
2157.05517578	56.2221870422
2158.28222656	52.3223609924
2159.50927734	47.5338096619
2160.73608398	50.9898757935
2161.96313477	51.1362037659
2163.19018555	43.8706245422
2164.41723633	45.9866256714
2165.64428711	55.6767883301
2166.87109375	46.0512084961
2168.09814453	48.9269447327
2169.32519531	49.738155365
2170.55224609	49.8744392395
2171.77905273	50.7440757751
2173.00610352	49.3333358765
2174.2331543	44.9127502441
2175.46020508	43.1937866211
2176.68701172	48.2206993103
2177.9140625	51.9587860107
2179.14111328	52.3990402222
2180.36816406	45.9440498352
2181.5949707	47.1929931641
2182.82202148	46.7766838074
2184.04907227	58.6612701416
2185.27612305	49.6890144348
2186.50317383	44.5038757324
2187.72998047	47.7598648071
2188.95703125	49.7931022644
2190.18408203	46.9999961853
2191.41113281	45.1812858582
2192.63793945	46.5413208008
2193.86499023	48.1502990723
2195.09204102	51.6796684265
2196.3190918	47.1044082642
2197.54589844	51.8538589478
2198.77294922	48.6992492676
2200	45.3552474976
2201.22705078	44.8844146729
2202.45410156	46.813709259
2203.6809082	41.2194061279
2204.90795898	47.3007164001
2206.13500977	45.3495368958
2207.36206055	49.313621521
2208.58886719	49.7481880188
2209.81591797	47.5215759277
2211.04296875	46.7529449463
2212.27001953	49.1013374329
2213.49682617	52.8629417419
2214.72387695	47.0122756958
2215.95092773	48.4768829346
2217.17797852	48.2271080017
2218.4050293	44.7301445007
2219.63183594	47.9722595215
2220.85888672	47.6470413208
2222.0859375	49.0091896057
2223.31298828	50.1300544739
2224.53979492	47.0494270325
2225.7668457	43.3050079346
2226.99389648	45.6384353638
2228.22094727	50.0071411133
2229.44775391	51.1786422729
2230.67480469	46.622833252
2231.90185547	48.0476760864
2233.12890625	51.1433792114
2234.35571289	47.3368682861
2235.58276367	48.3969802856
2236.80981445	53.1649551392
2238.03686523	49.9915466309
2239.26391602	47.3233337402
2240.49072266	44.5662727356
2241.71777344	45.8625450134
2242.94482422	48.2470703125
2244.171875	53.5146980286
2245.39868164	51.0314712524
2246.62573242	53.5965309143
2247.8527832	53.4259872437
2249.07983398	47.3889694214
2250.30664063	53.0764846802
2251.53369141	45.6208229065
2252.76074219	50.6759567261
2253.98779297	47.6906776428
2255.21484375	50.7981567383
2256.44165039	50.1742782593
2257.66870117	52.2535438538
2258.89575195	47.5861320496
2260.12280273	48.78881073
2261.34960938	51.0481491089
2262.57666016	53.0882644653
2263.80371094	50.5765151978
2265.03076172	48.8947219849
2266.25756836	46.6315155029
2267.48461914	51.5214080811
2268.71166992	49.1642570496
2269.9387207	47.6733665466
2271.16552734	49.4339981079
2272.39257813	50.0229949951
2273.61962891	46.9785690308
2274.84667969	47.459564209
2276.07373047	51.8952331543
2277.30053711	57.8530502319
2278.52758789	49.8406333923
2279.75463867	52.0143852234
2280.98168945	51.9927825928
2282.20849609	50.1664123535
2283.43554688	50.3907356262
2284.66259766	51.9253845215
2285.88964844	55.2249107361
2287.11645508	54.8714141846
2288.34350586	52.6885261536
2289.57055664	51.4167022705
2290.79760742	53.3135757446
2292.0246582	52.1335830688
2293.25146484	52.6879882813
2294.47851563	52.7999420166
2295.70556641	57.577129364
2296.93261719	53.473236084
2298.15942383	49.6424407959
2299.38647461	49.0065307617
2300.61352539	49.9152183533
2301.84057617	52.9543304443
2303.06738281	53.7394218445
2304.29443359	50.5495529175
2305.52148438	55.2744979858
2306.74853516	50.13514328
2307.9753418	57.744644165
2309.20239258	50.3295059204
2310.42944336	58.8516235352
2311.65649414	57.9158325195
2312.88354492	51.9297561646
2314.11035156	51.9106826782
2315.33740234	53.6985206604
2316.56445313	53.3318595886
2317.79150391	49.5543823242
2319.01831055	51.4001960754
2320.24536133	55.8168411255
2321.47241211	56.8479499817
2322.69946289	54.8811302185
2323.92626953	55.0459861755
2325.15332031	51.3365592957
2326.38037109	55.4298782349
2327.60742188	56.4297561646
2328.83447266	64.9329986572
2330.0612793	67.64402771
2331.28833008	80.8104858398
2332.51538086	75.0832290649
2333.74243164	66.8368759155
2334.96923828	59.858543396
2336.19628906	56.086769104
2337.42333984	53.5086250305
2338.65039063	52.8127632141
2339.87719727	54.4040565491
2341.10424805	55.1073608398
2342.33129883	48.7945632935
2343.55834961	47.9497413635
2344.78515625	54.128780365
2346.01220703	55.5333023071
2347.23925781	54.9670410156
2348.46630859	54.7548561096
2349.69335938	52.9929504395
2350.92016602	52.0282554626
2352.1472168	53.0089836121
2353.37426758	52.8251037598
2354.60131836	57.4077301025
2355.828125	60.5538749695
2357.05517578	60.0159721375
2358.28222656	58.5907669067
2359.50927734	57.4890861511
2360.73608398	60.1647605896
2361.96313477	52.3826217651
2363.19018555	57.0823364258
2364.41723633	57.714138031
2365.64428711	55.6788139343
2366.87109375	56.3936920166
2368.09814453	59.7767448425
2369.32519531	56.6170310974
2370.55224609	54.6939888
2371.77905273	53.1960754395
2373.00610352	55.3573722839
2374.2331543	59.1511459351
2375.46020508	50.4056625366
2376.68701172	57.6924629211
2377.9140625	60.0997161865
2379.14111328	60.3932723999
2380.36816406	58.1158485413
2381.5949707	59.762096405
2382.82202148	63.0572280884
2384.04907227	61.3540534973
2385.27612305	58.7186851501
2386.50317383	63.6039276123
2387.72998047	56.8145523071
2388.95703125	56.9063224792
2390.18408203	60.6588134766
2391.41113281	62.2415390015
2392.63793945	60.6274223328
2393.86499023	59.815158844
2395.09204102	60.10496521
2396.3190918	63.9897880554
2397.54589844	63.2869987488
2398.77294922	61.9123764038
2400	62.57396698
2401.22705078	62.5248565674
2402.45410156	62.8821411133
2403.6809082	57.535900116
2404.90795898	56.5524673462
2406.13500977	59.3525886536
2407.36206055	61.5489349365
2408.58886719	62.5515441895
2409.81591797	61.8985557556
2411.04296875	62.8405952454
2412.27001953	64.9594421387
2413.49682617	61.9263648987
2414.72387695	61.4762649536
2415.95092773	63.2653388977
2417.17797852	64.3887405396
2418.4050293	62.5094108582
2419.63183594	61.3715515137
2420.85888672	64.8144607544
2422.0859375	60.0880851746
2423.31298828	66.8884124756
2424.53979492	64.5534133911
2425.7668457	63.1086196899
2426.99389648	64.8745574951
2428.22094727	62.8171653748
2429.44775391	63.8984870911
2430.67480469	63.8325538635
2431.90185547	71.1428985596
2433.12890625	65.0128936768
2434.35571289	61.2589187622
2435.58276367	62.4212036133
2436.80981445	64.1062927246
2438.03686523	70.1904144287
2439.26391602	68.8981704712
2440.49072266	69.03125
2441.71777344	68.6762924194
2442.94482422	64.848487854
2444.171875	66.5162582397
2445.39868164	70.4571380615
2446.62573242	69.5853652954
2447.8527832	67.7985305786
2449.07983398	67.05519104
2450.30664063	65.2713775635
2451.53369141	67.0740890503
2452.76074219	68.2674102783
2453.98779297	64.2776947021
2455.21484375	69.9904556274
2456.44165039	67.0850067139
2457.66870117	69.9617614746
2458.89575195	66.783706665
2460.12280273	72.8732528687
2461.34960938	68.0278625488
2462.57666016	69.8422851563
2463.80371094	71.342956543
2465.03076172	69.8010559082
2466.25756836	70.0536804199
2467.48461914	70.158241272
2468.71166992	71.2036361694
2469.9387207	70.3800964355
2471.16552734	67.9919128418
2472.39257813	66.5094299316
2473.61962891	70.2421646118
2474.84667969	64.6585464478
2476.07373047	70.6654815674
2477.30053711	71.5244369507
2478.52758789	70.8394012451
2479.75463867	67.6542739868
2480.98168945	70.9924697876
2482.20849609	70.6119537354
2483.43554688	73.8011856079
2484.66259766	71.8224945068
2485.88964844	71.7099838257
2487.11645508	75.4213180542
2488.34350586	72.786857605
2489.57055664	68.9817504883
2490.79760742	72.7052001953
2492.0246582	69.2214813232
2493.25146484	70.8197631836
2494.47851563	74.1043624878
2495.70556641	70.5249786377
2496.93261719	72.7699279785
2498.15942383	71.0504684448
2499.38647461	72.9564208984
2500.61352539	78.8300018311
2501.84057617	78.3436279297
2503.06738281	71.6202926636
2504.29443359	72.1295623779
2505.52148438	71.0128097534
2506.74853516	75.573425293
2507.9753418	76.1276092529
2509.20239258	75.353729248
2510.42944336	74.614654541
2511.65649414	79.8388519287
2512.88354492	76.0210418701
2514.11035156	73.3238372803
2515.33740234	75.0461044312
2516.56445313	73.2919311523
2517.79150391	74.4628677368
2519.01831055	77.2445220947
2520.24536133	78.7319488525
2521.47241211	73.9857025146
2522.69946289	78.0647125244
2523.92626953	80.949760437
2525.15332031	80.0312576294
2526.38037109	77.2512054443
2527.60742188	85.4631576538
2528.83447266	82.003036499
2530.0612793	78.1742095947
2531.28833008	82.114982605
2532.51538086	83.8691253662
2533.74243164	84.3255767822
2534.96923828	82.7132644653
2536.19628906	83.4703521729
2537.42333984	89.9884414673
2538.65039063	81.7232818604
2539.87719727	79.7190933228
2541.10424805	81.4939727783
2542.33129883	83.5218734741
2543.55834961	76.6675491333
2544.78515625	78.8895721436
2546.01220703	74.5976486206
2547.23925781	82.0599212646
2548.46630859	82.795791626
2549.69335938	79.8078689575
2550.92016602	88.7768936157
2552.1472168	90.2286834717
2553.37426758	83.983291626
2554.60131836	85.833114624
2555.828125	83.9435272217
2557.05517578	84.3729858398
2558.28222656	90.1229934692
2559.50927734	84.1912841797
2560.73608398	83.0409851074
2561.96313477	87.6763839722
2563.19018555	87.1869430542
2564.41723633	88.7486572266
2565.64428711	95.6443405151
2566.87109375	92.2214126587
2568.09814453	88.6754302979
2569.32519531	88.434677124
2570.55224609	85.341255188
2571.77905273	86.340675354
2573.00610352	93.7473678589
2574.2331543	87.0784301758
2575.46020508	85.7185211182
2576.68701172	88.3934936523
2577.9140625	90.649810791
2579.14111328	91.7609558105
2580.36816406	83.7964706421
2581.5949707	90.7863006592
2582.82202148	87.8474807739
2584.04907227	92.2887573242
2585.27612305	89.1602401733
2586.50317383	88.7267608643
2587.72998047	88.4285812378
2588.95703125	87.4481735229
2590.18408203	92.8016357422
2591.41113281	97.277961731
2592.63793945	88.1387634277
2593.86499023	94.2901000977
2595.09204102	90.9700927734
2596.3190918	90.7222824097
2597.54589844	88.3491516113
2598.77294922	91.6978683472
2600	95.7501525879
2601.22705078	95.4253082275
2602.45410156	92.7933578491
2603.6809082	93.2984695435
2604.90795898	93.089630127
2606.13500977	91.5429916382
2607.36206055	94.826675415
2608.58886719	92.1508789063
2609.81591797	99.6386413574
2611.04296875	99.4224472046
2612.27001953	107.645492554
2613.49682617	94.3434295654
2614.72387695	95.0687866211
2615.95092773	92.2669067383
2617.17797852	96.0392684937
2618.4050293	102.228034973
2619.63183594	100.48122406
2620.85888672	103.892494202
2622.0859375	100.200080872
2623.31298828	100.793891907
2624.53979492	100.16583252
2625.7668457	95.7740783691
2626.99389648	105.248802185
2628.22094727	98.147605896
2629.44775391	110.331062317
2630.67480469	100.245414734
2631.90185547	103.872154236
2633.12890625	109.099510193
2634.35571289	107.546043396
2635.58276367	111.229896545
2636.80981445	99.0434799194
2638.03686523	107.559928894
2639.26391602	108.653701782
2640.49072266	108.017662048
2641.71777344	114.680419922
2642.94482422	122.566413879
2644.171875	111.617683411
2645.39868164	108.100273132
2646.62573242	116.17641449
2647.8527832	102.598579407
2649.07983398	122.471954346
2650.30664063	115.716445923
2651.53369141	122.527015686
2652.76074219	120.489707947
2653.98779297	117.640075684
2655.21484375	117.271522522
2656.44165039	125.149803162
2657.66870117	108.445388794
2658.89575195	124.034858704
2660.12280273	124.218635559
2661.34960938	130.814590454
2662.57666016	114.970558167
2663.80371094	117.608955383
2665.03076172	127.157165527
2666.25756836	118.710609436
2667.48461914	128.287490845
2668.71166992	124.574356079
2669.9387207	131.591430664
2671.16552734	126.114326477
2672.39257813	127.464073181
2673.61962891	128.779495239
2674.84667969	119.904808044
2676.07373047	124.2579422
2677.30053711	123.159645081
2678.52758789	124.420448303
2679.75463867	130.266387939
2680.98168945	137.284820557
2682.20849609	131.317214966
2683.43554688	130.288238525
2684.66259766	141.783905029
2685.88964844	130.175811768
2687.11645508	131.053009033
2688.34350586	126.399024963
2689.57055664	121.103424072
2690.79760742	118.180953979
2692.0246582	144.119384766
2693.25146484	127.387191772
2694.47851563	139.71711731
2695.70556641	139.226776123
2696.93261719	129.977615356
2698.15942383	126.033004761
2699.38647461	127.279594421
2700.61352539	126.421203613
2701.84057617	132.878555298
2703.06738281	128.058624268
2704.29443359	122.170318604
2705.52148438	129.216705322
2706.74853516	128.115783691
2707.9753418	117.538833618
2709.20239258	124.926261902
2710.42944336	129.84072876
2711.65649414	125.332099915
2712.88354492	129.096374512
2714.11035156	129.26953125
2715.33740234	131.384460449
2716.56445313	118.829467773
2717.79150391	128.43939209
2719.01831055	128.029312134
2720.24536133	122.766654968
2721.47241211	116.032554626
2722.69946289	124.438827515
2723.92626953	117.958877563
2725.15332031	107.876945496
2726.38037109	119.707344055
2727.60742188	124.752609253
2728.83447266	134.374099731
2730.0612793	121.915290833
2731.28833008	118.129196167
2732.51538086	124.860023499
2733.74243164	109.994621277
2734.96923828	112.012283325
2736.19628906	116.628158569
2737.42333984	114.965499878
2738.65039063	113.076080322
2739.87719727	120.715065002
2741.10424805	117.38482666
2742.33129883	120.479248047
2743.55834961	125.43396759
2744.78515625	112.607719421
2746.01220703	119.938011169
2747.23925781	115.995132446
2748.46630859	111.447937012
2749.69335938	118.717254639
2750.92016602	101.563858032
2752.1472168	119.178741455
2753.37426758	114.200340271
2754.60131836	111.437362671
2755.828125	111.117767334
2757.05517578	104.284889221
2758.28222656	114.407669067
2759.50927734	101.817016602
2760.73608398	110.887084961
2761.96313477	108.528694153
2763.19018555	113.264648438
2764.41723633	115.793052673
2765.64428711	117.387046814
2766.87109375	113.577270508
2768.09814453	102.06388855
2769.32519531	104.764671326
2770.55224609	106.815292358
2771.77905273	110.273742676
2773.00610352	111.700653076
2774.2331543	117.499404907
2775.46020508	112.73765564
2776.68701172	111.575614929
2777.9140625	108.837806702
2779.14111328	101.051849365
2780.36816406	108.215751648
2781.5949707	108.240234375
2782.82202148	105.115348816
2784.04907227	101.595611572
2785.27612305	109.286392212
2786.50317383	106.296783447
2787.72998047	101.713844299
2788.95703125	111.656036377
2790.18408203	108.768997192
2791.41113281	110.696334839
2792.63793945	106.78477478
2793.86499023	106.999992371
2795.09204102	112.85320282
2796.3190918	103.122528076
2797.54589844	111.304077148
2798.77294922	104.735778809
2800	101.406036377
2801.22705078	101.838851929
2802.45410156	99.7930603027
2803.6809082	98.9601287842
2804.90795898	109.039344788
2806.13500977	104.245399475
2807.36206055	104.256072998
2808.58886719	106.125045776
2809.81591797	107.703521729
2811.04296875	105.715011597
2812.27001953	103.735214233
2813.49682617	111.595176697
2814.72387695	100.032867432
2815.95092773	102.681419373
2817.17797852	103.782974243
2818.4050293	104.864143372
2819.63183594	110.580238342
2820.85888672	106.691947937
2822.0859375	105.160491943
2823.31298828	111.517303467
2824.53979492	109.459541321
2825.7668457	106.610740662
2826.99389648	115.086273193
2828.22094727	100.900466919
2829.44775391	101.130462646
2830.67480469	106.262145996
2831.90185547	109.443893433
2833.12890625	101.384590149
2834.35571289	111.622123718
2835.58276367	107.067306519
2836.80981445	102.449028015
2838.03686523	112.324417114
2839.26391602	99.2391891479
2840.49072266	102.760971069
2841.71777344	104.350204468
2842.94482422	106.649391174
2844.171875	110.442779541
2845.39868164	111.703559875
2846.62573242	103.5470047
2847.8527832	108.857009888
2849.07983398	101.951797485
2850.30664063	100.818656921
2851.53369141	114.308486938
2852.76074219	103.294380188
2853.98779297	110.103363037
2855.21484375	100.145523071
2856.44165039	112.317520142
2857.66870117	103.795585632
2858.89575195	108.468063354
2860.12280273	106.387199402
2861.34960938	108.970283508
2862.57666016	107.06842041
2863.80371094	104.539245605
2865.03076172	100.16368103
2866.25756836	102.87412262
2867.48461914	114.189277649
2868.71166992	116.642227173
2869.9387207	113.077041626
2871.16552734	103.973243713
2872.39257813	106.223709106
2873.61962891	115.533256531
2874.84667969	114.366363525
2876.07373047	112.520957947
2877.30053711	115.220252991
2878.52758789	102.855033875
2879.75463867	118.850868225
2880.98168945	115.280944824
2882.20849609	112.244110107
2883.43554688	109.386390686
2884.66259766	116.303153992
2885.88964844	115.44833374
2887.11645508	113.694694519
2888.34350586	106.434844971
2889.57055664	112.919380188
2890.79760742	119.237167358
2892.0246582	115.263084412
2893.25146484	114.797676086
2894.47851563	124.592887878
2895.70556641	118.259674072
2896.93261719	119.817085266
2898.15942383	120.016571045
2899.38647461	118.202476501
2900.61352539	122.781013489
2901.84057617	121.254119873
2903.06738281	121.311012268
2904.29443359	121.704925537
2905.52148438	116.998649597
2906.74853516	115.306381226
2907.9753418	123.33089447
2909.20239258	119.555000305
2910.42944336	124.35206604
2911.65649414	113.318748474
2912.88354492	121.370079041
2914.11035156	123.105651855
2915.33740234	118.474594116
2916.56445313	118.440437317
2917.79150391	125.348876953
2919.01831055	119.011543274
2920.24536133	124.750404358
2921.47241211	120.579376221
2922.69946289	122.366516113
2923.92626953	122.62424469
2925.15332031	111.698905945
2926.38037109	120.362937927
2927.60742188	122.184944153
2928.83447266	122.873954773
2930.0612793	115.306419373
2931.28833008	113.383575439
2932.51538086	123.22051239
2933.74243164	127.467697144
2934.96923828	124.576210022
2936.19628906	117.076408386
2937.42333984	119.243522644
2938.65039063	124.286735535
2939.87719727	121.15007019
2941.10424805	115.68737793
2942.33129883	124.711448669
2943.55834961	124.478431702
2944.78515625	115.435653687
2946.01220703	115.130332947
2947.23925781	118.227684021
2948.46630859	117.765357971
2949.69335938	120.93157196
2950.92016602	114.730377197
2952.1472168	121.579597473
2953.37426758	122.18157959
2954.60131836	117.648658752
2955.828125	111.727981567
2957.05517578	117.092292786
2958.28222656	127.080871582
2959.50927734	112.984771729
2960.73608398	110.29196167
2961.96313477	111.182525635
2963.19018555	118.095214844
2964.41723633	103.861709595
2965.64428711	109.305740356
2966.87109375	109.911071777
2968.09814453	108.717956543
2969.32519531	106.176498413
2970.55224609	104.006256104
2971.77905273	106.078193665
2973.00610352	103.536643982
2974.2331543	106.059410095
2975.46020508	95.0259780884
2976.68701172	105.946517944
2977.9140625	109.47946167
2979.14111328	104.789871216
2980.36816406	101.097702026
2981.5949707	101.380485535
2982.82202148	102.398857117
2984.04907227	99.7907714844
2985.27612305	102.095054626
2986.50317383	100.834609985
2987.72998047	107.894821167
2988.95703125	94.0175552368
2990.18408203	99.0265731812
2991.41113281	96.2330932617
2992.63793945	97.2995452881
2993.86499023	101.116119385
2995.09204102	98.8949966431
2996.3190918	93.1214752197
2997.54589844	94.5342178345
2998.77294922	95.6666641235
3000	93.0312271118
