100	100.772735596
102.558631897	104.800003052
105.117271423	102.497650146
107.67590332	94.3896942139
110.234542847	103.819564819
112.793174744	113.743591309
115.35181427	120.836296082
117.910446167	121.347763062
120.469085693	111.805114746
123.02771759	123.648643494
125.586357117	126.89163208
128.144989014	131.268920898
130.70362854	139.333374023
133.262252808	147.755493164
135.820892334	145.672027588
138.37953186	147.185302734
140.938171387	144.936203003
143.496795654	141.366714478
146.055435181	145.293869019
148.614074707	142.084136963
151.172714233	137.734222412
153.731338501	133.250320435
156.289978027	129.390167236
158.848617554	126.758529663
161.40725708	125.954467773
163.965881348	129.046936035
166.524520874	129.893310547
169.0831604	126.223220825
171.641784668	118.975120544
174.200424194	121.228065491
176.759063721	124.96232605
179.317703247	120.389335632
181.876327515	113.43019104
184.434967041	112.450996399
186.993606567	107.452178955
189.552246094	116.611747742
192.110870361	116.132408142
194.669509888	112.41708374
197.228149414	113.496429443
199.786773682	108.816879272
202.345413208	106.634346008
204.904052734	106.434516907
207.462692261	105.466697693
210.021316528	103.636436462
212.579956055	106.870269775
215.138595581	107.775764465
217.697235107	108
220.255859375	106.346466064
222.814498901	103.800010681
225.373138428	103.832794189
227.931762695	105.936958313
230.490402222	109.685562134
233.049041748	109.831596375
235.607681274	109.822639465
238.166305542	116.32409668
240.724945068	115.350967407
243.283584595	116.296577454
245.842224121	117.594787598
248.400848389	117.845359802
250.959487915	116.623893738
253.518127441	116.786308289
256.076751709	123.791824341
258.635406494	124.308532715
261.194030762	121.250076294
263.752655029	120.383216858
266.311309814	128.351974487
268.869934082	125.651023865
271.42855835	128.112838745
273.987213135	129.039337158
276.545837402	127.549285889
279.104492188	127.644798279
281.663116455	138.233596802
284.221740723	135.495559692
286.780395508	133.192611694
289.339019775	134.162597656
291.897644043	137.839538574
294.456298828	142.736572266
297.014923096	134.816650391
299.573547363	138.869277954
302.132202148	137.252563477
304.690826416	133.197265625
307.249481201	150.469894409
309.808105469	143.443603516
312.366729736	132.245040894
314.925384521	128.380828857
317.484008789	127.36441803
320.042633057	123.002220154
322.601287842	124.312080383
325.159912109	128.980773926
327.718536377	130.050537109
330.277191162	124.660469055
332.83581543	117.750358582
335.394470215	120.42427063
337.953094482	120.915969849
340.51171875	123.584526062
343.070373535	117.29549408
345.628997803	115.443901062
348.18762207	125.815132141
350.746276855	116.624290466
353.304901123	111.498939514
355.863525391	111.289260864
358.422180176	117.888694763
360.980804443	124.061149597
363.539459229	118.559623718
366.098083496	115.762969971
368.656707764	112.392692566
371.215362549	106.136505127
373.773986816	104.475715637
376.332611084	108.607933044
378.891265869	105.911506653
381.449890137	97.5073623657
384.008514404	106.570953369
386.567169189	104.886726379
389.125793457	101.888336182
391.684448242	113.259735107
394.24307251	114.909820557
396.801696777	107.353874207
399.360351563	102.534759521
401.91897583	102.35333252
404.477600098	104.657447815
407.036254883	105.29964447
409.59487915	104.307929993
412.153503418	108.76776886
414.712158203	106.341796875
417.270782471	104.998687744
419.829437256	108.543815613
422.388061523	111.385322571
424.946685791	114.696601868
427.505340576	119.694145203
430.063964844	114.067070007
432.622589111	107.758987427
435.181243896	109.602149963
437.739868164	114.709938049
440.298492432	110.397979736
442.857147217	107.842453003
445.415771484	107.303382874
447.97442627	108.6743927
450.533050537	109.96849823
453.091674805	105.816848755
455.65032959	107.455574036
458.208953857	113.596839905
460.767578125	116.599998474
463.32623291	120.712287903
465.884857178	127.929100037
468.443511963	119.944480896
471.00213623	129.119384766
473.560760498	138.608032227
476.119415283	137.291503906
478.678039551	137.091506958
481.236663818	150.961395264
483.795318604	161.965927124
486.353942871	177.208374023
488.912567139	188.396636963
491.471221924	197.247497559
494.029846191	205.321502686
496.588500977	216.036727905
499.147125244	238.082748413
501.705749512	254.701873779
504.264404297	285.591796875
506.823028564	326.674926758
509.381652832	376.775360107
511.940307617	427.090057373
514.498962402	449.566864014
517.057556152	439.525909424
519.616210938	424.484832764
522.174865723	381.365020752
524.733459473	319.275390625
527.292114258	256.622528076
529.850769043	202.025497437
532.409362793	164.14151001
534.968017578	133.131118774
537.526672363	108.747261047
540.085266113	94.9482192993
542.643920898	89.2345581055
545.202575684	80.6250915527
547.761169434	78.1064529419
550.319824219	69.2432556152
552.878479004	68.048538208
555.437072754	69.9014968872
557.995727539	67.2925643921
560.554382324	58.7916679382
563.112976074	67.2066650391
565.671630859	64.6723022461
568.230285645	62.5532608032
570.78894043	62.8230895996
573.34753418	65.0435638428
575.906188965	66.2366638184
578.46484375	59.6618270874
581.0234375	59.2661170959
583.582092285	59.0644874573
586.14074707	58.8957977295
588.69934082	60.4773292542
591.257995605	63.9828910828
593.816650391	66.48072052
596.375244141	71.0415039063
598.933898926	63.3015785217
601.492553711	58.4081420898
604.051147461	59.1543197632
606.609802246	63.0488700867
609.168457031	66.2137680054
611.727050781	69.0882797241
614.285705566	65.2957382202
616.844360352	69.5437545776
619.403015137	63.3960418701
621.961608887	59.1059188843
624.520263672	65.8000030518
627.078918457	61.0562705994
629.637512207	62.073513031
632.196166992	63.982093811
634.754821777	60.940071106
637.313415527	60.6798858643
639.872070313	63.1406745911
642.430725098	62.2175102234
644.989318848	63.5760917664
647.547973633	62.4325675964
650.106628418	65.7535552979
652.665222168	65.9069824219
655.223876953	65.8265686035
657.782531738	67.0991744995
660.341125488	64.4297714233
662.899780273	60.6863136292
665.458435059	62.7579536438
668.017028809	63.9098243713
670.575683594	64.0044784546
673.134338379	63.6637802124
675.692993164	62.6298370361
678.251586914	59.4984664917
680.810241699	61.3739204407
683.368896484	59.2000617981
685.927490234	58.4000015259
688.48614502	56.3929214478
691.044799805	57.7150535583
693.603393555	65.2490310669
696.16204834	61.3312950134
698.720703125	57.9123153687
701.279296875	58.5622787476
703.83795166	58.8837776184
706.396606445	62.1134529114
708.955200195	62.8461456299
711.51385498	54.0822906494
714.072509766	53.4043540955
716.631103516	54.7737541199
719.189758301	50.8518943787
721.748413086	53.4307823181
724.307006836	54.1157798767
726.865661621	53.5391540527
729.424316406	60.0285682678
731.982971191	57.7988548279
734.541564941	51.4486579895
737.100219727	60.7132492065
739.658874512	60.08801651
742.217468262	54.2607154846
744.776123047	53.4769287109
747.334777832	59.6352348328
749.893371582	63.096244812
752.452026367	54.8472671509
755.010681152	58.2724647522
757.569274902	59.6457633972
760.127929688	59.8506622314
762.686584473	60.7733192444
765.245178223	60.3262176514
767.803833008	54.4204826355
770.362487793	60.1067886353
772.921081543	65.0350112915
775.479736328	63.9275283813
778.038391113	61.0548820496
780.596984863	60.6287574768
783.155639648	62.1886634827
785.714294434	60.6686553955
788.272949219	61.5318984985
790.831542969	64.9407501221
793.390197754	61.581325531
795.948852539	61.492641449
798.507446289	61.3855628967
801.066101074	62.7335624695
803.624755859	75.3373336792
806.183349609	68.9367523193
808.742004395	68.630645752
811.30065918	60.9078025818
813.85925293	64.9666061401
816.417907715	68.1580581665
818.9765625	66.9644241333
821.53515625	69.1879043579
824.093811035	65.4518966675
826.65246582	66.4929199219
829.21105957	62.0874099731
831.769714355	68.2874298096
834.328369141	68.7028503418
836.887023926	64.6655578613
839.445617676	65.3494186401
842.004272461	70.213104248
844.562927246	71.7777175903
847.121520996	71.1147460938
849.680175781	74.9190826416
852.238830566	71.1589889526
854.797424316	66.3897094727
857.356079102	65.0671234131
859.914733887	64.7463302612
862.473327637	63.7972335815
865.031982422	72.8579559326
867.590637207	73.0724639893
870.149230957	72.1714401245
872.707885742	74.9496841431
875.266540527	76.270614624
877.825134277	76.2098236084
880.383789063	77.4288406372
882.942443848	68.6189193726
885.501037598	72.2839889526
888.059692383	78.9855499268
890.618347168	74.9558029175
893.177001953	70.2347183228
895.735595703	70.1114807129
898.294250488	73.140586853
900.852905273	76.445602417
903.411499023	81.5738449097
905.970153809	81.0487136841
908.528808594	79.8879699707
911.087402344	80.0020217896
913.646057129	81.8380279541
916.204711914	81.595489502
918.763305664	79.3402557373
921.321960449	80.7086410522
923.880615234	87.3599472046
926.439208984	79.9912261963
928.99786377	78.1086349487
931.556518555	90.538230896
934.115112305	92.234992981
936.67376709	87.941444397
939.232421875	89.0300979614
941.791015625	93.5634155273
944.34967041	90.4546356201
946.908325195	84.3000106812
949.46697998	86.5099487305
952.02557373	82.2685699463
954.584228516	84.4601211548
957.142883301	90.6367340088
959.701477051	89.2440261841
962.260131836	80.4306030273
964.818786621	81.7038192749
967.377380371	81.0064086914
969.936035156	84.8877258301
972.494689941	81.1135635376
975.053283691	78.1155014038
977.611938477	75.6088180542
980.170593262	73.9520874023
982.729187012	73.3629226685
985.287841797	74.2359695435
987.846496582	80.3948516846
990.405090332	74.7402648926
992.963745117	71.7401809692
995.522399902	74.7792129517
998.080993652	66.7146987915
1000.63964844	65.8344345093
1003.19830322	66.0407867432
1005.75695801	58.3424987793
1008.31555176	64.1386642456
1010.87420654	68.4563369751
1013.43286133	63.8469238281
1015.99145508	66.9232711792
1018.55010986	62.1610908508
1021.10876465	64.6587677002
1023.6673584	68.5849227905
1026.22595215	67.5400466919
1028.78466797	67.4365005493
1031.34326172	74.3225326538
1033.90197754	72.3854522705
1036.46057129	71.4967193604
1039.01916504	75.6782455444
1041.57788086	74.8918151855
1044.13647461	76.2839202881
1046.69506836	76.5256652832
1049.25378418	74.8000030518
1051.81237793	75.378326416
1054.37097168	76.7792892456
1056.9296875	74.2620315552
1059.48828125	84.776222229
1062.046875	86.1220169067
1064.60559082	79.3718490601
1067.16418457	78.7541503906
1069.72277832	79.8228988647
1072.28149414	78.6769790649
1074.84008789	79.8758926392
1077.39868164	84.9638290405
1079.95739746	81.7158889771
1082.51599121	83.6812591553
1085.07458496	81.9528198242
1087.63330078	82.9211349487
1090.19189453	84.2795791626
1092.75048828	86.1598205566
1095.3092041	85.8953781128
1097.86779785	85.1147384644
1100.4263916	87.624206543
1102.98510742	86.4721832275
1105.54370117	88.8028793335
1108.10229492	96.6926956177
1110.66101074	93.1553573608
1113.21960449	98.6263961792
1115.77819824	96.4314346313
1118.33691406	97.2611694336
1120.89550781	100.239395142
1123.45410156	100.935874939
1126.01281738	110.107078552
1128.57141113	110.615402222
1131.13000488	110.795181274
1133.6887207	105.374855042
1136.24731445	105.839080811
1138.80603027	112.536338806
1141.36462402	117.551498413
1143.92321777	120.232719421
1146.48193359	121.599998474
1149.04052734	124.352409363
1151.59912109	131.106719971
1154.15783691	129.341461182
1156.71643066	135.651672363
1159.27502441	135.976104736
1161.83374023	137.095550537
1164.39233398	138.49571228
1166.95092773	145.108215332
1169.50964355	146.359375
1172.0682373	146.350479126
1174.62683105	149.357910156
1177.18554688	148.290725708
1179.74414063	160.772888184
1182.30273438	155.433151245
1184.8614502	158.688766479
1187.42004395	160.963607788
1189.9786377	166.609542847
1192.53735352	165.329803467
1195.09594727	166.287002563
1197.65454102	168.271286011
1200.21325684	176.477005005
1202.77185059	187.879196167
1205.33044434	172.359939575
1207.88916016	173.939147949
1210.44775391	183.91583252
1213.00634766	184.199996948
1215.56506348	190.516815186
1218.12365723	189.548141479
1220.68225098	194.464935303
1223.2409668	202.417404175
1225.79956055	203.826187134
1228.3581543	204.266723633
1230.91687012	210.919464111
1233.47546387	209.228347778
1236.03405762	212.345230103
1238.59277344	223.081878662
1241.15136719	217.036636353
1243.70996094	225.578994751
1246.26867676	220.938537598
1248.82727051	225.041976929
1251.38598633	235.542694092
1253.94458008	237.202072144
1256.50317383	235.019302368
1259.06188965	240.759689331
1261.6204834	244.620300293
1264.17907715	251.533630371
1266.73779297	264.651519775
1269.29638672	272.509552002
1271.85498047	257.527038574
1274.41369629	262.033569336
1276.97229004	274.545715332
1279.53088379	277.173156738
1282.08959961	281.905426025
1284.64819336	281.493988037
1287.20678711	273.729949951
1289.76550293	283.46685791
1292.32409668	296.193054199
1294.88269043	289.024963379
1297.44140625	294.341247559
1300	288.778045654
1302.55859375	302.87588501
1305.11730957	315.498138428
1307.67590332	322.629180908
1310.23449707	318.931762695
1312.79321289	321.160949707
1315.35180664	330.344207764
1317.91040039	338.217407227
1320.46911621	345.538452148
1323.02770996	344.401519775
1325.58630371	348.575439453
1328.14501953	352.085296631
1330.70361328	344.719573975
1333.26220703	348.648681641
1335.82092285	364.623352051
1338.3795166	356.431610107
1340.93811035	348.767822266
1343.49682617	358.351074219
1346.05541992	367.32131958
1348.61401367	370.946014404
1351.17272949	374.044708252
1353.73132324	365.4190979
1356.29003906	360.948303223
1358.84863281	364.538269043
1361.40722656	359.247253418
1363.96594238	371.447387695
1366.52453613	370.013458252
1369.08312988	360.578918457
1371.6418457	347.596923828
1374.20043945	340.812713623
1376.7590332	340.618408203
1379.31774902	337.09085083
1381.87634277	334.391601563
1384.43493652	335.272491455
1386.99365234	328.782653809
1389.55224609	324.346374512
1392.11083984	325.640930176
1394.66955566	310.181640625
1397.22814941	305.357208252
1399.78674316	305.559143066
1402.34545898	306.592041016
1404.90405273	298.490234375
1407.46264648	287.445800781
1410.0213623	284.95111084
1412.57995605	281.1222229
1415.1385498	276.536499023
1417.69726563	277.659088135
1420.25585938	277.72164917
1422.81445313	274.470855713
1425.37316895	277.28604126
1427.9317627	265.014526367
1430.49035645	262.232452393
1433.04907227	259.6222229
1435.60766602	261.449188232
1438.16625977	263.142272949
1440.72497559	257.397674561
1443.28356934	250.738220215
1445.84216309	252.477767944
1448.40087891	249.556808472
1450.95947266	247.669372559
1453.51806641	243.948638916
1456.07678223	241.939254761
1458.63537598	246.881744385
1461.19396973	245.022674561
1463.75268555	244.003128052
1466.3112793	235.552368164
1468.86999512	238.329696655
1471.42858887	245.090377808
1473.98718262	232.164398193
1476.54589844	244.975524902
1479.10449219	246.472503662
1481.66308594	235.056869507
1484.22180176	233.205505371
1486.78039551	227.167282104
1489.33898926	232.449539185
1491.89770508	236.442703247
1494.45629883	231.624053955
1497.01489258	234.945831299
1499.5736084	241.639419556
1502.13220215	235.996047974
1504.6907959	234.92364502
1507.24951172	240.063354492
1509.80810547	244.731613159
1512.36669922	241.870376587
1514.92541504	237.917861938
1517.48400879	240.541732788
1520.04260254	235.152984619
1522.60131836	244.574798584
1525.15991211	244.977325439
1527.71850586	246.250717163
1530.27722168	249.330993652
1532.83581543	250.485916138
1535.39440918	257.287994385
1537.953125	263.525238037
1540.51171875	262.234191895
1543.0703125	261.28604126
1545.62902832	265.00567627
1548.18762207	275.45916748
1550.74621582	287.053436279
1553.30493164	286.838989258
1555.86352539	290.342224121
1558.42211914	297.152526855
1560.98083496	303.779632568
1563.53942871	325.972961426
1566.09802246	327.137115479
1568.65673828	329.755615234
1571.21533203	345.111846924
1573.77404785	367.745025635
1576.3326416	360.660461426
1578.89123535	367.970672607
1581.44995117	388.418365479
1584.00854492	398.80947876
1586.56713867	400.147827148
1589.12585449	400.806915283
1591.68444824	407.610351563
1594.24304199	413.949584961
1596.80175781	409.737579346
1599.36035156	414.215545654
1601.91894531	405.282440186
1604.47766113	405.840545654
1607.03625488	397.671173096
1609.59484863	392.292541504
1612.15356445	370.768066406
1614.7121582	345.546417236
1617.27075195	339.387359619
1619.82946777	309.555541992
1622.38806152	306.833282471
1624.94665527	293.555328369
1627.50537109	281.23638916
1630.06396484	265.509460449
1632.62255859	247.096221924
1635.18127441	227.536636353
1637.73986816	209.433074951
1640.29846191	201.479660034
1642.85717773	196.729431152
1645.41577148	185.248931885
1647.97436523	171.545593262
1650.53308105	155.736083984
1653.0916748	149.258422852
1655.65026855	151.539306641
1658.20898438	137.795654297
1660.76757813	130.19708252
1663.32617188	125.510917664
1665.8848877	119.922653198
1668.44348145	113.802116394
1671.0020752	114.569778442
1673.56079102	102.235725403
1676.11938477	108.439941406
1678.67797852	96.7493896484
1681.23669434	92.7917556763
1683.79528809	93.3187942505
1686.35400391	82.6931610107
1688.91259766	89.0685119629
1691.47119141	85.3362426758
1694.02990723	80.9226913452
1696.58850098	79.8473968506
1699.14709473	75.3325424194
1701.70581055	74.0096969604
1704.2644043	74.1211395264
1706.82299805	72.7163162231
1709.38171387	70.5592651367
1711.94030762	66.917930603
1714.49890137	67.2925796509
1717.05761719	65.8050231934
1719.61621094	67.0036315918
1722.17480469	66.1005401611
1724.73352051	60.2396697998
1727.29211426	58.1677742004
1729.85070801	60.2000007629
1732.40942383	60.2000007629
1734.96801758	60.1242256165
1737.52661133	58.7694015503
1740.08532715	57.4142036438
1742.6439209	45.1356391907
1745.20251465	45.3414115906
1747.76123047	55.0732536316
1750.31982422	55.5081291199
1752.87841797	50.2272224426
1755.43713379	49.6824569702
1757.99572754	53.0514068604
1760.55432129	48.9374923706
1763.11303711	47.915599823
1765.67163086	49.9855155945
1768.23022461	52.7738952637
1770.78894043	48.2605285645
1773.34753418	46.6846885681
1775.90612793	49.2924575806
1778.46484375	51.3835525513
1781.0234375	51.5766525269
1783.58203125	49.9159355164
1786.14074707	48.3336677551
1788.69934082	47.2717094421
1791.25805664	46.7657394409
1793.81665039	47.3111076355
1796.37524414	46.4183731079
1798.93395996	44.5419845581
1801.49255371	44.7837333679
1804.05114746	43.5794487
1806.60986328	42.7697181702
1809.16845703	38.9238395691
1811.72705078	45.4556541443
1814.2857666	43.6620979309
1816.84436035	46.7851753235
1819.4029541	44.0472183228
1821.96166992	41.0343742371
1824.52026367	48.4377861023
1827.07885742	40.8960037231
1829.63757324	45.6974067688
1832.19616699	38.7143859863
1834.75476074	45.5351409912
1837.31347656	42.7847595215
1839.87207031	37.6880073547
1842.43066406	43.7659111023
1844.98937988	41.1675796509
1847.54797363	37.4845046997
1850.10656738	43.5447349548
1852.6652832	42.9568519592
1855.22387695	43.4958839417
1857.7824707	38.3140220642
1860.34118652	37.7340583801
1862.89978027	47.9420166016
1865.45837402	43.9483375549
1868.01708984	38.0039558411
1870.57568359	38.3372688293
1873.13427734	42.4148368835
1875.69299316	41.0924682617
1878.25158691	37.4543228149
1880.81018066	42.060634613
1883.36889648	44.677280426
1885.92749023	43.7138633728
1888.48608398	36.2841072083
1891.0447998	37.7528686523
1893.60339355	39.7617492676
1896.1619873	41.4009933472
1898.72070313	39.0450744629
1901.27929688	37.2803230286
1903.8380127	35.9526786804
1906.39660645	35.6075363159
1908.9552002	39.2542266846
1911.51391602	41.5999984741
1914.07250977	40.838306427
1916.63110352	35.7164840698
1919.18981934	34.2076072693
1921.74841309	40.0962257385
1924.30700684	42.2897796631
1926.86572266	43.178653717
1929.42431641	41.9932632446
1931.98291016	43.3727455139
1934.54162598	44.6644744873
1937.10021973	42.2178268433
1939.65881348	43.34582901
1942.2175293	42.4942207336
1944.77612305	40.6051826477
1947.3347168	36.8868217468
1949.89343262	36.4012184143
1952.45202637	34.9249916077
1955.01062012	35.9990615845
1957.56933594	39.45753479
1960.12792969	39.5067558289
1962.68652344	40.6090965271
1965.24523926	43.246761322
1967.80383301	42.1863174438
1970.36242676	40.6662940979
1972.92114258	36.2882537842
1975.47973633	35.0451927185
1978.03833008	35.1847686768
1980.5970459	37.5725250244
1983.15563965	39.8522377014
1985.7142334	38.4450531006
1988.27294922	42.501121521
1990.83154297	44.5664901733
1993.39013672	40.7490463257
1995.94885254	41.2914962769
1998.50744629	41.881893158
2001.06604004	38.2221298218
2003.62475586	36.5141181946
2006.18334961	38.4992599487
2008.74194336	36.822353363
2011.30065918	39.3879432678
2013.85925293	40.9712371826
2016.41796875	37.9151153564
2018.9765625	40.9424934387
2021.53515625	42.3422546387
2024.09387207	43.1359176636
2026.65246582	42.350692749
2029.21105957	41.419418335
2031.76977539	40.9605369568
2034.32836914	41.168510437
2036.88696289	36.7165794373
2039.44567871	35.3550796509
2042.00427246	39.2086715698
2044.56286621	38.6826019287
2047.12158203	42.8399848938
2049.68017578	46.5505599976
2052.23876953	43.8389091492
2054.79736328	41.9094200134
2057.35595703	39.0871810913
2059.91479492	37.6351547241
2062.47338867	38.0828742981
2065.03198242	40.1054382324
2067.59057617	42.7486228943
2070.14916992	40.1843338013
2072.70800781	38.1096420288
2075.26660156	38.0455741882
2077.82519531	38.441822052
2080.38378906	41.1376113892
2082.94238281	42.8219604492
2085.50097656	42.9541625977
2088.05981445	41.163444519
2090.6184082	42.3966903687
2093.17700195	41.6309661865
2095.7355957	39.7848396301
2098.29418945	39.2690010071
2100.8527832	41.759601593
2103.41162109	39.7265014648
2105.97021484	37.7411880493
2108.52880859	41.016292572
2111.08740234	37.5523452759
2113.64599609	40.9416427612
2116.20458984	40.1450195313
2118.76342773	40.5736846924
2121.32202148	38.4178619385
2123.88061523	36.8214912415
2126.43920898	42.0413513184
2128.99780273	45.0919036865
2131.55639648	40.65467453
2134.11523438	44.5035057068
2136.67382813	46.3564987183
2139.23242188	43.7015419006
2141.79101563	37.4312705994
2144.34960938	47.2836608887
2146.90820313	43.1220626831
2149.46704102	42.5046195984
2152.02563477	44.2234153748
2154.58422852	43.4466133118
2157.14282227	42.3179664612
2159.70141602	40.4694061279
2162.26000977	45.1855354309
2164.81884766	42.6600952148
2167.37744141	43.9676246643
2169.93603516	43.3178977966
2172.49462891	45.2971839905
2175.05322266	43.2195549011
2177.61206055	40.2118530273
2180.1706543	41.1545181274
2182.72924805	43.5529670715
2185.2878418	46.5118904114
2187.84643555	41.6553382874
2190.4050293	41.7037277222
2192.96386719	43.7343788147
2195.52246094	44.6287117004
2198.08105469	45.4566459656
2200.63964844	45.3618927002
2203.19824219	44.0845336914
2205.75683594	42.570148468
2208.31567383	42.392036438
2210.87426758	42.3593215942
2213.43286133	44.2742767334
2215.99145508	42.5851173401
2218.55004883	44.1105499268
2221.10864258	46.1759033203
2223.66748047	47.2269477844
2226.22607422	47.1493453979
2228.78466797	45.4148483276
2231.34326172	45.9267120361
2233.90185547	44.6548347473
2236.46044922	46.601688385
2239.01928711	48.6832962036
2241.57788086	52.2995605469
2244.13647461	47.6985321045
2246.69506836	46.9504241943
2249.25366211	46.6581993103
2251.81225586	44.5211677551
2254.37109375	44.9516868591
2256.9296875	48.9151496887
2259.48828125	45.2717514038
2262.046875	48.0039787292
2264.60546875	49.1499786377
2267.1640625	50.0956573486
2269.72290039	47.4931678772
2272.28149414	50.6726913452
2274.84008789	52.5423812866
2277.39868164	52.0862464905
2279.95727539	50.7154388428
2282.51611328	52.8524017334
2285.07470703	51.0616149902
2287.63330078	51.4029655457
2290.19189453	53.9468574524
2292.75048828	53.5948867798
2295.30908203	52.8654975891
2297.86791992	50.0633888245
2300.42651367	54.9614524841
2302.98510742	55.3679695129
2305.54370117	51.7803421021
2308.10229492	52.5957756042
2310.66088867	51.6482849121
2313.21972656	52.1864929199
2315.77832031	54.7392578125
2318.33691406	54.5900993347
2320.89550781	49.5861129761
2323.45410156	54.3533058167
2326.01269531	57.4752311707
2328.5715332	48.3400421143
2331.13012695	56.6430931091
2333.6887207	59.2151298523
2336.24731445	60.2543640137
2338.8059082	58.3348045349
2341.36450195	55.5185699463
2343.92333984	56.3277130127
2346.48193359	56.2075424194
2349.04052734	54.5598220825
2351.59912109	52.2784385681
2354.15771484	55.7944030762
2356.71630859	56.6686019897
2359.27514648	54.5047950745
2361.83374023	57.5692367554
2364.39233398	57.9722862244
2366.95092773	54.3987503052
2369.50952148	56.7026824951
2372.06811523	60.4436798096
2374.62695313	57.3059883118
2377.18554688	58.7843017578
2379.74414063	57.5131072998
2382.30273438	60.8690261841
2384.86132813	55.8298339844
2387.41992188	63.6952476501
2389.97875977	65.2600631714
2392.53735352	63.761806488
2395.09594727	61.0498466492
2397.65454102	63.7993583679
2400.21313477	63.606212616
2402.77197266	63.6777000427
2405.33056641	63.4796028137
2407.88916016	62.3996810913
2410.44775391	67.4488143921
2413.00634766	64.3488769531
2415.56494141	67.1887054443
2418.1237793	69.1865539551
2420.68237305	69.3451690674
2423.2409668	73.1563873291
2425.79956055	72.6194076538
2428.3581543	73.3717346191
2430.91674805	78.5423126221
2433.47558594	79.1017913818
2436.03417969	77.2976913452
2438.59277344	81.882774353
2441.15136719	85.6712265015
2443.70996094	88.5665435791
2446.26855469	90.2287597656
2448.82739258	87.3224258423
2451.38598633	85.1195220947
2453.94458008	79.3930740356
2456.50317383	79.9553985596
2459.06176758	79.7911605835
2461.62036133	76.9410552979
2464.17919922	76.7156906128
2466.73779297	74.757850647
2469.29638672	72.1513519287
2471.85498047	75.1379394531
2474.41357422	74.4885940552
2476.97216797	78.7693786621
2479.53100586	75.8690261841
2482.08959961	78.4498519897
2484.64819336	70.6827926636
2487.20678711	76.6850814819
2489.76538086	75.3226470947
2492.32397461	73.9130783081
2494.8828125	77.5284118652
2497.44140625	79.7546768188
2500	79.6936645508
2502.55859375	77.4334030151
2505.1171875	80.3526382446
2507.67602539	80.7144927979
2510.23461914	79.6095504761
2512.79321289	78.6218490601
2515.35180664	83.4638595581
2517.91040039	75.3065414429
2520.46899414	80.2506027222
2523.02783203	82.6102981567
2525.58642578	83.5350570679
2528.14501953	85.0727539063
2530.70361328	85.3785400391
2533.26220703	83.6355895996
2535.82080078	81.9231872559
2538.37963867	83.977645874
2540.93823242	84.9543151855
2543.49682617	82.6106719971
2546.05541992	85.9127655029
2548.61401367	83.5154266357
2551.17260742	86.8467483521
2553.73144531	84.0852203369
2556.29003906	84.6607208252
2558.84863281	89.5588150024
2561.40722656	85.6664123535
2563.96582031	92.9385757446
2566.52441406	82.0120925903
2569.08325195	91.3078079224
2571.6418457	87.2259292603
2574.20043945	86.588508606
2576.7590332	88.4312210083
2579.31762695	89.4239654541
2581.8762207	86.0944213867
2584.43505859	89.5224533081
2586.99365234	91.9431915283
2589.55224609	88.9348602295
2592.11083984	91.0832138062
2594.66943359	93.8959655762
2597.22802734	97.0453033447
2599.78686523	90.6443252563
2602.34545898	87.6493988037
2604.90405273	90.942024231
2607.46264648	93.0389938354
2610.02124023	93.0273132324
2612.58007813	93.6946563721
2615.13867188	97.842666626
2617.69726563	99.2127609253
2620.25585938	97.9984893799
2622.81445313	94.1418228149
2625.37304688	95.9362030029
2627.93188477	94.3527297974
2630.49047852	100.575073242
2633.04907227	96.9491043091
2635.60766602	96.0299224854
2638.16625977	98.6271896362
2640.72485352	96.7970352173
2643.28369141	102.730545044
2645.84228516	103.900878906
2648.40087891	101.641044617
2650.95947266	98.3592758179
2653.51806641	105.359779358
2656.07666016	104.215179443
2658.63549805	103.88168335
2661.1940918	101.785598755
2663.75268555	105.865989685
2666.3112793	101.083335876
2668.86987305	106.311203003
2671.4284668	105.711662292
2673.98730469	105.57661438
2676.54589844	108.11264801
2679.10449219	106.567909241
2681.66308594	103.754997253
2684.22167969	107.779830933
2686.78027344	109.711700439
2689.33911133	107.209953308
2691.89770508	109.14250946
2694.45629883	109.671035767
2697.01489258	102.35043335
2699.57348633	107.04410553
2702.13208008	107.326934814
2704.69091797	101.101333618
2707.24951172	102.427581787
2709.80810547	110.352920532
2712.36669922	114.969459534
2714.92529297	112.722511292
2717.48388672	114.201927185
2720.04272461	116.694610596
2722.60131836	112.534683228
2725.15991211	109.698318481
2727.71850586	112.380752563
2730.27709961	114.22882843
2732.8359375	117.301368713
2735.39453125	112.945098877
2737.953125	113.805175781
2740.51171875	112.441925049
2743.0703125	113.268981934
2745.62890625	120.292922974
2748.18774414	108.736427307
2750.74633789	117.467346191
2753.30493164	114.773460388
2755.86352539	114.145675659
2758.42211914	112.642066956
2760.98071289	108.159721375
2763.53955078	111.562316895
2766.09814453	115.958755493
2768.65673828	116.392868042
2771.21533203	117.205322266
2773.77392578	114.113800049
2776.33251953	113.561012268
2778.89135742	120.077926636
2781.44995117	115.077331543
2784.00854492	115.159805298
2786.56713867	110.362113953
2789.12573242	118.03024292
2791.68432617	120.377922058
2794.24316406	118.341285706
2796.80175781	122.715515137
2799.36035156	125.131408691
2801.91894531	118.157180786
2804.47753906	120.475502014
2807.03613281	121.709815979
2809.5949707	118.104797363
2812.15356445	123.414031982
2814.7121582	119.666748047
2817.27075195	122.533607483
2819.8293457	120.299026489
2822.38793945	122.568016052
2824.94677734	129.977859497
2827.50537109	124.563362122
2830.06396484	117.748405457
2832.62255859	117.580986023
2835.18115234	123.175216675
2837.73999023	122.160247803
2840.29858398	121.455337524
2842.85717773	118.367538452
2845.41577148	120.426979065
2847.97436523	120.247749329
2850.53295898	113.373374939
2853.09179688	124.888458252
2855.65039063	123.022064209
2858.20898438	125.491584778
2860.76757813	121.851799011
2863.32617188	121.061470032
2865.88476563	123.459693909
2868.44360352	124.176094055
2871.00219727	125.853729248
2873.56079102	127.749031067
2876.11938477	112.917022705
2878.67797852	123.830101013
2881.23657227	127.813430786
2883.79541016	123.175254822
2886.35400391	124.481430054
2888.91259766	126.082618713
2891.47119141	126.444671631
2894.02978516	123.418052673
2896.58837891	123.93510437
2899.1472168	126.457008362
2901.70581055	122.025367737
2904.2644043	133.637634277
2906.82299805	128.71534729
2909.3815918	128.603302002
2911.94018555	134.497940063
2914.49902344	124.188056946
2917.05761719	133.998535156
2919.61621094	129.667556763
2922.17480469	125.037788391
2924.73339844	127.697357178
2927.29199219	128.693099976
2929.85083008	125.332374573
2932.40942383	127.038131714
2934.96801758	124.788711548
2937.52661133	132.775009155
2940.08520508	132.008575439
2942.64404297	127.925598145
2945.20263672	127.108222961
2947.76123047	128.670516968
2950.31982422	129.736679077
2952.87841797	125.574546814
2955.43701172	128.381118774
2957.99584961	127.255645752
2960.55444336	126.926750183
2963.11303711	124.38482666
2965.67163086	132.224487305
2968.23022461	125.956680298
2970.78881836	119.285041809
2973.34765625	132.097290039
2975.90625	125.554374695
2978.46484375	121.99848938
2981.0234375	120.890937805
2983.58203125	116.975372314
2986.140625	125.54485321
2988.69946289	126.143447876
2991.25805664	119.77835083
2993.81665039	124.717018127
2996.37524414	126.761741638
2998.93383789	113.370323181
3001.49243164	121.548042297
3004.05126953	118.747085571
3006.60986328	114.512962341
3009.16845703	116.392471313
3011.72705078	112.501899719
3014.28564453	117.88974762
3016.84423828	122.638435364
3019.40307617	102.963874817
3021.96166992	113.161026001
3024.52026367	108.238609314
3027.07885742	116.765068054
3029.63745117	118.745536804
3032.19604492	114.207893372
3034.75488281	108.904518127
3037.31347656	115.465705872
3039.87207031	104.167922974
3042.43066406	111.346473694
3044.98925781	117.084327698
3047.5480957	115.790023804
3050.10668945	116.217514038
3052.6652832	106.947799683
3055.22387695	108.298957825
3057.7824707	111.467857361
3060.34106445	109.305633545
3062.89990234	111.957336426
3065.45849609	116.756080627
3068.01708984	117.560493469
3070.57568359	118.998947144
3073.13427734	118.126594543
3075.69287109	115.350410461
3078.25170898	110.662475586
3080.81030273	110.081840515
3083.36889648	112.547782898
3085.92749023	112.392585754
3088.48608398	112.904533386
3091.04467773	105.675567627
3093.60351563	108.197807312
3096.16210938	111.8826828
3098.72070313	114.633750916
3101.27929688	111.585586548
3103.83789063	117.322463989
3106.39648438	107.594078064
3108.95532227	120.720703125
3111.51391602	108.225944519
3114.07250977	109.045974731
3116.63110352	116.812393188
3119.18969727	117.328987122
3121.74829102	109.562446594
3124.30712891	105.406822205
3126.86572266	111.959487915
3129.42431641	111.833969116
3131.98291016	109.186332703
3134.54150391	112.588806152
3137.10009766	107.620124817
3139.65893555	104.462997437
3142.2175293	122.685211182
3144.77612305	120.642402649
3147.3347168	115.168510437
3149.89331055	112.357017517
3152.4519043	112.126144409
3155.01074219	114.848258972
3157.56933594	109.407699585
3160.12792969	110.248313904
3162.68652344	115.987480164
3165.24511719	117.541572571
3167.80395508	107.193214417
3170.36254883	109.583465576
3172.92114258	108.137832642
3175.47973633	107.263656616
3178.03833008	107.681739807
3180.59692383	109.079101563
3183.15576172	110.175018311
3185.71435547	117.939064026
3188.27294922	102.686294556
3190.83154297	112.80859375
3193.39013672	113.505950928
3195.94873047	110.250946045
3198.50756836	110.602348328
3201.06616211	111.174339294
3203.62475586	110.453239441
3206.18334961	113.664352417
3208.74194336	111.463897705
3211.30053711	110.366668701
3213.859375	113.433288574
3216.41796875	112.254554749
3218.9765625	112.175506592
3221.53515625	116.444503784
3224.09375	104.931945801
3226.65234375	114.311416626
3229.21118164	107.333740234
3231.76977539	104.286735535
3234.32836914	105.989112854
3236.88696289	101.038146973
3239.44555664	109.207046509
3242.00415039	111.047447205
3244.56298828	108.058868408
3247.12158203	106.166679382
3249.68017578	102.698486328
3252.23876953	103.736541748
3254.79736328	106.080940247
3257.35595703	109.71673584
3259.91479492	105.930931091
3262.47338867	102.188461304
3265.03198242	101.986320496
3267.59057617	106.111740112
3270.14916992	100.569564819
3272.70800781	103.244880676
3275.26660156	97.6581497192
3277.82519531	102.353897095
3280.38378906	101.157035828
3282.94238281	99.0755233765
3285.50097656	103.729598999
3288.05981445	112.562072754
3290.6184082	108.905441284
3293.17700195	103.035324097
3295.7355957	100.63734436
3298.29418945	110.154525757
3300.8527832	103.379486084
3303.41162109	101.379226685
3305.97021484	100.497772217
3308.52880859	98.4135665894
3311.08740234	102.731369019
3313.64599609	98.614364624
3316.20458984	103.58165741
3318.76342773	104.097816467
3321.32202148	106.230583191
3323.88061523	106.933082581
3326.43920898	101.980369568
3328.99780273	102.173408508
3331.55639648	107.602172852
3334.11523438	105.285339355
3336.67382813	98.3931655884
3339.23242188	106.894165039
3341.79101563	108.698410034
3344.34960938	109.481811523
3346.90820313	114.441558838
3349.46704102	108.035743713
3352.02563477	97.0432357788
3354.58422852	108.629127502
3357.14282227	101.975791931
3359.70141602	104.959022522
3362.26000977	96.4512939453
3364.81884766	102.83341217
3367.37744141	100.245819092
3369.93603516	100.140640259
3372.49462891	102.182540894
3375.05322266	103.298957825
3377.61206055	105.266159058
3380.1706543	100.102233887
3382.72924805	102.071548462
3385.2878418	104.951072693
3387.84643555	104.925216675
3390.4050293	103.978462219
3392.96386719	108.411140442
3395.52246094	108.394943237
3398.08105469	103.966674805
3400.63964844	113.762290955
3403.19824219	113.058883667
3405.75683594	108.913742065
3408.31567383	99.3758010864
3410.87426758	104.977577209
3413.43286133	103.153686523
3415.99145508	109.911743164
3418.55004883	107.577949524
3421.10864258	110.470474243
3423.66748047	112.222640991
3426.22607422	111.103561401
3428.78466797	100.643936157
3431.34326172	106.073173523
3433.90185547	105.72756958
3436.46044922	100.80255127
3439.01928711	109.838363647
3441.57788086	111.366668701
3444.13647461	115.039024353
3446.69506836	110.397476196
3449.25366211	106.902748108
3451.81225586	108.921859741
3454.37109375	115.357765198
3456.9296875	106.932006836
3459.48828125	107.679122925
3462.046875	117.715377808
3464.60546875	113.311012268
3467.1640625	108.092155457
3469.72290039	111.809761047
3472.28149414	113.649902344
3474.84008789	116.815971375
3477.39868164	121.246856689
3479.95727539	117.00440979
3482.51611328	116.290893555
3485.07470703	111.469825745
3487.63330078	114.170417786
3490.19189453	115.428329468
3492.75048828	113.118057251
3495.30908203	112.650276184
3497.86791992	111.946296692
3500.42651367	112.619232178
3502.98510742	113.777030945
3505.54370117	113.540710449
3508.10229492	115.673492432
3510.66088867	110.479042053
3513.21972656	111.412666321
3515.77832031	115.042190552
3518.33691406	121.720939636
3520.89550781	116.801689148
3523.45410156	109.831504822
3526.01269531	121.034294128
3528.5715332	110.470230103
3531.13012695	109.941726685
3533.6887207	111.615005493
3536.24731445	116.200035095
3538.8059082	129.67678833
3541.36450195	118.415779114
3543.92333984	121.738243103
3546.48193359	121.65247345
3549.04052734	125.420578003
3551.59912109	124.649009705
3554.15771484	121.820419312
3556.71630859	121.653846741
3559.27514648	118.126716614
3561.83374023	117.185752869
3564.39233398	119.008560181
3566.95092773	122.639358521
3569.50952148	125.680259705
3572.06811523	116.603538513
3574.62695313	140.621383667
3577.18554688	122.930091858
3579.74414063	119.256340027
3582.30273438	113.722358704
3584.86132813	120.296714783
3587.41992188	117.6304245
3589.97875977	124.241836548
3592.53735352	131.930084229
3595.09594727	134.546051025
3597.65454102	122.780670166
3600.21313477	124.862709045
3602.77197266	130.902542114
3605.33056641	130.463760376
3607.88916016	131.579391479
3610.44775391	129.762207031
3613.00634766	133.663818359
3615.56494141	127.916015625
3618.1237793	128.944396973
3620.68237305	133.763305664
3623.2409668	126.282081604
3625.79956055	125.283912659
3628.3581543	127.76512146
3630.91674805	125.708572388
3633.47558594	123.802825928
3636.03417969	125.422996521
3638.59277344	131.709701538
3641.15136719	129.597045898
3643.70996094	134.003219604
3646.26855469	125.121459961
3648.82739258	129.168167114
3651.38598633	127.894332886
3653.94458008	126.426330566
3656.50317383	130.022232056
3659.06176758	136.973693848
3661.62036133	133.448486328
3664.17919922	134.373291016
3666.73779297	134.414794922
3669.29638672	129.855117798
3671.85498047	131.398605347
3674.41357422	131.33190918
3676.97216797	134.732055664
3679.53100586	138.06187439
3682.08959961	135.247909546
3684.64819336	135.443817139
3687.20678711	133.903289795
3689.76538086	136.382385254
3692.32397461	137.363555908
3694.8828125	132.749633789
3697.44140625	140.317749023
3700	142.501449585
