300	54.6337738037
300.759185791	64.3251647949
301.518341064	76.8021774292
302.277526855	71.1275558472
303.036682129	71.3808517456
303.79586792	72.5667037964
304.555053711	62.1747550964
305.314208984	48.9517784119
306.073394775	64.9784698486
306.832550049	64.5112457275
307.59173584	64.5619354248
308.350921631	62.1537361145
309.110076904	63.6786117554
309.869262695	62.919960022
310.628417969	56.391872406
311.38760376	63.339717865
312.146759033	66.5379943848
312.905944824	60.3379974365
313.665130615	57.9924468994
314.424285889	57.5350227356
315.18347168	60.8679389954
315.942626953	66.8010940552
316.701812744	69.2632522583
317.460998535	64.903175354
318.220153809	61.7886314392
318.9793396	57.1322135925
319.738494873	54.6952972412
320.497680664	57.7392120361
321.256866455	57.4391937256
322.016021729	53.1652412415
322.77520752	59.249835968
323.534362793	65.7204666138
324.293548584	61.3354263306
325.052734375	54.7045974731
325.811889648	56.0509147644
326.571075439	57.0295982361
327.330230713	55.4887542725
328.089416504	57.0479736328
328.848602295	62.1457862854
329.607757568	47.0357093811
330.366943359	45.3540115356
331.126098633	46.5025863647
331.885284424	52.2509269714
332.644439697	58.5556602478
333.403625488	60.5842285156
334.162811279	58.4680786133
334.921966553	58.3149757385
335.681152344	49.5222511292
336.440307617	51.5199203491
337.199493408	55.3216323853
337.958679199	56.1823043823
338.717834473	52.4445152283
339.477020264	49.3244743347
340.236175537	52.7067260742
340.995361328	55.6146850586
341.754547119	53.5839080811
342.513702393	51.1546821594
343.272888184	55.0527687073
344.032043457	55.4470596313
344.791229248	53.7934799194
345.550415039	56.9981155396
346.309570313	65.7591705322
347.068756104	67.7608795166
347.827911377	57.6456756592
348.587097168	54.7997741699
349.346252441	46.0034217834
350.105438232	44.0890235901
350.864624023	47.9566841125
351.623779297	51.1895217896
352.382965088	51.9538345337
353.142120361	47.7224235535
353.901306152	48.9681053162
354.660491943	46.6941833496
355.419647217	45.6463623047
356.178833008	43.4162330627
356.937988281	47.3929634094
357.697174072	53.9360580444
358.456359863	48.1046524048
359.215515137	42.252117157
359.974700928	45.029964447
360.733856201	43.8896636963
361.493041992	43.2821350098
362.252227783	43.9349212646
363.011383057	43.7414283752
363.770568848	43.7988166809
364.529724121	47.6722946167
365.288909912	51.0794754028
366.048095703	44.6504592896
366.807250977	43.9857444763
367.566436768	45.596157074
368.325592041	49.4997406006
369.084777832	52.5679168701
369.843933105	50.9623756409
370.603118896	46.8526802063
371.362304688	51.7252998352
372.121459961	41.5597610474
372.880645752	35.6455764771
373.639801025	45.895565033
374.398986816	47.5485038757
375.158172607	43.3241844177
375.917327881	40.0879516602
376.676513672	38.362411499
377.435668945	42.9973182678
378.194854736	39.1962776184
378.954040527	36.6430282593
379.713195801	41.4339523315
380.472381592	44.870967865
381.231536865	42.5830497742
381.990722656	40.2971954346
382.749908447	41.6264038086
383.509063721	37.9738349915
384.268249512	43.8439369202
385.027404785	35.9401931763
385.786590576	46.0641860962
386.545776367	47.2379379272
387.304931641	42.7201805115
388.064117432	43.6607170105
388.823272705	48.282119751
389.582458496	42.6973876953
390.34161377	36.0470314026
391.100799561	41.4813270569
391.859985352	39.5408363342
392.619140625	33.3420791626
393.378326416	30.8294296265
394.137481689	35.8894767761
394.89666748	38.1826591492
395.655853271	29.9342937469
396.415008545	39.4679718018
397.174194336	28.6141529083
397.933349609	44.5559577942
398.6925354	40.8773384094
399.451721191	37.9406013489
400.210876465	36.3568496704
400.970062256	38.6368179321
401.729217529	44.8132743835
402.48840332	37.7326164246
403.247589111	40.5306091309
404.006744385	26.820306778
404.765930176	35.7551612854
405.525085449	38.1099319458
406.28427124	37.1790084839
407.043426514	33.5290184021
407.802612305	30.7542972565
408.561798096	36.3563804626
409.320953369	31.4984264374
410.08013916	40.9125518799
410.839294434	40.0455970764
411.598480225	32.5178718567
412.357666016	32.858707428
413.116821289	39.3388137817
413.87600708	41.4373245239
414.635162354	35.4735527039
415.394348145	32.8202781677
416.153533936	43.8114280701
416.912689209	43.2306671143
417.671875	33.2655181885
418.431030273	31.1193733215
419.190216064	35.4701271057
419.949401855	35.4223365784
420.708557129	29.6521530151
421.46774292	29.7221622467
422.226898193	38.0248985291
422.986083984	39.5043754578
423.745269775	30.4477519989
424.504425049	32.3816070557
425.26361084	31.0825214386
426.022766113	27.2908840179
426.781951904	26.0077877045
427.541107178	29.4563541412
428.300292969	35.1675987244
429.05947876	28.8107700348
429.818634033	27.8589458466
430.577819824	32.2426300049
431.336975098	35.068775177
432.096160889	28.6731433868
432.85534668	28.3561592102
433.614501953	35.6821975708
434.373687744	34.1690139771
435.132843018	24.1438388824
435.892028809	29.1752586365
436.6512146	30.9220237732
437.410369873	30.5321655273
438.169555664	37.4303588867
438.928710938	36.0081214905
439.687896729	26.0448188782
440.44708252	20.2043037415
441.206237793	24.4062576294
441.965423584	27.4065933228
442.724578857	32.2198753357
443.483764648	33.3964195251
444.242950439	28.6806926727
445.002105713	24.5806655884
445.761291504	25.0708637238
446.520446777	25.7995185852
447.279632568	25.8581447601
448.038787842	29.9970932007
448.797973633	30.101266861
449.557159424	13.6111240387
450.316314697	24.3381023407
451.075500488	28.2471446991
451.834655762	19.552324295
452.593841553	22.6761341095
453.353027344	29.3375720978
454.112182617	26.0480709076
454.871368408	25.4773006439
455.630523682	27.2082462311
456.389709473	26.2538394928
457.148895264	20.4664573669
457.908050537	25.1568584442
458.667236328	27.4124755859
459.426391602	26.680437088
460.185577393	27.3678627014
460.944763184	27.0518226624
461.703918457	19.2038269043
462.463104248	12.515411377
463.222259521	20.2290916443
463.981445313	16.3195381165
464.740600586	17.6898651123
465.499786377	16.3788070679
466.258972168	21.1596450806
467.018127441	24.0403785706
467.777313232	21.0072593689
468.536468506	24.4312820435
469.295654297	28.1435775757
470.054840088	20.2921772003
470.813995361	20.8138465881
471.573181152	23.1401042938
472.332336426	22.2149505615
473.091522217	17.7878131866
473.850708008	16.3879413605
474.609863281	20.5209331512
475.369049072	23.2635707855
476.128204346	19.0608844757
476.887390137	26.340921402
477.646575928	21.2860736847
478.405731201	16.0868358612
479.164916992	9.56380367279
479.924072266	11.2396640778
480.683258057	13.3546934128
481.442443848	15.473818779
482.201599121	20.3480358124
482.960784912	13.4944295883
483.719940186	14.1576414108
484.479125977	17.2184333801
485.23828125	13.4186468124
485.997467041	14.1329183578
486.756652832	14.0774078369
487.515808105	8.63727092743
488.274993896	10.0908164978
489.03414917	15.7330236435
489.793334961	2.0129699707
490.552520752	2.40678477287
491.311676025	12.3984260559
492.070861816	9.89094257355
492.83001709	10.7742843628
493.589202881	6.45668125153
494.348388672	10.6829996109
495.107543945	13.1292772293
495.866729736	8.82462024689
496.62588501	8.96754550934
497.385070801	4.23263692856
498.144256592	11.0608692169
498.903411865	4.73172521591
499.662597656	11.8701000214
500.42175293	4.60553121567
501.180938721	3.08077430725
501.940124512	7.7499871254
502.699279785	7.59316825867
503.458465576	4.59422969818
504.21762085	9.19016456604
504.976806641	2.87037158012
505.735961914	12.2063808441
506.495147705	7.70942592621
507.254333496	4.35523939133
508.01348877	4.60106945038
508.772674561	-0.114361338317
509.531829834	-1.05930435658
510.291015625	2.19255781174
511.050201416	2.97496795654
511.809356689	13.5354185104
512.56854248	5.68525314331
513.327697754	0.00463058240712
514.086853027	2.51048564911
514.846069336	-5.25717830658
515.605224609	8.13166427612
516.364379883	12.2578659058
517.123596191	7.15067052841
517.882751465	4.06971073151
518.641906738	-4.78280258179
519.401123047	3.30705451965
520.16027832	-0.570185244083
520.919433594	6.7450876236
521.678588867	1.58523964882
522.437805176	4.29555702209
523.196960449	2.90901708603
523.956115723	2.1750421524
524.715332031	3.67526125908
525.474487305	4.38195228577
526.233642578	6.68623876572
526.992858887	6.46747159958
527.75201416	2.58685946465
528.511169434	9.93271827698
529.270324707	10.290555954
530.029541016	2.92637205124
530.788696289	-5.27993106842
531.547851563	-1.27998137474
532.307067871	3.07292938232
533.066223145	-3.41218233109
533.825378418	-2.91200351715
534.584533691	2.00971436501
535.34375	0.14281475544
536.102905273	0.911632061005
536.862060547	-1.95504868031
537.621276855	0.210919156671
538.380432129	-2.61482977867
539.139587402	-2.37656831741
539.898803711	2.05859518051
540.657958984	-0.126292407513
541.417114258	-5.62587738037
542.176269531	9.83889389038
542.93548584	5.26688528061
543.694641113	0.915776133537
544.453796387	3.65365624428
545.213012695	6.73018455505
545.972167969	6.79054403305
546.731323242	3.65075397491
547.490539551	-1.12040448189
548.249694824	-2.2334382534
549.008850098	2.71867513657
549.768005371	1.1689119339
550.52722168	4.03888225555
551.286376953	6.22805595398
552.045532227	2.56234121323
552.804748535	2.64717054367
553.563903809	-2.64488720894
554.323059082	-1.15526747704
555.082214355	0.0829636007547
555.841430664	-0.747978687286
556.600585938	6.82484722137
557.359741211	2.59141373634
558.11895752	1.7906075716
558.878112793	-0.532440662384
559.637268066	5.94185161591
560.396484375	-0.605094194412
561.155639648	2.89995980263
561.914794922	8.07675933838
562.673950195	4.14538860321
563.433166504	-1.35549843311
564.192321777	1.58581185341
564.951477051	4.0353770256
565.710693359	-0.949724733829
566.469848633	0.113694064319
567.229003906	2.50029397011
567.988220215	-2.13710594177
568.747375488	1.10281896591
569.506530762	2.53778934479
570.265686035	2.19092965126
571.024902344	3.5681707859
571.784057617	5.74529790878
572.543212891	5.18155002594
573.302429199	0.58906441927
574.061584473	-1.07261443138
574.820739746	-3.17838525772
575.57989502	-4.02505397797
576.339111328	3.23281741142
577.098266602	3.77096009254
577.857421875	4.18977117538
578.616638184	6.73073911667
579.375793457	2.5550069809
580.13494873	-4.59881353378
580.894165039	2.25554680824
581.653320313	1.46387052536
582.412475586	0.263815820217
583.171630859	4.48511743546
583.930847168	-2.0086209774
584.690002441	-4.58399629593
585.449157715	-0.310990363359
586.208374023	5.49784564972
586.967529297	2.4920732975
587.72668457	-2.69416451454
588.485900879	1.24056386948
589.245056152	1.38203895092
590.004211426	-1.03330206871
590.763366699	3.44134879112
591.522583008	3.69233846664
592.281738281	2.45761585236
593.040893555	3.32375359535
593.800109863	3.92583298683
594.559265137	3.3024687767
595.31842041	-0.381236106157
596.077575684	-1.10713160038
596.836791992	5.44534873962
597.595947266	6.45606374741
598.355102539	8.40780353546
599.114318848	-1.43054687977
599.873474121	11.5513210297
600.632629395	8.00130653381
601.391845703	6.43644666672
602.151000977	3.83668804169
602.91015625	-1.83352065086
603.669311523	1.04815840721
604.428527832	8.99398803711
605.187683105	6.314494133
605.946838379	1.63621366024
606.706054688	0.210514247417
607.465209961	3.78393507004
608.224365234	1.97542095184
608.983581543	-1.12782204151
609.742736816	-3.84103751183
610.50189209	-2.15367150307
611.261047363	-4.26876544952
612.020263672	-4.14228725433
612.779418945	0.897251367569
613.538574219	2.92011237144
614.297790527	0.577924251556
615.056945801	-6.90537929535
615.816101074	1.35770070553
616.575256348	1.06352972984
617.334472656	0.561368525028
618.09362793	1.3456735611
618.852783203	-0.712939858437
619.611999512	3.74754548073
620.371154785	9.05357933044
621.130310059	7.66488742828
621.889526367	5.46093654633
622.648681641	8.68378639221
623.407836914	7.5187125206
624.166992188	7.94648075104
624.926208496	9.01999568939
625.68536377	0.0381567962468
626.444519043	-1.7071249485
627.203735352	3.03930234909
627.962890625	7.97746944427
628.722045898	4.85138177872
629.481201172	8.61257743835
630.24041748	13.9491386414
630.999572754	6.80558681488
631.758728027	9.98871040344
632.517944336	3.2088778019
633.277099609	1.44152414799
634.036254883	7.30651760101
634.795471191	11.080327034
635.554626465	3.31938958168
636.313781738	1.41995584965
637.072937012	4.4053030014
637.83215332	4.06464862823
638.591308594	8.66133117676
639.350463867	16.5703926086
640.109680176	13.9339771271
640.868835449	13.9579973221
641.627990723	7.94268083572
642.387207031	11.5389614105
643.146362305	4.8727889061
643.905517578	4.37771320343
644.664672852	6.58595323563
645.42388916	6.79418802261
646.183044434	4.89030599594
646.942199707	5.38151264191
647.701416016	10.8838529587
648.460571289	12.9319972992
649.219726563	7.11066579819
649.978881836	12.2745637894
650.738098145	20.226266861
651.497253418	13.0576457977
652.256408691	7.48188972473
653.015625	1.07493555546
653.774780273	8.02315044403
654.533935547	11.7423458099
655.293151855	8.25737380981
656.052307129	8.98601531982
656.811462402	11.5065259933
657.570617676	10.5716838837
658.329833984	13.4390220642
659.088989258	16.9813690186
659.848144531	8.49656963348
660.60736084	3.05700016022
661.366516113	13.7972602844
662.125671387	14.5883712769
662.884887695	10.8893795013
663.644042969	11.5880670547
664.403198242	15.1028251648
665.162353516	16.3027954102
665.921569824	13.002790451
666.680725098	10.1624307632
667.439880371	9.90616226196
668.19909668	5.96090936661
668.958251953	4.69469976425
669.717407227	-0.715567529202
670.4765625	13.488445282
671.235778809	17.789056778
671.994934082	15.6337108612
672.754089355	14.5555124283
673.513305664	9.38496303558
674.272460938	11.8684711456
675.031616211	13.5542812347
675.79083252	13.1171607971
676.549987793	17.142250061
677.309143066	17.8548984528
678.06829834	14.1684093475
678.827514648	9.33498764038
679.586669922	0.932097494602
680.345825195	13.0778980255
681.105041504	17.985534668
681.864196777	13.5967292786
682.623352051	11.884390831
683.382568359	10.0448961258
684.141723633	12.4315719604
684.900878906	14.5530509949
685.66003418	8.55879116058
686.419250488	2.38953876495
687.178405762	9.45674133301
687.937561035	18.0192451477
688.696777344	12.970079422
689.455932617	8.97371387482
690.215087891	9.35919952393
690.974243164	9.7546043396
691.733459473	13.4057712555
692.492614746	11.3509950638
693.25177002	11.5718688965
694.010986328	8.53936576843
694.770141602	9.14694404602
695.529296875	13.4579515457
696.288513184	11.5450315475
697.047668457	9.1718044281
697.80682373	9.52858924866
698.565979004	8.97683429718
699.325195313	0.872736930847
700.084350586	3.34684610367
700.843505859	1.12491774559
701.602722168	12.3450317383
702.361877441	8.56515789032
703.121032715	8.19869041443
703.880249023	11.0954170227
704.639404297	11.3087081909
705.39855957	9.2192029953
706.157714844	6.85616922379
706.916931152	7.48856782913
707.676086426	13.9670410156
708.435241699	16.2200813293
709.194458008	13.5505990982
709.953613281	21.806552887
710.712768555	15.924446106
711.471923828	7.56052684784
712.231140137	9.97258853912
712.99029541	15.9018669128
713.749450684	9.84930419922
714.508666992	8.03869438171
715.267822266	14.7167978287
716.026977539	14.6971473694
716.786193848	8.86264228821
717.545349121	10.7528591156
718.304504395	13.6264123917
719.063659668	16.5888938904
719.822875977	24.522195816
720.58203125	17.4964427948
721.341186523	21.4785785675
722.100402832	18.971282959
722.859558105	15.5531330109
723.618713379	16.5962734222
724.377929688	19.691028595
725.137084961	18.6036300659
725.896240234	15.9423618317
726.655395508	16.9029064178
727.414611816	19.7831382751
728.17376709	21.2553863525
728.932922363	20.9337329865
729.692138672	32.1388549805
730.451293945	34.121723175
731.210449219	26.1584701538
731.969604492	22.0657444
732.728820801	22.6474075317
733.487976074	20.5408592224
734.247131348	19.9011077881
735.006347656	27.7195720673
735.76550293	29.2290649414
736.524658203	28.803943634
737.283874512	25.5961322784
738.043029785	11.7829942703
738.802185059	10.7926864624
739.561340332	18.659236908
740.320556641	25.9862155914
741.079711914	9.11869525909
741.838867188	23.2380523682
742.598083496	27.4015483856
743.35723877	20.6210956573
744.116394043	21.0276088715
744.875610352	26.9310798645
745.634765625	23.670217514
746.393920898	21.2450504303
747.153076172	23.6330089569
747.91229248	26.1584129333
748.671447754	20.2527446747
749.430603027	12.6029071808
750.189819336	29.7294616699
750.948974609	26.1709327698
751.708129883	16.3175106049
752.467285156	29.7412662506
753.226501465	28.2749099731
753.985656738	22.0481834412
754.744812012	29.8398571014
755.50402832	26.295009613
756.263183594	22.498550415
757.022338867	26.3884315491
757.781555176	28.1984424591
758.540710449	20.7750434875
759.299865723	17.3533096313
760.059020996	22.6665306091
760.818237305	23.9405155182
761.577392578	30.9289512634
762.336547852	38.3836364746
763.09576416	23.9487133026
763.854919434	22.2921772003
764.614074707	32.0417976379
765.37322998	21.4861221313
766.132446289	32.9420051575
766.891601563	35.2464065552
767.650756836	37.4684104919
768.409973145	34.6185417175
769.169128418	29.0223369598
769.928283691	27.0815601349
770.6875	27.0304718018
771.446655273	29.4694843292
772.205810547	36.8373603821
772.96496582	38.9993972778
773.724182129	33.9826278687
774.483337402	23.833902359
775.242492676	10.3127727509
776.001708984	18.4363822937
776.760864258	30.1854858398
777.520019531	33.6329536438
778.27923584	26.1968536377
779.038391113	29.31407547
779.797546387	34.4736557007
780.55670166	26.6122531891
781.315917969	23.6730728149
782.075073242	24.7156181335
782.834228516	25.5251312256
783.593444824	30.8784313202
784.352600098	31.9575500488
785.111755371	33.9111671448
785.870910645	36.6296157837
786.630126953	36.2824897766
787.389282227	31.3840408325
788.1484375	36.9414634705
788.907653809	33.9072189331
789.666809082	32.4575309753
790.425964355	34.9294128418
791.185180664	31.1281414032
791.944335938	37.2177124023
792.703491211	37.8106117249
793.462646484	33.2857284546
794.221862793	25.896276474
794.981018066	25.5190219879
795.74017334	30.463727951
796.499389648	29.4048728943
797.258544922	39.5758056641
798.017700195	38.9531402588
798.776916504	43.9318084717
799.536071777	39.9657020569
800.295227051	45.2961654663
801.054382324	43.1726455688
801.813598633	30.059425354
802.572753906	35.480556488
803.33190918	38.2072906494
804.091125488	44.4201774597
804.850280762	40.7357177734
805.609436035	36.6938209534
806.368591309	36.5711288452
807.127807617	38.0102119446
807.886962891	42.7309951782
808.646118164	42.4004478455
809.405334473	34.7084274292
810.164489746	40.9008140564
810.92364502	40.3277740479
811.682861328	35.6158409119
812.442016602	41.384979248
813.201171875	34.0172462463
813.960327148	44.4310836792
814.719543457	35.2059669495
815.47869873	37.2578659058
816.237854004	41.7696647644
816.997070313	51.3561973572
817.756225586	42.3423118591
818.515380859	36.540802002
819.274597168	48.1608886719
820.033752441	53.0728645325
820.792907715	42.9935646057
821.552062988	39.005317688
822.311279297	45.2558517456
823.07043457	43.3249778748
823.829589844	32.8620109558
824.588806152	43.5290641785
825.347961426	50.7619628906
826.107116699	43.4662513733
826.866271973	38.9073104858
827.625488281	34.3585090637
828.384643555	51.1187057495
829.143798828	35.2768974304
829.903015137	46.5421829224
830.66217041	49.0882835388
831.421325684	42.4311523438
832.180541992	47.5217857361
832.939697266	46.4786529541
833.698852539	47.4713935852
834.458007813	49.6318588257
835.217224121	45.8299293518
835.976379395	51.6130905151
836.735534668	46.7967185974
837.494750977	37.9796829224
838.25390625	41.406337738
839.013061523	43.0665588379
839.772277832	52.4028778076
840.531433105	41.4425201416
841.290588379	33.0630836487
842.049743652	44.4007797241
842.808959961	53.5889205933
843.568115234	53.9117965698
844.327270508	51.7017326355
845.086486816	44.5613212585
845.84564209	44.329498291
846.604797363	47.4878387451
847.363952637	40.884021759
848.123168945	42.7219581604
848.882324219	54.4527664185
849.641479492	52.8961296082
850.400695801	44.0508041382
851.159851074	40.1571159363
851.919006348	44.8707122803
852.678222656	39.0320549011
853.43737793	44.8539733887
854.196533203	47.4921455383
854.955688477	34.8538131714
855.714904785	55.1587562561
856.474060059	51.4999923706
857.233215332	50.4708518982
857.992431641	40.7829818726
858.751586914	45.8953819275
859.510742188	47.231552124
860.269958496	44.0562400818
861.02911377	52.3486633301
861.788269043	49.9098548889
862.547424316	42.6759567261
863.306640625	44.4500770569
864.065795898	45.9519882202
864.824951172	40.8287010193
865.58416748	33.3315391541
866.343322754	36.0766563416
867.102478027	30.0936908722
867.861633301	29.9875831604
868.620849609	40.6439399719
869.380004883	44.6732978821
870.139160156	36.7619400024
870.898376465	24.3382339478
871.657531738	32.9103050232
872.416687012	28.0522289276
873.17590332	25.9993095398
873.935058594	33.8573150635
874.694213867	33.3509864807
875.453369141	24.7585964203
876.212585449	22.3828773499
876.971740723	24.4592819214
877.730895996	24.972864151
878.490112305	20.7573471069
879.249267578	21.3844566345
880.008422852	26.5886230469
880.767578125	24.0183887482
881.526794434	23.8555603027
882.285949707	26.1154060364
883.04510498	27.5133132935
883.804321289	22.6438045502
884.563476563	27.8458175659
885.322631836	19.4283866882
886.081848145	18.9405460358
886.841003418	26.2728404999
887.600158691	14.5983133316
888.359313965	30.3796730042
889.118530273	20.1156177521
889.877685547	24.8951931
890.63684082	22.4110183716
891.396057129	19.1286373138
892.155212402	18.2002658844
892.914367676	18.0451793671
893.673583984	18.2562065125
894.432739258	19.4294719696
895.191894531	16.4171772003
895.951049805	16.2744960785
896.710266113	21.3447303772
897.469421387	17.588186264
898.22857666	13.9765872955
898.987792969	13.7197952271
899.746948242	11.1039838791
900.506103516	7.90803384781
901.265258789	8.78932380676
902.024475098	4.91168212891
902.783630371	10.5590391159
903.542785645	15.2751226425
904.302001953	7.80986452103
905.061157227	5.89650726318
905.8203125	16.7596244812
906.579528809	8.08559513092
907.338684082	0.945248305798
908.097839355	8.17483520508
908.856994629	2.70885038376
909.616210938	1.7922680378
910.375366211	4.72502565384
911.134521484	7.82720184326
911.893737793	3.48367881775
912.652893066	-1.35671103001
913.41204834	-0.450412034988
914.171264648	5.52530908585
914.930419922	10.3309001923
915.689575195	0.970307707787
916.448730469	0.259220898151
917.207946777	1.47149908543
917.967102051	13.4524440765
918.726257324	5.01793813705
919.485473633	5.05118513107
920.244628906	-4.59062719345
921.00378418	6.39094352722
921.762939453	-3.01922464371
922.522155762	-2.09977793694
923.281311035	-4.34707403183
924.040466309	-10.8990421295
924.799682617	3.63495254517
925.558837891	-2.8227314949
926.317993164	-1.5249683857
927.077209473	3.69245195389
927.836364746	1.94256210327
928.59552002	0.665419995785
929.354675293	-1.61376678944
930.113891602	-5.89756727219
930.873046875	-2.79755783081
931.632202148	-1.45551347733
932.391418457	-6.60369348526
933.15057373	-4.3117442131
933.909729004	-1.42935550213
934.668945313	-2.36427879333
935.428100586	3.02822613716
936.187255859	-5.32559108734
936.946411133	-3.87545371056
937.705627441	4.94828987122
938.464782715	-2.47521448135
939.223937988	-2.38129353523
939.983154297	2.63071322441
940.74230957	-11.7736721039
941.501464844	-7.02546930313
942.260620117	-10.7611989975
943.019836426	-7.65998983383
943.778991699	1.31575214863
944.538146973	-10.3790512085
945.297363281	-5.32192182541
946.056518555	-0.179315373302
946.815673828	-1.58153903484
947.574890137	-3.74738693237
948.33404541	-11.5467357635
949.093200684	-11.2500610352
949.852355957	-8.15106391907
950.611572266	-5.47351312637
951.370727539	-8.33926868439
952.129882813	-8.75231075287
952.889099121	-6.55544185638
953.648254395	-9.34610843658
954.407409668	-6.79255247116
955.166625977	-4.94742918015
955.92578125	-11.0280284882
956.684936523	-12.5141143799
957.444091797	-3.26445174217
958.203308105	-4.17698860168
958.962463379	-10.5069007874
959.721618652	-3.15544724464
960.480834961	-12.8926448822
961.239990234	-19.7275772095
961.999145508	-13.4153242111
962.758300781	-18.7865867615
963.51751709	-14.5256166458
964.276672363	-16.0590209961
965.035827637	-14.6699991226
965.795043945	-5.90057516098
966.554199219	-6.07283353806
967.313354492	-20.4478054047
968.072570801	-21.4954128265
968.831726074	-14.1864700317
969.590881348	-10.8082828522
970.350036621	-10.5926628113
971.10925293	-20.8162956238
971.868408203	-26.245267868
972.627563477	-26.1107788086
973.386779785	-23.9994049072
974.145935059	-24.1537494659
974.905090332	-21.9581336975
975.664306641	-18.3936214447
976.423461914	-24.0238265991
977.182617188	-24.9535770416
977.941772461	-18.9674339294
978.70098877	-26.7056694031
979.460144043	-28.2303752899
980.219299316	-18.1876220703
980.978515625	-21.2932128906
981.737670898	-26.2778186798
982.496826172	-24.2566413879
983.255981445	-29.0657100677
984.015197754	-25.5919246674
984.774353027	-17.3804244995
985.533508301	-25.7044773102
986.292724609	-22.6207523346
987.051879883	-28.2596263885
987.811035156	-22.5195617676
988.570251465	-20.7484588623
989.329406738	-24.8023548126
990.088562012	-23.4969062805
990.847717285	-31.8491725922
991.606933594	-34.2067451477
992.366088867	-33.6449661255
993.125244141	-27.9236545563
993.884460449	-28.9037265778
994.643615723	-24.5336265564
995.402770996	-27.9066143036
996.161987305	-30.8190593719
996.921142578	-22.5563812256
997.680297852	-27.2325611115
998.439453125	-33.6694221497
999.198669434	-31.8099727631
999.957824707	-30.0274276733
1000.71697998	-27.1320133209
1001.47619629	-30.2396945953
1002.23535156	-33.7793388367
1002.99450684	-29.0504589081
1003.75366211	-29.7296142578
1004.51287842	-33.0235137939
1005.27203369	-27.0879993439
1006.03118896	-15.562702179
1006.79040527	-21.3899269104
1007.54956055	-21.8206996918
1008.30871582	-23.1306686401
1009.06793213	-26.0623397827
1009.8270874	-28.5754203796
1010.58624268	-28.9258861542
1011.34539795	-24.4376678467
1012.10461426	-26.8830108643
1012.86376953	-17.3380451202
1013.6229248	-15.9808387756
1014.38214111	-30.9763221741
1015.14129639	-25.4633541107
1015.90045166	-25.7652511597
1016.65960693	-16.008523941
1017.41882324	-19.8379306793
1018.17797852	-18.1462516785
1018.93713379	-20.6588726044
1019.6963501	-30.325712204
1020.45550537	-21.5984802246
1021.21466064	-19.2650947571
1021.97387695	-19.2308387756
1022.73303223	-21.4055080414
1023.4921875	-26.7608108521
1024.25134277	-20.4504184723
1025.01049805	-20.4412345886
1025.76977539	-23.1251926422
1026.52893066	-29.2358055115
1027.28808594	-33.0812683105
1028.04724121	-34.6056060791
1028.80639648	-26.5494709015
1029.56555176	-23.2445106506
1030.32470703	-20.7236690521
1031.08398438	-21.8922157288
1031.84313965	-25.3446578979
1032.60229492	-23.4390201569
1033.3614502	-17.6514396667
1034.12060547	-17.2554912567
1034.87976074	-25.2408447266
1035.63891602	-22.6958789825
1036.39819336	-21.2531280518
1037.15734863	-25.9289875031
1037.91650391	-16.8245124817
1038.67565918	-12.5888271332
1039.43481445	-20.8687210083
1040.19396973	-27.6559085846
1040.953125	-26.0233879089
1041.71240234	-24.6970767975
1042.47155762	-21.3674583435
1043.23071289	-31.2263031006
1043.98986816	-33.8880462646
1044.74902344	-22.3694648743
1045.50817871	-17.6564998627
1046.26745605	-22.8065986633
1047.02661133	-17.9301815033
1047.7857666	-23.0562820435
1048.54492188	-19.3549442291
1049.30407715	-21.7993125916
1050.06323242	-22.5603466034
1050.8223877	-11.912612915
1051.58166504	-21.0513896942
1052.34082031	-28.2524261475
1053.09997559	-25.8173389435
1053.85913086	-22.925113678
1054.61828613	-25.0121841431
1055.37744141	-22.5940647125
1056.13659668	-21.7806968689
1056.89587402	-23.8326969147
1057.6550293	-24.1023979187
1058.41418457	-26.0252666473
1059.17333984	-22.0016174316
1059.93249512	-22.7148456573
1060.69165039	-25.2421913147
1061.45080566	-31.6745815277
1062.21008301	-16.762348175
1062.96923828	-14.4432592392
1063.72839355	-23.0109939575
1064.48754883	-24.8299808502
1065.2467041	-23.7554130554
1066.00585938	-25.9839935303
1066.76513672	-20.996213913
1067.52429199	-19.8212432861
1068.28344727	-13.0376291275
1069.04260254	-14.0971565247
1069.80175781	-22.2294063568
1070.56091309	-25.4998092651
1071.32006836	-25.661523819
1072.0793457	-28.4917526245
1072.83850098	-23.0411930084
1073.59765625	-22.5415458679
1074.35681152	-28.5264415741
1075.1159668	-19.920791626
1075.87512207	-18.6387805939
1076.63427734	-27.39320755
1077.39355469	-23.0473213196
1078.15270996	-19.7698726654
1078.91186523	-20.366645813
1079.67102051	-19.1467227936
1080.43017578	-19.5008049011
1081.18933105	-21.9301586151
1081.94848633	-21.8858184814
1082.70776367	-26.5110759735
1083.46691895	-25.0623168945
1084.22607422	-19.9946155548
1084.98522949	-17.8241767883
1085.74438477	-22.0797328949
1086.50354004	-27.5556564331
1087.26281738	-31.3018856049
1088.02197266	-22.3938369751
1088.78112793	-19.3497123718
1089.5402832	-19.015958786
1090.29943848	-22.8729095459
1091.05859375	-14.5572834015
1091.81774902	-19.759677887
1092.57702637	-26.1236133575
1093.33618164	-21.4438514709
1094.09533691	-18.9595851898
1094.85449219	-20.9610977173
1095.61364746	-18.4910068512
1096.37280273	-21.0446891785
1097.13195801	-24.4664897919
1097.89123535	-19.2019615173
1098.65039063	-16.991651535
1099.4095459	-17.0604114532
1100.16870117	-13.3417387009
1100.92785645	-4.60225439072
1101.68701172	-14.6867742538
1102.44616699	-13.8923587799
1103.20544434	-17.2321853638
1103.96459961	-15.9403171539
1104.72375488	-23.7476921082
1105.48291016	-12.8402385712
1106.24206543	-18.3392028809
1107.0012207	-26.1297779083
1107.76049805	-25.9482574463
1108.51965332	-15.4553861618
1109.27880859	-20.8846626282
1110.03796387	-15.3743047714
1110.79711914	-10.9401330948
1111.55627441	-21.9690818787
1112.31542969	-15.0709657669
1113.07470703	-13.4897871017
1113.8338623	-11.6551189423
1114.59301758	-9.98585510254
1115.35217285	-11.1593341827
1116.11132813	-8.1238899231
1116.8704834	-7.65280723572
1117.62963867	-15.0835800171
1118.38891602	-13.9302425385
1119.14807129	-11.5877923965
1119.90722656	-15.8239545822
1120.66638184	-18.0157432556
1121.42553711	-5.78413295746
1122.18469238	-10.3889169693
1122.94384766	-4.09190654755
1123.703125	-9.88852024078
1124.46228027	-11.7151975632
1125.22143555	-11.5041255951
1125.98059082	-10.5185165405
1126.73974609	-3.52521681786
1127.49890137	-3.97625350952
1128.25817871	-1.80115711689
1129.01733398	-6.49053621292
1129.77648926	-2.38148355484
1130.53564453	-0.202728778124
1131.2947998	-0.389544159174
1132.05395508	-5.90866565704
1132.81311035	4.19043827057
1133.5723877	-1.68246948719
1134.33154297	-1.55324482918
1135.09069824	-0.70292031765
1135.84985352	-5.23998594284
1136.60900879	-4.31455755234
1137.36816406	-4.32714796066
1138.12731934	-0.681993365288
1138.88659668	6.38201904297
1139.64575195	13.7734203339
1140.40490723	10.342830658
1141.1640625	-1.72173154354
1141.92321777	0.739493787289
1142.68237305	-0.186762496829
1143.44152832	1.95219731331
1144.20080566	3.94058704376
1144.95996094	2.78862285614
1145.71911621	16.9791564941
1146.47827148	15.0443563461
1147.23742676	11.7932710648
1147.99658203	6.43570947647
1148.75585938	4.48104476929
1149.51501465	4.16495704651
1150.27416992	19.4832077026
1151.0333252	16.8684139252
1151.79248047	20.3132514954
1152.55163574	10.1239948273
1153.31079102	31.9831695557
1154.07006836	19.7194232941
1154.82922363	15.1457357407
1155.58837891	17.9646587372
1156.34753418	23.3686313629
1157.10668945	15.3289422989
1157.86584473	15.5461187363
1158.625	27.9481086731
1159.38427734	22.9289913177
1160.14343262	18.5210456848
1160.90258789	14.8490009308
1161.66174316	18.1072845459
1162.42089844	19.5827312469
1163.18005371	26.3516044617
1163.93920898	29.7266178131
1164.69848633	25.3081169128
1165.4576416	18.0843143463
1166.21679688	21.4552383423
1166.97595215	21.8928127289
1167.73510742	16.5558490753
1168.4942627	19.5116119385
1169.25354004	23.910036087
1170.01269531	29.1389312744
1170.77185059	25.2085552216
1171.53100586	17.6626701355
1172.29016113	23.8196353912
1173.04931641	28.8471450806
1173.80847168	26.3483486176
1174.56774902	21.9777908325
1175.3269043	24.1532802582
1176.08605957	30.3524513245
1176.84521484	25.5020008087
1177.60437012	32.1926879883
1178.36352539	35.3644828796
1179.12268066	23.5508060455
1179.88195801	27.6126823425
1180.64111328	17.3787784576
1181.40026855	26.3848342896
1182.15942383	21.0903224945
1182.9185791	32.9545936584
1183.67773438	27.7432117462
1184.43688965	17.8190002441
1185.19616699	24.7777576447
1185.95532227	39.0919647217
1186.71447754	25.488904953
1187.47363281	20.1669273376
1188.23278809	34.7732620239
1188.99194336	39.0569839478
1189.7512207	28.1378860474
1190.51037598	27.8402919769
1191.26953125	32.4551734924
1192.02868652	44.8043251038
1192.7878418	26.6535339355
1193.54699707	22.5947399139
1194.30615234	29.3995628357
1195.06542969	27.5431957245
1195.82458496	26.7668113708
1196.58374023	29.6800327301
1197.34289551	21.1911849976
1198.10205078	22.0419368744
1198.86120605	21.4714546204
1199.62036133	24.7884235382
1200.37963867	32.1037940979
1201.13879395	20.7685546875
1201.89794922	34.0848999023
1202.65710449	28.3007316589
1203.41625977	33.0052757263
1204.17541504	33.0057144165
1204.93457031	36.9322433472
1205.69384766	24.8640518188
1206.45300293	36.6621589661
1207.2121582	38.7125282288
1207.97131348	24.6477222443
1208.73046875	22.8163757324
1209.48962402	35.8209037781
1210.2487793	45.0488243103
1211.00805664	39.1652030945
1211.76721191	37.9371299744
1212.52636719	33.6090774536
1213.28552246	38.1681747437
1214.04467773	41.171787262
1214.80383301	43.6218147278
1215.56311035	43.4194068909
1216.32226563	35.491809845
1217.0814209	40.1880493164
1217.84057617	45.9142570496
1218.59973145	49.0197410583
1219.35888672	43.873085022
1220.11804199	34.0501022339
1220.87731934	39.9688491821
1221.63647461	44.5488204956
1222.39562988	37.1625404358
1223.15478516	43.5089302063
1223.91394043	58.195098877
1224.6730957	58.0934295654
1225.43225098	52.8862266541
1226.19152832	67.0873260498
1226.95068359	65.5150146484
1227.70983887	50.8933830261
1228.46899414	49.0807723999
1229.22814941	50.764377594
1229.98730469	58.915271759
1230.74645996	60.8229370117
1231.5057373	53.9681892395
1232.26489258	53.983581543
1233.02404785	71.4624176025
1233.78320313	68.5515441895
1234.5423584	67.0854873657
1235.30151367	67.8831100464
1236.06079102	68.5338516235
1236.81994629	95.9678268433
1237.57910156	88.8700637817
1238.33825684	71.6601791382
1239.09741211	54.6473731995
1239.85656738	63.1658782959
1240.61572266	65.7406616211
1241.375	75.3017425537
1242.13415527	89.8975830078
1242.89331055	86.1690750122
1243.65246582	81.1984481812
1244.41162109	81.9841079712
1245.17077637	88.311088562
1245.92993164	84.6561889648
1246.68920898	80.6349411011
1247.44836426	98.7457885742
1248.20751953	90.5089263916
1248.9666748	88.6668395996
1249.72583008	112.025192261
1250.48498535	103.351860046
1251.24414063	97.2763748169
1252.00341797	85.9854049683
1252.76257324	105.784492493
1253.52172852	97.8386459351
1254.28088379	107.089508057
1255.04003906	104.980209351
1255.79919434	101.963256836
1256.55847168	93.8647918701
1257.31762695	112.94720459
1258.07678223	125.183670044
1258.8359375	124.975547791
1259.59509277	118.760475159
1260.35424805	118.338737488
1261.11340332	123.865913391
1261.87268066	138.118392944
1262.63183594	128.166564941
1263.39099121	127.83052063
1264.15014648	136.930145264
1264.90930176	148.199081421
1265.66845703	144.296447754
1266.4276123	146.609939575
1267.18688965	142.002868652
1267.94604492	144.89692688
1268.7052002	160.07673645
1269.46435547	155.641143799
1270.22351074	170.210861206
1270.98266602	165.890625
1271.74182129	151.433364868
1272.50109863	169.350219727
1273.26025391	169.301528931
1274.01940918	185.194488525
1274.77856445	164.256454468
1275.53771973	183.30430603
1276.296875	169.146179199
1277.05615234	181.801986694
1277.81530762	191.252502441
1278.57446289	204.387283325
1279.33361816	204.761383057
1280.09277344	197.046798706
1280.85192871	208.448303223
1281.61108398	202.284011841
1282.37036133	208.947692871
1283.1295166	211.485733032
1283.88867188	207.693145752
1284.64782715	207.845123291
1285.40698242	225.901107788
1286.1661377	222.335571289
1286.92529297	229.894790649
1287.68457031	221.652038574
1288.44372559	231.998916626
1289.20288086	247.844512939
1289.96203613	240.756149292
1290.72119141	255.382507324
1291.48034668	265.677124023
1292.23950195	259.96975708
1292.9987793	281.932128906
1293.75793457	276.474029541
1294.51708984	275.597137451
1295.27624512	291.012756348
1296.03540039	298.859863281
1296.79455566	281.845397949
1297.55383301	280.850341797
1298.31298828	323.192260742
1299.07214355	335.517608643
1299.83129883	304.354888916
1300.5904541	338.596923828
1301.34960938	338.707824707
1302.10876465	354.890289307
1302.86804199	338.672973633
1303.62719727	327.594451904
1304.38635254	344.811065674
1305.14550781	352.739837646
1305.90466309	350.408630371
1306.66381836	365.832763672
1307.42297363	355.105926514
1308.18225098	367.532287598
1308.94140625	392.296722412
1309.70056152	405.426055908
1310.4597168	400.225952148
1311.21887207	376.802062988
1311.97802734	405.710388184
1312.73718262	414.358673096
1313.49645996	426.059387207
1314.25561523	430.184539795
1315.01477051	437.477935791
1315.77392578	464.019775391
1316.53308105	446.594116211
1317.29223633	457.526580811
1318.05151367	464.655395508
1318.81066895	452.125274658
1319.56982422	463.053924561
1320.32897949	477.04989624
1321.08813477	485.418945313
1321.84729004	481.335510254
1322.60644531	463.888153076
1323.36572266	504.395202637
1324.12487793	512.613647461
1324.8840332	498.267364502
1325.64318848	527.606628418
1326.40234375	503.913208008
1327.16149902	531.72064209
1327.9206543	562.856018066
1328.67993164	522.203735352
1329.43908691	504.931182861
1330.19824219	519.992370605
1330.95739746	552.976867676
1331.71655273	575.532165527
1332.47570801	559.112060547
1333.23486328	547.213562012
1333.99414063	533.247070313
1334.7532959	566.431335449
1335.51245117	569.530212402
1336.27160645	587.154846191
1337.03076172	558.402282715
1337.78991699	569.862915039
1338.54919434	606.870300293
1339.30834961	570.809753418
1340.06750488	578.393249512
1340.82666016	594.229675293
1341.58581543	579.100463867
1342.3449707	586.59954834
1343.10412598	598.125488281
1343.86340332	585.168029785
1344.62255859	586.206054688
1345.38171387	578.840087891
1346.14086914	582.067565918
1346.90002441	574.639892578
1347.65917969	594.316650391
1348.41833496	569.048339844
1349.1776123	585.143066406
1349.93676758	590.123596191
1350.69592285	575.520751953
1351.45507813	578.671264648
1352.2142334	600.498168945
1352.97338867	577.371337891
1353.73254395	562.137817383
1354.49182129	560.969116211
1355.25097656	557.997924805
1356.01013184	564.482543945
1356.76928711	530.430725098
1357.52844238	545.241210938
1358.28759766	545.173522949
1359.046875	543.10168457
1359.80603027	525.755004883
1360.56518555	531.57019043
1361.32434082	530.580932617
1362.08349609	523.263977051
1362.84265137	514.804016113
1363.60180664	514.609436035
1364.36108398	511.422943115
1365.12023926	496.062652588
1365.87939453	479.963439941
1366.6385498	499.821350098
1367.39770508	494.695007324
1368.15686035	463.221038818
1368.91601563	459.717987061
1369.67529297	469.834014893
1370.43444824	451.41305542
1371.19360352	442.412841797
1371.95275879	437.815368652
1372.71191406	437.486541748
1373.47106934	426.9972229
1374.23022461	413.220367432
1374.98950195	420.255584717
1375.74865723	409.770294189
1376.5078125	399.636108398
1377.26696777	405.770568848
1378.02612305	401.424041748
1378.78527832	387.454681396
1379.54455566	384.902862549
1380.30371094	377.248809814
1381.06286621	365.947753906
1381.82202148	369.653808594
1382.58117676	355.903930664
1383.34033203	334.324249268
1384.0994873	343.281097412
1384.85876465	338.909637451
1385.61791992	343.597442627
1386.3770752	323.670043945
1387.13623047	311.762817383
1387.89538574	335.725372314
1388.65454102	302.58493042
1389.41369629	304.201507568
1390.17297363	299.973419189
1390.93212891	256.083526611
1391.69128418	272.523742676
1392.45043945	256.51361084
1393.20959473	255.104156494
1393.96875	255.302398682
1394.72790527	268.381774902
1395.48718262	246.377532959
1396.24633789	243.311080933
1397.00549316	240.727294922
1397.76464844	236.405410767
1398.52380371	219.946990967
1399.28295898	243.514633179
1400.04223633	220.702301025
1400.8013916	231.47038269
1401.56054688	201.059997559
1402.31970215	214.788024902
1403.07885742	215.247940063
1403.8380127	188.193389893
1404.59716797	194.022018433
1405.35644531	203.160247803
1406.11560059	191.057296753
1406.87475586	187.024108887
1407.63391113	183.307449341
1408.39306641	166.33505249
1409.15222168	156.740951538
1409.91137695	169.626571655
1410.6706543	164.200958252
1411.42980957	161.176559448
1412.18896484	160.36315918
1412.94812012	152.024978638
1413.70727539	154.925018311
1414.46643066	152.687362671
1415.22558594	133.017456055
1415.98486328	140.332443237
1416.74401855	145.249938965
1417.50317383	141.622879028
1418.2623291	136.70350647
1419.02148438	136.781097412
1419.78063965	124.93888855
1420.53991699	126.265533447
1421.29907227	121.205795288
1422.05822754	108.798950195
1422.81738281	111.736953735
1423.57653809	105.603111267
1424.33569336	112.506629944
1425.09484863	119.225151062
1425.85412598	113.95615387
1426.61328125	82.8116378784
1427.37243652	94.6579666138
1428.1315918	89.5830841064
1428.89074707	119.670379639
1429.64990234	88.3712005615
1430.40905762	92.9268798828
1431.16833496	108.53263855
1431.92749023	84.6638717651
1432.68664551	88.8138504028
1433.44580078	77.9707260132
1434.20495605	66.2676773071
1434.96411133	65.7486419678
1435.7232666	65.8284301758
1436.48254395	53.9864997864
1437.24169922	51.3719482422
1438.00085449	51.2051544189
1438.76000977	69.0249328613
1439.51916504	64.8368301392
1440.27832031	65.2963790894
1441.03759766	66.4048843384
1441.79675293	50.1581344604
1442.5559082	61.8716506958
1443.31506348	59.5616645813
1444.07421875	50.4222717285
1444.83337402	42.039352417
1445.5925293	38.0521202087
1446.35180664	49.1042938232
1447.11096191	56.4111289978
1447.87011719	50.4044303894
1448.62927246	39.4033432007
1449.38842773	32.1781997681
1450.14758301	42.1719245911
1450.90673828	49.725528717
1451.66601563	25.9908943176
1452.4251709	34.1305580139
1453.18432617	45.9370880127
1453.94348145	50.5686340332
1454.70263672	34.6646537781
1455.46179199	35.0029220581
1456.22094727	36.4256057739
1456.98022461	27.5741519928
1457.73937988	37.8587722778
1458.49853516	25.4638881683
1459.25769043	26.0341529846
1460.0168457	3.46421909332
1460.77600098	30.353635788
1461.53515625	30.544506073
1462.29443359	29.7376689911
1463.05358887	21.1305046082
1463.81274414	7.20858240128
1464.57189941	25.0154800415
1465.33105469	23.029592514
1466.09020996	17.9401893616
1466.8494873	23.0965480804
1467.60864258	22.8447303772
1468.36779785	30.3462085724
1469.12695313	30.9081726074
1469.8861084	30.2920970917
1470.64526367	16.8679161072
1471.40441895	3.45008182526
1472.16369629	3.58208727837
1472.92285156	10.2324914932
1473.68200684	14.8849096298
1474.44116211	-0.381312906742
1475.20031738	-4.72468328476
1475.95947266	5.4052734375
1476.71862793	16.9777965546
1477.47790527	6.67932128906
1478.23706055	9.11146354675
1478.99621582	28.2839622498
1479.75537109	1.94260549545
1480.51452637	-2.3657310009
1481.27368164	10.9637498856
1482.03283691	17.3870429993
1482.79211426	7.88995838165
1483.55126953	-2.66542458534
1484.3104248	8.66867733002
1485.06958008	3.48465108871
1485.82873535	4.69759750366
1486.58789063	4.40999507904
1487.34716797	5.8659620285
1488.10632324	6.03551292419
1488.86547852	23.3934173584
1489.62463379	14.8487358093
1490.38378906	15.2394771576
1491.14294434	11.8149728775
1491.90209961	18.6501731873
1492.66137695	15.6957397461
1493.42053223	20.8485069275
1494.1796875	20.7689113617
1494.93884277	12.5164651871
1495.69799805	18.0593070984
1496.45715332	11.0112667084
1497.21630859	23.7189044952
1497.97558594	32.7565956116
1498.73474121	38.5425415039
1499.49389648	23.8334903717
1500.25305176	21.3911647797
1501.01220703	18.8427581787
1501.7713623	24.8132133484
1502.53051758	31.6507320404
1503.28979492	43.9935417175
1504.0489502	41.3829994202
1504.80810547	56.9334106445
1505.56726074	32.6210899353
1506.32641602	47.9456062317
1507.08557129	34.0574188232
1507.84484863	41.8967475891
1508.60400391	35.0446929932
1509.36315918	45.5942497253
1510.12231445	48.6479530334
1510.88146973	55.3419799805
1511.640625	56.9711265564
1512.39978027	70.3448410034
1513.15905762	72.1560897827
1513.91821289	84.0342636108
1514.67736816	75.1932525635
1515.43652344	83.418586731
1516.19567871	90.0479812622
1516.95483398	83.8264160156
1517.71398926	76.9491500854
1518.4732666	89.7763366699
1519.23242188	66.9672470093
1519.99157715	73.442527771
1520.75073242	108.552383423
1521.5098877	85.1010818481
1522.26904297	94.3118362427
1523.02819824	78.94140625
1523.78747559	87.1287536621
1524.54663086	96.5210876465
1525.30578613	82.687828064
1526.06494141	120.884544373
1526.82409668	119.935684204
1527.58325195	114.036445618
1528.3425293	118.356491089
1529.10168457	107.866127014
1529.86083984	115.671112061
1530.61999512	136.812469482
1531.37915039	136.663604736
1532.13830566	132.676589966
1532.89746094	131.116775513
1533.65673828	122.225692749
1534.41589355	129.592269897
1535.17504883	143.491989136
1535.9342041	163.126373291
1536.69335938	157.111358643
1537.45251465	147.725006104
1538.21166992	157.772598267
1538.97094727	145.496520996
1539.73010254	159.422897339
1540.48925781	167.2084198
1541.24841309	154.274887085
1542.00756836	177.737579346
1542.76672363	180.855560303
1543.52587891	185.13369751
1544.28515625	181.389648438
1545.04431152	198.571777344
1545.8034668	208.578842163
1546.56262207	190.723556519
1547.32177734	207.169296265
1548.08093262	225.930023193
1548.84020996	221.397216797
1549.59936523	214.721252441
1550.35852051	228.09777832
1551.11767578	247.162841797
1551.87683105	253.143173218
1552.63598633	259.577850342
1553.3951416	234.981796265
1554.15441895	270.210754395
1554.91357422	283.29309082
1555.67272949	297.810302734
1556.43188477	300.649169922
1557.19104004	292.53515625
1557.95019531	307.030456543
1558.70935059	323.182525635
1559.46862793	325.348175049
1560.2277832	310.735778809
1560.98693848	312.384155273
1561.74609375	318.172607422
1562.50524902	327.08972168
1563.2644043	335.306335449
1564.02355957	346.337036133
1564.78283691	360.374542236
1565.54199219	354.426849365
1566.30114746	360.488464355
1567.06030273	381.924621582
1567.81945801	384.11730957
1568.57861328	406.643676758
1569.33789063	414.99331665
1570.0970459	422.203277588
1570.85620117	432.756378174
1571.61535645	445.808013916
1572.37451172	454.821838379
1573.13366699	446.776000977
1573.89282227	454.799438477
1574.65209961	452.5184021
1575.41125488	461.898284912
1576.17041016	475.147247314
1576.92956543	486.349395752
1577.6887207	511.28036499
1578.44787598	510.16229248
1579.20703125	531.905883789
1579.96630859	541.019775391
1580.72546387	540.160766602
1581.48461914	547.09942627
1582.24377441	558.391601563
1583.00292969	571.512145996
1583.76208496	582.374938965
1584.52124023	591.342468262
1585.28051758	605.360961914
1586.03967285	593.702453613
1586.79882813	608.952575684
1587.5579834	615.024291992
1588.31713867	627.356262207
1589.07629395	631.684082031
1589.83557129	642.40222168
1590.59472656	630.229187012
1591.35388184	628.950622559
1592.11303711	634.405456543
1592.87219238	655.221252441
1593.63134766	660.01574707
1594.39050293	665.028198242
1595.14978027	651.308532715
1595.90893555	660.777160645
1596.66809082	675.278991699
1597.42724609	671.371826172
1598.18640137	697.580383301
1598.94555664	689.091674805
1599.70471191	688.506469727
1600.46398926	686.307312012
1601.22314453	706.700317383
1601.9822998	688.424194336
1602.74145508	689.57421875
1603.50061035	679.003967285
1604.25976563	694.982971191
1605.0189209	694.088012695
1605.77819824	664.337036133
1606.53735352	666.361816406
1607.29650879	671.973449707
1608.05566406	674.834777832
1608.81481934	650.959533691
1609.57397461	641.874389648
1610.33325195	633.580322266
1611.09240723	615.249511719
1611.8515625	619.016052246
1612.61071777	609.881958008
1613.36987305	626.827575684
1614.12902832	589.36895752
1614.88818359	598.379272461
1615.64746094	598.481750488
1616.40661621	570.049621582
1617.16577148	553.3828125
1617.92492676	545.907897949
1618.68408203	542.808349609
1619.4432373	536.672180176
1620.20239258	518.019836426
1620.96166992	507.838348389
1621.7208252	502.736297607
1622.47998047	485.081878662
1623.23913574	491.873718262
1623.99829102	475.360839844
1624.75744629	451.352355957
1625.51660156	432.11505127
1626.27587891	423.5597229
1627.03503418	410.727752686
1627.79418945	407.577728271
1628.55334473	392.550079346
1629.3125	385.222167969
1630.07165527	375.52746582
1630.83093262	355.05178833
1631.59008789	349.495025635
1632.34924316	354.077301025
1633.10839844	343.03817749
1633.86755371	322.596893311
1634.62670898	319.004669189
1635.38586426	313.24005127
1636.1451416	301.878295898
1636.90429688	281.374053955
1637.66345215	279.521514893
1638.42260742	281.938140869
1639.1817627	262.842681885
1639.94091797	262.855621338
1640.70007324	245.810256958
1641.45935059	242.681930542
1642.21850586	232.074142456
1642.97766113	231.505233765
1643.73681641	221.88432312
1644.49597168	205.15322876
1645.25512695	205.627593994
1646.01428223	202.018218994
1646.77355957	204.601623535
1647.53271484	186.943527222
1648.29187012	183.256515503
1649.05102539	170.997055054
1649.81018066	171.339767456
1650.56933594	157.799591064
1651.32861328	151.329833984
1652.08776855	146.397521973
1652.84692383	144.846740723
1653.6060791	140.879684448
1654.36523438	137.422531128
1655.12438965	124.040008545
1655.88354492	125.129173279
1656.64282227	117.246368408
1657.40197754	117.816337585
1658.16113281	111.170394897
1658.92028809	107.902236938
1659.67944336	92.5707473755
1660.43859863	105.013763428
1661.19775391	95.8285827637
1661.95703125	86.0751647949
1662.71618652	79.2873153687
1663.4753418	81.9289169312
1664.23449707	71.8729705811
1664.99365234	66.4630889893
1665.75280762	63.7819595337
1666.51196289	62.3407020569
1667.27124023	62.8522415161
1668.03039551	60.6310119629
1668.78955078	57.9273643494
1669.54870605	52.0960769653
1670.30786133	49.4978485107
1671.0670166	47.3702354431
1671.82629395	46.5805358887
1672.58544922	38.9296226501
1673.34460449	35.222114563
1674.10375977	35.5950012207
1674.86291504	36.1385917664
1675.62207031	42.419303894
1676.38122559	29.5894794464
1677.14050293	25.5711574554
1677.8996582	26.2448730469
1678.65881348	22.2795524597
1679.41796875	27.1421871185
1680.17712402	15.3505105972
1680.9362793	24.6051902771
1681.69543457	26.6767635345
1682.45471191	18.1116733551
1683.21386719	21.1503505707
1683.97302246	16.9911346436
1684.73217773	14.5090742111
1685.49133301	19.499212265
1686.25048828	22.1339569092
1687.00964355	18.3029136658
1687.7689209	8.26863098145
1688.52807617	11.1663160324
1689.28723145	12.3881578445
1690.04638672	13.7073059082
1690.80554199	10.7343091965
1691.56469727	10.7939815521
1692.32397461	5.84330177307
1693.08312988	11.2170305252
1693.84228516	11.581237793
1694.60144043	8.44263648987
1695.3605957	9.12588977814
1696.11975098	11.540435791
1696.87890625	11.4831953049
1697.63818359	9.63467311859
1698.39733887	5.91122770309
1699.15649414	11.3085775375
1699.91564941	10.5966892242
1700.67480469	7.80577659607
1701.43395996	2.56007504463
1702.19311523	-3.17755436897
1702.95239258	6.0709643364
1703.71154785	4.02126169205
1704.47070313	5.22780036926
1705.2298584	6.10867071152
1705.98901367	4.93932437897
1706.74816895	-1.27051889896
1707.50732422	0.256103336811
1708.26660156	0.0496353395283
1709.02575684	1.8499392271
1709.78491211	3.64169812202
1710.54406738	3.96768260002
1711.30322266	5.37691879272
1712.06237793	-5.53836870193
1712.82165527	1.74333775043
1713.58081055	3.79153585434
1714.33996582	2.20742511749
1715.09912109	-0.495811074972
1715.85827637	7.86436843872
1716.61743164	2.47476124763
1717.37658691	1.43766283989
1718.13586426	2.21852993965
1718.89501953	-2.93553471565
1719.6541748	-2.67528510094
1720.41333008	-1.92585408688
1721.17248535	-0.171921730042
1721.93164063	3.58127832413
1722.6907959	-2.49078583717
1723.45007324	-5.45439481735
1724.20922852	-0.218361020088
1724.96838379	-1.47856593132
1725.72753906	1.66397738457
1726.48669434	0.241227224469
1727.24584961	0.089240282774
1728.00500488	-3.78408312798
1728.76428223	-3.01178193092
1729.5234375	-3.70524215698
1730.28259277	1.02168476582
1731.04174805	-0.708747684956
1731.80090332	-1.80930483341
1732.56005859	-9.40391921997
1733.31921387	-9.80105304718
1734.07849121	-4.76099872589
1734.83764648	-3.31481814384
1735.59680176	-5.07897233963
1736.35595703	-3.65259027481
1737.1151123	1.56536448002
1737.87426758	-10.9103603363
1738.63354492	-4.76479911804
1739.3927002	-5.87659406662
1740.15185547	-1.91930532455
1740.91101074	-8.58472728729
1741.67016602	-4.83221149445
1742.42932129	-5.66390132904
1743.18847656	-4.79327487946
1743.94775391	-2.49269914627
1744.70690918	-5.98564386368
1745.46606445	-1.64833474159
1746.22521973	-4.0682888031
1746.984375	0.768363952637
1747.74353027	-2.64447188377
1748.50268555	0.543079674244
1749.26196289	-1.10505986214
1750.02111816	0.932017207146
1750.78027344	-6.1195898056
1751.53942871	-3.08937144279
1752.29858398	-3.41900134087
1753.05773926	-4.22867250443
1753.81689453	-0.260130345821
1754.57617188	-1.6499004364
1755.33532715	-2.83044409752
1756.09448242	1.22701859474
1756.8536377	-3.65230131149
1757.61279297	-5.74252080917
1758.37194824	-4.69827222824
1759.13122559	0.614556491375
1759.89038086	-1.35716319084
1760.64953613	-2.39885950089
1761.40869141	-3.36870241165
1762.16784668	-4.87687540054
1762.92700195	0.137336581945
1763.68615723	-4.47731208801
1764.44543457	2.82399606705
1765.20458984	-3.53730344772
1765.96374512	-6.27605199814
1766.72290039	-3.65026021004
1767.48205566	-3.56004428864
1768.24121094	-4.35778331757
1769.00036621	-5.44230365753
1769.75964355	-2.36501717567
1770.51879883	-4.44280815125
1771.2779541	-4.02275848389
1772.03710938	-0.155305743217
1772.79626465	2.99240517616
1773.55541992	1.48083722591
1774.3145752	2.46699571609
1775.07385254	-1.86781978607
1775.83300781	-1.30666434765
1776.59216309	-1.19872546196
1777.35131836	-7.04713106155
1778.11047363	-5.06524515152
1778.86962891	-4.07994127274
1779.62890625	-1.09797656536
1780.38806152	3.08044266701
1781.1472168	-0.532039284706
1781.90637207	5.18144464493
1782.66552734	0.281654983759
1783.42468262	-2.79289364815
1784.18383789	-3.22126293182
1784.94311523	-3.00613641739
1785.70227051	-0.521633625031
1786.46142578	0.665040671825
1787.22058105	-6.97734069824
1787.97973633	-9.59082984924
1788.7388916	-2.69606399536
1789.49804688	-1.02968382835
1790.25732422	-2.67274975777
1791.01647949	-1.59432911873
1791.77563477	2.03745937347
1792.53479004	-2.09948253632
1793.29394531	-3.73795771599
1794.05310059	-3.99225497246
1794.81225586	-2.34481859207
1795.5715332	0.402572572231
1796.33068848	-1.85977351665
1797.08984375	-3.13141226768
1797.84899902	2.06073212624
1798.6081543	3.00385332108
1799.36730957	1.36377584934
1800.12658691	2.24582576752
1800.88574219	3.27380108833
1801.64489746	-0.375141739845
1802.40405273	-1.35611093044
1803.16320801	-3.82786393166
1803.92236328	-5.75567913055
1804.68151855	2.95494103432
1805.4407959	-0.993741869926
1806.19995117	7.76549291611
1806.95910645	1.54147398472
1807.71826172	-1.0071451664
1808.47741699	-1.57981204987
1809.23657227	-1.38554930687
1809.99572754	0.834813535213
1810.75500488	5.28839826584
1811.51416016	5.32937097549
1812.27331543	3.75569701195
1813.0324707	-0.930235862732
1813.79162598	-3.55199027061
1814.55078125	-2.24688768387
1815.30993652	3.40874743462
1816.06921387	1.6497387886
1816.82836914	-0.607010126114
1817.58752441	2.84472179413
1818.34667969	0.368673533201
1819.10583496	-2.16764688492
1819.86499023	-0.732623457909
1820.62426758	2.88218545914
1821.38342285	-2.03277420998
1822.14257813	-4.2451505661
1822.9017334	2.40638756752
1823.66088867	2.11172056198
1824.42004395	-1.82602059841
1825.17919922	-4.62991142273
1825.93847656	-3.29729104042
1826.69763184	0.559714317322
1827.45678711	-2.97404265404
1828.21594238	-3.83922815323
1828.97509766	-12.1602087021
1829.73425293	1.96395480633
1830.4934082	-3.10183048248
1831.25268555	-3.29071712494
1832.01184082	-7.56995010376
1832.77099609	0.510253310204
1833.53015137	-1.75324761868
1834.28930664	-1.1515828371
1835.04846191	-0.451453149319
1835.80761719	-3.48268485069
1836.56689453	0.0802366062999
1837.3260498	-3.42035531998
1838.08520508	-4.68090391159
1838.84436035	-4.05744171143
1839.60351563	8.42082500458
1840.3626709	3.15747666359
1841.12194824	1.99723827839
1841.88110352	-0.891697525978
1842.64025879	1.04544699192
1843.39941406	1.76597774029
1844.15856934	1.36067676544
1844.91772461	3.65575432777
1845.67687988	-0.443447619677
1846.43615723	-4.99247217178
1847.1953125	-1.73227632046
1847.95446777	-1.56765389442
1848.71362305	-9.94349002838
1849.47277832	-0.338201284409
1850.23193359	-0.784121096134
1850.99108887	-9.3970785141
1851.75036621	-5.16841650009
1852.50952148	2.73893523216
1853.26867676	4.16509342194
1854.02783203	-0.863582372665
1854.7869873	2.02207136154
1855.54614258	2.74099230766
1856.30529785	-2.85988807678
1857.0645752	0.734069645405
1857.82373047	-1.26655292511
1858.58288574	-2.09494948387
1859.34204102	-4.78021860123
1860.10119629	-2.92499089241
1860.86035156	-0.0735245943069
1861.61962891	-4.60221672058
1862.37878418	0.370282173157
1863.13793945	0.638710200787
1863.89709473	-0.188793718815
1864.65625	-5.10949850082
1865.41540527	1.12684047222
1866.17456055	-0.243937417865
1866.93383789	3.54073238373
1867.69299316	-3.40209746361
1868.45214844	-1.40523779392
1869.21130371	4.74675798416
1869.97045898	1.8482016325
1870.72961426	-0.615174233913
1871.48876953	-3.9966943264
1872.24804688	2.72890114784
1873.00720215	-2.16238451004
1873.76635742	2.65516924858
1874.5255127	-1.37378895283
1875.28466797	0.20066934824
1876.04382324	-1.53367209435
1876.80297852	-1.25695848465
1877.56225586	5.25318288803
1878.32141113	-2.72252225876
1879.08056641	-10.5761642456
1879.83972168	-5.96841144562
1880.59887695	-6.31659078598
1881.35803223	-0.103399761021
1882.11730957	-0.198155015707
1882.87646484	1.81098806858
1883.63562012	3.05897688866
1884.39477539	1.97140216827
1885.15393066	0.746704339981
1885.91308594	6.20480680466
1886.67224121	-0.396165192127
1887.43151855	-2.69000196457
1888.19067383	0.0509527437389
1888.9498291	-6.21629428864
1889.70898438	-7.14590215683
1890.46813965	-8.55491924286
1891.22729492	2.39317393303
1891.9864502	-2.00988388062
1892.74572754	-1.33145344257
1893.50488281	-2.24708461761
1894.26403809	-4.96650314331
1895.02319336	-0.40298512578
1895.78234863	2.39106249809
1896.54150391	-2.68009376526
1897.30065918	-6.26135921478
1898.05993652	2.27150249481
1898.8190918	4.7108745575
1899.57824707	6.37136983871
1900.33740234	1.81911146641
1901.09655762	-5.24038696289
1901.85571289	1.98315727711
1902.61499023	6.22913837433
1903.37414551	11.3686065674
1904.13330078	-11.4380998611
1904.89245605	5.30105447769
1905.65161133	0.533319354057
1906.4107666	-1.90928924084
1907.16992188	3.62220025063
1907.92919922	-2.67810606956
1908.68835449	0.663205564022
1909.44750977	-3.22368550301
1910.20666504	-7.68790054321
1910.96582031	-5.76996707916
1911.72497559	-1.37234282494
1912.48413086	-0.847559452057
1913.2434082	-1.99652159214
1914.00256348	-2.26984143257
1914.76171875	-1.29847157001
1915.52087402	-3.63308620453
1916.2800293	-4.77524900436
1917.03918457	-5.77312517166
1917.79833984	-7.33361577988
1918.55761719	-5.08475828171
1919.31677246	-5.69020843506
1920.07592773	1.18524467945
1920.83508301	-0.0305573567748
1921.59423828	-2.19401407242
1922.35339355	-3.14844059944
1923.1126709	-4.61327505112
1923.87182617	-2.25597214699
1924.63098145	-0.104754388332
1925.39013672	-3.29729437828
1926.14929199	-5.38602113724
1926.90844727	-3.54406857491
1927.66760254	-3.15288352966
1928.42687988	-7.64305496216
1929.18603516	-4.29318332672
1929.94519043	-4.22633886337
1930.7043457	-1.80700922012
1931.46350098	-3.55219960213
1932.22265625	-1.2473641634
1932.98181152	0.429267048836
1933.74108887	3.96569919586
1934.50024414	-10.0627708435
1935.25939941	-3.8643116951
1936.01855469	-1.6470310688
1936.77770996	-4.32677650452
1937.53686523	-0.276564478874
1938.29602051	-0.937183022499
1939.05529785	2.39511704445
1939.81445313	-4.27279520035
1940.5736084	-2.90572667122
1941.33276367	-5.68625640869
1942.09191895	-6.95525836945
1942.85107422	-2.45411849022
1943.61035156	-2.49599432945
1944.36950684	-3.07927370071
1945.12866211	-7.36617422104
1945.88781738	-0.0789013877511
1946.64697266	-5.25077342987
1947.40612793	-4.58220624924
1948.1652832	-6.99481630325
1948.92456055	-7.42250299454
1949.68371582	-3.40141987801
1950.44287109	-13.6672401428
1951.20202637	-7.92716312408
1951.96118164	-4.20223760605
1952.72033691	-6.41198205948
1953.47949219	-4.57820796967
1954.23876953	-2.13871502876
1954.9979248	-3.09985542297
1955.75708008	-2.86780452728
1956.51623535	0.963596642017
1957.27539063	4.59960889816
1958.0345459	5.47673273087
1958.79370117	-5.92966651917
1959.55297852	1.01489245892
1960.31213379	1.444247365
1961.07128906	-3.8373811245
1961.83044434	-9.64194297791
1962.58959961	-7.08278989792
1963.34875488	-0.341995298862
1964.10803223	-7.28851127625
1964.8671875	-5.13405132294
1965.62634277	-2.68158698082
1966.38549805	-6.28944063187
1967.14465332	-3.59044003487
1967.90380859	0.282411515713
1968.66296387	-2.58015704155
1969.42224121	-10.2090158463
1970.18139648	-6.77085638046
1970.94055176	1.57722234726
1971.69970703	-5.78487348557
1972.4588623	-7.65672683716
1973.21801758	-5.89634799957
1973.97717285	-1.74438250065
1974.7364502	-0.546794652939
1975.49560547	-1.27187395096
1976.25476074	-4.10907506943
1977.01391602	-8.49041175842
1977.77307129	-3.38521456718
1978.53222656	0.854397177696
1979.29138184	-7.34285020828
1980.05065918	-7.95107889175
1980.80981445	-3.75500035286
1981.56896973	-5.17929840088
1982.328125	-6.39233112335
1983.08728027	-6.52822256088
1983.84643555	-7.02357339859
1984.60559082	-4.843501091
1985.36486816	-4.44371938705
1986.12402344	-8.71737480164
1986.88317871	-2.1248652935
1987.64233398	0.536941826344
1988.40148926	-4.0999417305
1989.16064453	-4.37480258942
1989.91992188	-9.04115962982
1990.67907715	-10.1986579895
1991.43823242	-3.54051303864
1992.1973877	-8.16161155701
1992.95654297	-4.53586053848
1993.71569824	-2.06169819832
1994.47485352	1.41798782349
1995.23413086	-0.257394880056
1995.99328613	-2.21300411224
1996.75244141	-1.69723856449
1997.51159668	-2.34697771072
1998.27075195	-2.56253552437
1999.02990723	-4.59485816956
1999.7890625	-1.98643374443
2000.54833984	-2.49503803253
2001.30749512	0.622160255909
2002.06665039	0.778253138065
2002.82580566	-4.68651866913
2003.58496094	-3.93598937988
2004.34411621	4.49401378632
2005.10327148	-4.41807699203
2005.86254883	-11.253692627
2006.6217041	-5.20587587357
2007.38085938	-4.86313009262
2008.14001465	-6.90905570984
2008.89916992	-3.76924395561
2009.6583252	-1.56243097782
2010.41760254	-2.5361764431
2011.17675781	-3.25655603409
2011.93591309	-3.65960621834
2012.69506836	-10.8191795349
2013.45422363	-7.04090976715
2014.21337891	-5.06718969345
2014.97253418	0.137372583151
2015.73181152	-3.93040513992
2016.4909668	-5.24065160751
2017.25012207	-11.0973834991
2018.00927734	-5.38500881195
2018.76843262	1.07967793941
2019.52758789	1.73764765263
2020.28674316	0.6325481534
2021.04602051	-6.81697416306
2021.80517578	-3.89736938477
2022.56433105	-4.52217578888
2023.32348633	0.958448767662
2024.0826416	-0.103231824934
2024.84179688	-3.92438817024
2025.60095215	-5.84020996094
2026.36022949	-4.45763206482
2027.11938477	-5.1385679245
2027.87854004	0.163872107863
2028.63769531	0.291713297367
2029.39685059	1.08866763115
2030.15600586	0.258958816528
2030.9152832	-4.18178939819
2031.67443848	-5.34732913971
2032.43359375	-0.600545525551
2033.19274902	0.108419008553
2033.9519043	5.63475894928
2034.71105957	-2.07948684692
2035.47021484	0.535140216351
2036.22949219	1.57660019398
2036.98864746	-3.50271964073
2037.74780273	-3.96506547928
2038.50695801	-0.645451784134
2039.26611328	-3.9838809967
2040.02526855	5.05801486969
2040.78442383	-3.02377653122
2041.54370117	-4.06547689438
2042.30285645	-4.17055368423
2043.06201172	1.44754481316
2043.82116699	-4.63482666016
2044.58032227	-5.67390155792
2045.33947754	-3.39618825912
2046.09863281	-0.937033057213
2046.85791016	0.0347476415336
2047.61706543	0.876082181931
2048.3762207	-3.85108757019
2049.13549805	-5.65873336792
2049.89453125	-3.84869337082
2050.65380859	-10.5555553436
2051.4128418	-3.49017453194
2052.17211914	-6.90141963959
2052.93115234	-3.5994746685
2053.69042969	-1.26065909863
2054.44970703	-0.810225427151
2055.20874023	-0.628420233727
2055.96801758	-3.2585606575
2056.72705078	4.30897140503
2057.48632813	-3.4847278595
2058.24536133	-1.77319097519
2059.00463867	-5.02077817917
2059.76391602	-4.68243551254
2060.52294922	3.56672930717
2061.28222656	1.36987757683
2062.04125977	-5.11054849625
2062.80053711	-4.10196399689
2063.55957031	-2.84931969643
2064.31884766	-3.72536325455
2065.078125	-3.76281404495
2065.8371582	-0.0218810737133
2066.59643555	-6.39592552185
2067.35546875	-5.39485311508
2068.11474609	3.45801568031
2068.8737793	-6.34703350067
2069.63305664	-3.74923062325
2070.39233398	0.861771285534
2071.15136719	-3.46184802055
2071.91064453	-5.95906925201
2072.66967773	-1.93304097652
2073.42895508	-1.18974530697
2074.18798828	-7.20191001892
2074.94726563	-6.14416122437
2075.70654297	-1.53456318378
2076.46557617	-0.695386469364
2077.22485352	-1.97692453861
2077.98388672	-7.74115657806
2078.74316406	-2.47363781929
2079.50244141	-3.90694737434
2080.26147461	-0.4239795506
2081.02075195	-3.31611323357
2081.77978516	-6.02526140213
2082.5390625	-2.90888834
2083.2980957	1.77400028706
2084.05737305	-0.623497009277
2084.81665039	-4.42733573914
2085.57568359	-4.85863637924
2086.33496094	0.212433189154
2087.09399414	-6.0325345993
2087.85327148	-4.33226108551
2088.61230469	-2.51109004021
2089.37158203	2.41267132759
2090.13085938	2.79809474945
2090.88989258	-9.97983169556
2091.64916992	-0.814180791378
2092.40820313	-0.335775315762
2093.16748047	-5.73585128784
2093.92651367	-1.18274641037
2094.68579102	-2.53281927109
2095.44506836	-9.07466506958
2096.20410156	-4.56645870209
2096.96337891	-9.39214038849
2097.72241211	-5.63459062576
2098.48168945	-2.76891970634
2099.24072266	0.146596640348
2100	4.7525935173
