200	129.786880493
201.306747437	137.992248535
202.613479614	132.463012695
203.920227051	130.412002563
205.226959229	137.57043457
206.533706665	133.41973877
207.840438843	138.388504028
209.147186279	142.305023193
210.453918457	143.806930542
211.760665894	144.394607544
213.067398071	145.360809326
214.374145508	136.874435425
215.680877686	129.025588989
216.987625122	137.144775391
218.2943573	144.291885376
219.601104736	144.024719238
220.907836914	148.317810059
222.214584351	141.597396851
223.521316528	136.908508301
224.828063965	135.974899292
226.134796143	137.094467163
227.441543579	140.390014648
228.748275757	144.931564331
230.055023193	140.947937012
231.361755371	137.586303711
232.668502808	139.365097046
233.975234985	139.5859375
235.281982422	136.805053711
236.5887146	135.158706665
237.895462036	135.916870117
239.202194214	138.373977661
240.50894165	142.041732788
241.815673828	135.539245605
243.122421265	138.149215698
244.429153442	133.464004517
245.735900879	129.231781006
247.042648315	134.250961304
248.349380493	139.370330811
249.65612793	137.383865356
250.962860107	131.849899292
252.269607544	129.47543335
253.576339722	149.149093628
254.883087158	140.044647217
256.189819336	132.604827881
257.496551514	127.420791626
258.803314209	131.598327637
260.110046387	130.713684082
261.416778564	124.776443481
262.723510742	128.296569824
264.030273438	126.237602234
265.337005615	133.746017456
266.643737793	126.719146729
267.950469971	131.626113892
269.257232666	126.127082825
270.563964844	124.385704041
271.870697021	125.283309937
273.177429199	121.938728333
274.484191895	119.450187683
275.790924072	125.120407104
277.09765625	128.185180664
278.404388428	123.66558075
279.711151123	120.841743469
281.017883301	123.367858887
282.324615479	118.371696472
283.631347656	114.247810364
284.938110352	117.051353455
286.244842529	118.305252075
287.551574707	118.3645401
288.858306885	115.647392273
290.16506958	118.645362854
291.471801758	118.638183594
292.778533936	116.659202576
294.085296631	118.312446594
295.392028809	119.280090332
296.698760986	117.092208862
298.005493164	114.531288147
299.312255859	110.354881287
300.618988037	105.439315796
301.925720215	103.387786865
303.232452393	115.649009705
304.539215088	116.424507141
305.845947266	116.882476807
307.152679443	115.865379333
308.459411621	110.341377258
309.766174316	108.266075134
311.072906494	115.170608521
312.379638672	100.861610413
313.68637085	116.674163818
314.993133545	123.342353821
316.299865723	115.904632568
317.6065979	102.409797668
318.913330078	104.065475464
320.220092773	108.597900391
321.526824951	104.488052368
322.833557129	104.771827698
324.140289307	105.102081299
325.447052002	116.703018188
326.75378418	90.8515701294
328.060516357	103.38747406
329.367248535	111.525619507
330.67401123	114.057830811
331.980743408	102.194145203
333.287475586	91.4648361206
334.594207764	99.0258636475
335.900970459	101.930130005
337.207702637	106.284187317
338.514434814	92.1136779785
339.82119751	99.5332946777
341.127929688	103.316802979
342.434661865	93.4952774048
343.741394043	90.0456085205
345.048156738	93.7566070557
346.354888916	94.7969970703
347.661621094	94.217338562
348.968353271	97.4541625977
350.275115967	100.005264282
351.581848145	96.1450271606
352.888580322	93.094291687
354.1953125	81.6449279785
355.502075195	85.6210174561
356.808807373	87.5724563599
358.115539551	83.8550720215
359.422271729	83.8145599365
360.729034424	87.8726959229
362.035766602	101.379249573
363.342498779	100.887573242
364.649230957	76.8531646729
365.955993652	72.2595367432
367.26272583	80.7982559204
368.569458008	88.1369934082
369.876190186	92.8989486694
371.182952881	87.1865463257
372.489685059	78.2078781128
373.796417236	84.1565093994
375.103149414	73.1363296509
376.409912109	71.9697799683
377.716644287	82.4538345337
379.023376465	76.8536682129
380.330108643	82.246131897
381.636871338	90.3923416138
382.943603516	84.8651123047
384.250335693	74.5549621582
385.557098389	76.6747283936
386.863830566	86.6876754761
388.170562744	86.012588501
389.477294922	70.7332229614
390.784057617	64.6024398804
392.090789795	75.5565719604
393.397521973	73.696472168
394.70425415	69.7151565552
396.011016846	75.7734298706
397.317749023	74.7874984741
398.624481201	68.8477935791
399.931213379	81.6789474487
401.237976074	90.5914382935
402.544708252	74.087020874
403.85144043	79.0215606689
405.158172607	61.3295516968
406.464935303	65.1258163452
407.77166748	72.200958252
409.078399658	72.4449386597
410.385131836	67.3984298706
411.691894531	68.0825271606
412.998626709	78.5135192871
414.305358887	81.6133956909
415.612091064	62.5853843689
416.91885376	66.6153030396
418.225585938	63.7408752441
419.532318115	68.1289749146
420.839050293	62.4546012878
422.145812988	68.9476165771
423.452545166	72.7895507813
424.759277344	67.3207168579
426.066009521	65.0942687988
427.372772217	69.7544403076
428.679504395	67.9718933105
429.986236572	64.099281311
431.292999268	60.6609115601
432.599731445	61.7320861816
433.906463623	68.4259567261
435.213195801	67.1585922241
436.519958496	67.8981246948
437.826690674	62.7974090576
439.133422852	56.2374038696
440.440155029	53.4466667175
441.746917725	50.7907981873
443.053649902	68.3741149902
444.36038208	52.2745742798
445.667114258	58.3688926697
446.973876953	53.6710472107
448.280609131	52.5213661194
449.587341309	55.9102401733
450.894073486	58.4901733398
452.200836182	51.9803619385
453.507568359	44.6921882629
454.814300537	45.938747406
456.121032715	45.3603515625
457.42779541	38.5206756592
458.734527588	46.7883491516
460.041259766	58.3539543152
461.347991943	52.6753234863
462.654754639	52.6662902832
463.961486816	54.6654129028
465.268218994	41.1498680115
466.574951172	33.9939918518
467.881713867	43.5997200012
469.188446045	53.234046936
470.495178223	51.2032012939
471.801940918	43.4904441833
473.108673096	44.6549415588
474.415405273	39.1458206177
475.722137451	43.4743652344
477.028900146	32.0852203369
478.335632324	30.3747749329
479.642364502	34.8336753845
480.94909668	28.9749603271
482.255859375	25.1466217041
483.562591553	36.4597091675
484.86932373	46.1760673523
486.176055908	35.6696662903
487.482818604	19.5631122589
488.789550781	29.9796218872
490.096282959	26.7445659637
491.403015137	31.6045722961
492.709777832	19.7829303741
494.01651001	9.90671634674
495.323242188	15.2052297592
496.629974365	16.5100440979
497.936737061	15.183719635
499.243469238	20.2855472565
500.550201416	16.8510284424
501.856933594	8.72067832947
503.163696289	11.3353328705
504.470428467	19.0826072693
505.777160645	12.1044483185
507.083892822	7.56549787521
508.390655518	9.19393062592
509.697387695	12.2021913528
511.004119873	8.88966655731
512.310852051	-2.72402095795
513.617614746	-2.52455878258
514.924316406	5.71989917755
516.231079102	-4.51778793335
517.537841797	8.43964004517
518.844543457	1.19012475014
520.151306152	6.65751600266
521.458068848	2.33064174652
522.764770508	-3.70274782181
524.071533203	-1.05698108673
525.378295898	2.34772729874
526.684997559	0.0163335148245
527.991760254	0.938452124596
529.298461914	3.61380267143
530.605224609	3.35020661354
531.911987305	4.14802694321
533.218688965	-3.0393846035
534.52545166	3.99551177025
535.832214355	5.10694599152
537.138916016	-1.96697080135
538.445678711	-4.7777929306
539.752380371	-6.17832422256
541.059143066	-5.69518566132
542.365905762	-3.26034116745
543.672607422	4.7538766861
544.979370117	11.4304046631
546.286132813	5.71099853516
547.592834473	-1.00058341026
548.899597168	11.4625816345
550.206298828	9.65845489502
551.513061523	4.79325056076
552.819824219	-6.52364444733
554.126525879	9.45630264282
555.433288574	15.7892637253
556.74005127	2.6255364418
558.04675293	-3.01078891754
559.353515625	-2.9073805809
560.660217285	-6.20984363556
561.96697998	-2.29591917992
563.273742676	7.94530677795
564.580444336	1.44519639015
565.887207031	-10.4237613678
567.193969727	-0.329417079687
568.500671387	1.53386080265
569.807434082	6.10992527008
571.114196777	-0.32047984004
572.420898438	11.5701265335
573.727661133	10.6093101501
575.034362793	7.49681949615
576.341125488	5.19403886795
577.647888184	1.29119098186
578.954589844	8.66156387329
580.261352539	17.2571601868
581.568115234	5.9259519577
582.874816895	11.0422210693
584.18157959	13.2365102768
585.48828125	12.58436203
586.795043945	0.053858846426
588.101806641	4.67905664444
589.408508301	6.17375850677
590.715270996	1.21861886978
592.022033691	4.71614646912
593.328735352	3.14566278458
594.635498047	-6.75382804871
595.942199707	-3.31790328026
597.248962402	4.87162590027
598.555725098	1.18298077583
599.862426758	10.5249423981
601.169189453	1.1887294054
602.475952148	2.38388872147
603.782653809	7.4484910965
605.089416504	0.526554584503
606.396118164	10.740357399
607.702880859	2.90509080887
609.009643555	7.13854980469
610.316345215	-1.34494364262
611.62310791	-1.24881374836
612.929870605	-1.03555750847
614.236572266	-2.96137261391
615.543334961	3.73888325691
616.850097656	6.32045602798
618.156799316	3.85942387581
619.463562012	8.27015972137
620.770263672	11.5329732895
622.077026367	15.4470205307
623.383789063	9.233045578
624.690490723	12.0706882477
625.997253418	17.7051334381
627.304016113	14.6595392227
628.610717773	10.5731868744
629.917480469	19.4089412689
631.224182129	21.6037921906
632.530944824	10.7061777115
633.83770752	5.14688158035
635.14440918	10.6389436722
636.451171875	16.1571006775
637.75793457	14.3773612976
639.06463623	13.7913293839
640.371398926	18.7889480591
641.678100586	8.04593276978
642.984863281	10.9643592834
644.291625977	11.4005308151
645.598327637	9.68672180176
646.905090332	17.0567779541
648.211853027	15.2959737778
649.518554688	17.0675010681
650.825317383	24.8173007965
652.132019043	17.897315979
653.438781738	5.40285348892
654.745544434	8.90155601501
656.052246094	6.23552179337
657.359008789	14.3479480743
658.665771484	19.4847278595
659.972473145	7.01719474792
661.27923584	8.8497133255
662.585998535	24.3154563904
663.892700195	12.1455011368
665.199462891	12.2304620743
666.506164551	14.5215349197
667.812927246	9.48184680939
669.119689941	10.0199165344
670.426391602	9.31674289703
671.733154297	5.72303771973
673.039916992	8.29644680023
674.346618652	8.90296554565
675.653381348	3.26430821419
676.960083008	5.56043243408
678.266845703	3.26636433601
679.573608398	16.3903102875
680.880310059	19.8692207336
682.187072754	16.5060901642
683.493835449	10.8372058868
684.800537109	16.5435314178
686.107299805	6.57690238953
687.414001465	4.35721826553
688.72076416	8.65126991272
690.027526855	12.8711633682
691.334228516	8.54184532166
692.640991211	4.03423070908
693.947753906	8.08224964142
695.254455566	7.98193502426
696.561218262	5.69755601883
697.867980957	7.60275268555
699.174682617	-0.883487045765
700.481445313	10.4451713562
701.788146973	-1.08644807339
703.094909668	13.6105880737
704.401672363	16.3787460327
705.708374023	10.1914100647
707.015136719	5.97113370895
708.321899414	3.66704058647
709.628601074	10.2723379135
710.93536377	1.57289004326
712.24206543	0.422068893909
713.548828125	6.45580530167
714.85559082	4.74575233459
716.16229248	8.50314998627
717.469055176	7.84206199646
718.775817871	6.21362829208
720.082519531	7.19828987122
721.389282227	19.4676837921
722.695983887	11.7855815887
724.002746582	15.5233125687
725.309509277	5.8000459671
726.616210938	14.6512842178
727.922973633	6.14061832428
729.229736328	-2.03015875816
730.536437988	20.8629188538
731.843200684	12.94298172
733.149902344	7.84196519852
734.456665039	16.4630126953
735.763427734	13.1737976074
737.070129395	13.4139671326
738.37689209	29.3695640564
739.683654785	30.7099399567
740.990356445	22.0480728149
742.297119141	32.8490219116
743.603881836	18.4455013275
744.910583496	13.1640043259
746.217346191	17.3611011505
747.524047852	17.5663890839
748.830810547	25.8283672333
750.137573242	20.885175705
751.444274902	28.7692661285
752.751037598	24.0793094635
754.057800293	18.3808059692
755.364501953	13.7837114334
756.671264648	11.4372301102
757.977966309	19.9436817169
759.284729004	20.3711242676
760.591491699	16.4074859619
761.898193359	21.9420280457
763.204956055	15.309261322
764.51171875	10.666759491
765.81842041	15.0520706177
767.125183105	18.8310470581
768.431884766	9.64621353149
769.738647461	42.7859535217
771.045410156	22.3896045685
772.352111816	23.1611175537
773.658874512	31.3528728485
774.965637207	22.7168712616
776.272338867	22.7891635895
777.579101563	9.98031044006
778.885803223	6.19289302826
780.192565918	8.83855247498
781.499328613	17.1719875336
782.806030273	23.2865772247
784.112792969	26.5549640656
785.419555664	29.0299549103
786.726257324	30.3481884003
788.03302002	32.5256309509
789.339782715	30.1761894226
790.646484375	30.7106399536
791.95324707	31.4601669312
793.25994873	27.8993110657
794.566711426	24.073551178
795.873474121	35.1032905579
797.180175781	30.0858917236
798.486938477	17.4534301758
799.793701172	34.2867279053
801.100402832	39.5232048035
802.407165527	32.4969444275
803.713867188	36.2933578491
805.020629883	32.0417251587
806.327392578	18.3919277191
807.634094238	36.5768318176
808.940856934	40.6384315491
810.247619629	35.6237030029
811.554321289	41.9186248779
812.861083984	39.7506370544
814.167785645	38.3487510681
815.47454834	36.4256973267
816.781311035	31.4530277252
818.088012695	41.504108429
819.394775391	35.6939735413
820.701538086	34.0887641907
822.008239746	31.4894561768
823.315002441	29.8748474121
824.621704102	40.3433494568
825.928466797	27.4755973816
827.235229492	32.7333030701
828.541931152	26.534324646
829.848693848	39.7677688599
831.155456543	34.398399353
832.462158203	51.2514533997
833.768920898	44.7539100647
835.075683594	37.1913948059
836.382385254	35.9170074463
837.689147949	27.5918865204
838.995849609	33.5913658142
840.302612305	44.4002799988
841.609375	32.8302230835
842.91607666	31.7516689301
844.222839355	48.9664955139
845.529602051	40.2361946106
846.836303711	38.06690979
848.143066406	31.7401447296
849.449768066	32.4563560486
850.756530762	45.6679496765
852.063293457	49.8512229919
853.369995117	59.4775924683
854.676757813	60.6488113403
855.983520508	38.6966781616
857.290222168	41.1427497864
858.596984863	45.2136878967
859.903686523	43.7914733887
861.210449219	51.3777618408
862.517211914	46.2922363281
863.823913574	47.7880210876
865.13067627	45.8187065125
866.437438965	33.3520469666
867.744140625	29.2072067261
869.05090332	31.390996933
870.35760498	31.7222003937
871.664367676	32.0471382141
872.971130371	27.8033161163
874.277832031	26.4405498505
875.584594727	24.087141037
876.891357422	6.93597126007
878.198059082	24.049249649
879.504821777	30.7411899567
880.811584473	15.6635370255
882.118286133	25.6264247894
883.425048828	28.5809669495
884.731750488	26.8031330109
886.038513184	33.9902191162
887.345275879	22.6554870605
888.651977539	24.3739585876
889.958740234	19.2040214539
891.26550293	22.6092796326
892.57220459	17.4902267456
893.878967285	25.3800735474
895.185668945	17.4675636292
896.492431641	7.22316265106
897.799194336	12.6722135544
899.105895996	14.6241445541
900.412658691	20.7126903534
901.719421387	21.7506999969
903.026123047	12.5767765045
904.332885742	7.55219459534
905.639587402	11.1212520599
906.946350098	12.1429042816
908.253112793	10.96646595
909.559814453	11.3467121124
910.866577148	8.96208286285
912.173339844	14.7160348892
913.480041504	20.8236064911
914.786804199	13.7228822708
916.093505859	14.7609033585
917.400268555	10.3793268204
918.70703125	15.8699111938
920.01373291	11.2709999084
921.320495605	-0.834880948067
922.627258301	-6.19762849808
923.933959961	0.554046452045
925.240722656	12.6272115707
926.547485352	22.3566570282
927.854187012	4.84862804413
929.160949707	10.7826948166
930.467651367	3.69321370125
931.774414063	8.59596920013
933.081176758	5.82260704041
934.387878418	3.82733392715
935.694641113	-1.45850944519
937.001403809	-1.59683096409
938.308105469	-5.49794197083
939.614868164	2.74952507019
940.921569824	9.18882465363
942.22833252	8.62968158722
943.535095215	9.92860126495
944.841796875	9.38416671753
946.14855957	9.20444869995
947.455322266	11.1149110794
948.762023926	4.76398801804
950.068786621	-1.79723000526
951.375488281	-0.0602007731795
952.682250977	-1.99223804474
953.989013672	4.12089061737
955.295715332	3.74036622047
956.602478027	-7.36140966415
957.909240723	-5.82127904892
959.215942383	-5.83873605728
960.522705078	-3.5185148716
961.829406738	-0.39907002449
963.136169434	7.81906986237
964.442932129	-0.0763464421034
965.749633789	-19.4822311401
967.056396484	1.52146160603
968.36315918	0.478187829256
969.66986084	-5.60744524002
970.976623535	-21.1115341187
972.28338623	-2.72692155838
973.590087891	-13.5853815079
974.896850586	-6.82793521881
976.203552246	6.36203575134
977.510314941	-4.529504776
978.817077637	-8.22658729553
980.123779297	-4.64266490936
981.430541992	-0.92992657423
982.737304688	-7.06176233292
984.044006348	-18.3994407654
985.350769043	-5.96221494675
986.657470703	-10.5702781677
987.964233398	-18.259853363
989.270996094	-18.2719993591
990.577697754	-4.58141803741
991.884460449	-2.12963557243
993.191223145	-4.12170124054
994.497924805	-5.64867925644
995.8046875	-19.6400432587
997.11138916	-17.3438091278
998.418151855	-7.58785867691
999.724914551	-0.0897199958563
1001.03161621	9.74310398102
1002.33837891	-0.464079886675
1003.6451416	5.40921115875
1004.95184326	-4.24517822266
1006.25860596	-4.65365552902
1007.56530762	13.5418386459
1008.87207031	-0.912537097931
1010.17883301	-7.59973192215
1011.48553467	4.3476691246
1012.79229736	5.3789191246
1014.09906006	4.02177143097
1015.40576172	5.99262142181
1016.71252441	6.03674983978
1018.01928711	0.857519924641
1019.32598877	-3.59378004074
1020.63275146	1.46151781082
1021.93945313	0.942590892315
1023.24621582	9.11162757874
1024.55297852	1.48018848896
1025.85974121	0.146722838283
1027.16638184	-3.72429132462
1028.47314453	-3.96104669571
1029.77990723	3.53193426132
1031.08666992	4.00163030624
1032.39343262	6.34470891953
1033.70019531	10.3008852005
1035.00683594	-4.61984205246
1036.31359863	4.24667406082
1037.62036133	15.64407444
1038.92712402	16.4157714844
1040.23388672	18.884979248
1041.54052734	11.3006782532
1042.84729004	8.26857376099
1044.15405273	9.60271072388
1045.46081543	13.8128242493
1046.76757813	18.2637519836
1048.07421875	11.4414129257
1049.38098145	8.9394903183
1050.68774414	16.4352798462
1051.99450684	16.5604019165
1053.30126953	13.9834184647
1054.60803223	5.09296751022
1055.91467285	3.58214855194
1057.22143555	0.0474708490074
1058.52819824	6.67825937271
1059.83496094	13.580868721
1061.14172363	14.0760068893
1062.44836426	14.4044818878
1063.75512695	7.51689910889
1065.06188965	6.908826828
1066.36865234	16.1996498108
1067.67541504	19.9203739166
1068.98217773	4.01576185226
1070.28881836	-6.58578586578
1071.59558105	2.74742603302
1072.90234375	-2.63213062286
1074.20910645	-13.1853628159
1075.51586914	-8.57215213776
1076.82250977	4.45877695084
1078.12927246	18.8695640564
1079.43603516	18.2305469513
1080.74279785	7.6965713501
1082.04956055	6.83233451843
1083.35620117	13.2393627167
1084.66296387	2.61471891403
1085.96972656	-7.29562997818
1087.27648926	-11.8650979996
1088.58325195	-1.50988268852
1089.89001465	-2.28595423698
1091.19665527	3.14841723442
1092.50341797	-5.44821119308
1093.81018066	0.779989778996
1095.11694336	12.5507926941
1096.42370605	6.11603021622
1097.73034668	18.0485897064
1099.03710938	21.6506080627
1100.34387207	-0.982298970222
1101.65063477	6.42977714539
1102.95739746	17.4948692322
1104.26403809	14.4724473953
1105.57080078	-10.1905498505
1106.87756348	-6.24386644363
1108.18432617	12.4378023148
1109.49108887	22.9204349518
1110.79785156	15.5626745224
1112.10449219	3.5060737133
1113.41125488	2.34545683861
1114.71801758	19.2558860779
1116.02478027	3.02520012856
1117.33154297	26.779378891
1118.63818359	20.967590332
1119.94494629	6.02334260941
1121.25170898	31.3421573639
1122.55847168	14.7804174423
1123.86523438	23.81407547
1125.17199707	32.9654693604
1126.4786377	24.3672428131
1127.78540039	26.1857528687
1129.09216309	20.0992336273
1130.39892578	40.0437202454
1131.70568848	28.7097625732
1133.0123291	29.7622318268
1134.3190918	50.9631271362
1135.62585449	23.2675971985
1136.93261719	46.3291473389
1138.23937988	46.9780426025
1139.54602051	59.0357589722
1140.8527832	42.716632843
1142.1595459	65.9022674561
1143.46630859	64.881362915
1144.77307129	56.7867240906
1146.07983398	77.1923294067
1147.38647461	78.8558807373
1148.6932373	98.771987915
1150	63.662273407
1151.3067627	94.4614334106
1152.61352539	88.9372940063
1153.92016602	99.8230133057
1155.22692871	78.3018035889
1156.53369141	101.015396118
1157.8404541	87.8768692017
1159.1472168	119.476875305
1160.45397949	81.6089859009
1161.76062012	107.592910767
1163.06738281	105.099220276
1164.37414551	113.609199524
1165.6809082	114.151893616
1166.9876709	115.022644043
1168.29431152	114.518661499
1169.60107422	95.5584793091
1170.90783691	136.081268311
1172.21459961	126.372619629
1173.5213623	135.231903076
1174.82800293	115.819465637
1176.13476563	89.9558486938
1177.44152832	95.993598938
1178.74829102	125.675689697
1180.05505371	116.33605957
1181.36181641	106.622711182
1182.66845703	118.733283997
1183.97521973	117.681854248
1185.28198242	112.350952148
1186.58874512	131.093902588
1187.89550781	120.806999207
1189.20214844	130.853912354
1190.50891113	143.131835938
1191.81567383	136.611175537
1193.12243652	127.925537109
1194.42919922	124.547569275
1195.73596191	130.11265564
1197.04260254	122.835418701
1198.34936523	133.805419922
1199.65612793	128.347625732
1200.96289063	123.823905945
1202.26965332	137.570022583
1203.57629395	140.895751953
1204.88305664	132.539337158
1206.18981934	136.060913086
1207.49658203	157.415115356
1208.80334473	150.741317749
1210.10998535	156.132781982
1211.41674805	141.872497559
1212.72351074	145.454925537
1214.03027344	160.442489624
1215.33703613	152.554702759
1216.64379883	168.295455933
1217.95043945	158.615203857
1219.25720215	166.378036499
1220.56396484	166.641067505
1221.87072754	170.508102417
1223.17749023	165.192520142
1224.48413086	182.417892456
1225.79089355	188.226455688
1227.09765625	180.903427124
1228.40441895	195.061355591
1229.71118164	213.539352417
1231.01782227	229.112503052
1232.32458496	224.765670776
1233.63134766	212.264663696
1234.93811035	194.27293396
1236.24487305	216.071731567
1237.55163574	233.370162964
1238.85827637	254.716873169
1240.16503906	237.598678589
1241.47180176	255.32850647
1242.77856445	278.371185303
1244.08532715	275.637023926
1245.39196777	262.709594727
1246.69873047	278.993835449
1248.00549316	291.863311768
1249.31225586	294.22265625
1250.61901855	306.417205811
1251.92578125	319.33807373
1253.23242188	319.247161865
1254.53918457	331.960510254
1255.84594727	357.867340088
1257.15270996	367.912109375
1258.45947266	364.841888428
1259.76611328	371.156738281
1261.07287598	388.408538818
1262.37963867	392.428039551
1263.68640137	419.527862549
1264.99316406	434.236206055
1266.29980469	446.017974854
1267.60656738	465.370849609
1268.91333008	477.499481201
1270.22009277	485.070007324
1271.52685547	497.394317627
1272.83361816	514.14465332
1274.14025879	516.936340332
1275.44702148	529.165039063
1276.75378418	561.54888916
1278.06054688	580.663635254
1279.36730957	579.65612793
1280.6739502	599.203063965
1281.98071289	633.729919434
1283.28747559	618.133300781
1284.59423828	636.97467041
1285.90100098	680.839294434
1287.20776367	714.960571289
1288.5144043	724.953796387
1289.82116699	746.848266602
1291.12792969	757.286132813
1292.43469238	783.107971191
1293.74145508	801.826599121
1295.0480957	823.906799316
1296.3548584	836.286560059
1297.66162109	864.309692383
1298.96838379	896.090454102
1300.27514648	924.940490723
1301.58178711	961.303710938
1302.8885498	982.04095459
1304.1953125	1012.53863525
1305.5020752	1043.61828613
1306.80883789	1061.82910156
1308.11560059	1090.09558105
1309.42224121	1115.44677734
1310.72900391	1125.52038574
1312.0357666	1160.17297363
1313.3425293	1207.36181641
1314.64929199	1236.3380127
1315.95593262	1273.71582031
1317.26269531	1302.10046387
1318.56945801	1318.13598633
1319.8762207	1358.30688477
1321.1829834	1379.60681152
1322.48962402	1393.109375
1323.79638672	1439.7635498
1325.10314941	1478.61035156
1326.40991211	1502.29455566
1327.7166748	1516.89172363
1329.0234375	1544.50317383
1330.33007813	1573.69348145
1331.63684082	1617.67260742
1332.94360352	1667.6217041
1334.25036621	1652.66088867
1335.55712891	1647.4621582
1336.86376953	1684.45800781
1338.17053223	1703.96020508
1339.47729492	1724.14611816
1340.78405762	1733.01782227
1342.09082031	1730.01501465
1343.39758301	1737.4666748
1344.70422363	1754.32165527
1346.01098633	1749.35266113
1347.31774902	1762.75170898
1348.62451172	1766.35534668
1349.93127441	1751.16296387
1351.23791504	1728.86682129
1352.54467773	1707.14135742
1353.85144043	1722.10546875
1355.15820313	1693.38122559
1356.46496582	1673.07397461
1357.77160645	1665.02478027
1359.07836914	1648.34838867
1360.38513184	1622.8572998
1361.69189453	1633.43249512
1362.99865723	1575.33325195
1364.30541992	1547.5489502
1365.61206055	1532.55175781
1366.91882324	1519.06726074
1368.22558594	1456.59020996
1369.53234863	1454.06103516
1370.83911133	1438.3104248
1372.14575195	1374.63671875
1373.45251465	1342.59558105
1374.75927734	1300.2800293
1376.06604004	1285.40209961
1377.37280273	1249.3026123
1378.67956543	1196.57250977
1379.98620605	1166.30822754
1381.29296875	1146.70703125
1382.59973145	1100.23693848
1383.90649414	1042.63122559
1385.21325684	1017.57788086
1386.51989746	1014.52581787
1387.82666016	973.813720703
1389.13342285	933.828491211
1390.44018555	919.539489746
1391.74694824	875.219787598
1393.05358887	833.198913574
1394.36035156	813.059631348
1395.66711426	795.864135742
1396.97387695	774.929931641
1398.28063965	740.994689941
1399.58740234	723.422302246
1400.89404297	678.470153809
1402.20080566	664.413391113
1403.50756836	639.502807617
1404.81433105	637.265625
1406.12109375	598.43536377
1407.42773438	566.861694336
1408.73449707	546.805603027
1410.04125977	522.408508301
1411.34802246	518.069091797
1412.65478516	479.292449951
1413.96142578	450.210723877
1415.26818848	441.833740234
1416.57495117	421.274108887
1417.88171387	415.220367432
1419.18847656	407.036621094
1420.49523926	364.265472412
1421.80187988	365.733154297
1423.10864258	342.943817139
1424.41540527	350.614685059
1425.72216797	319.171661377
1427.02893066	298.519287109
1428.33557129	283.186431885
1429.64233398	294.276245117
1430.94909668	255.932235718
1432.25585938	232.217468262
1433.56262207	240.494903564
1434.86938477	224.563842773
1436.17602539	212.285690308
1437.48278809	208.161376953
1438.78955078	181.989593506
1440.09631348	166.908508301
1441.40307617	172.623321533
1442.7097168	182.39251709
1444.01647949	161.034088135
1445.32324219	147.154418945
1446.63000488	138.541473389
1447.93676758	122.616027832
1449.2434082	112.714576721
1450.5501709	105.47076416
1451.85693359	98.8266906738
1453.16369629	112.910888672
1454.47045898	94.2650985718
1455.77722168	76.0365524292
1457.0838623	62.6058082581
1458.390625	63.8626098633
1459.6973877	62.3237571716
1461.00415039	72.8402023315
1462.31091309	70.3628768921
1463.61755371	44.9611816406
1464.92431641	51.2964744568
1466.2310791	38.5444908142
1467.5378418	24.4392318726
1468.84460449	31.9445705414
1470.15136719	11.7332334518
1471.45800781	21.3115196228
1472.76477051	17.0347537994
1474.0715332	15.2378988266
1475.3782959	5.73831319809
1476.68505859	-2.29813742638
1477.99169922	9.53624153137
1479.29846191	6.29178285599
1480.60522461	6.94014644623
1481.9119873	3.07837843895
1483.21875	8.00970172882
1484.52539063	15.3733768463
1485.83215332	15.7573366165
1487.13891602	18.5505981445
1488.44567871	15.5630970001
1489.75244141	11.0688829422
1491.0592041	6.82491254807
1492.36584473	11.983754158
1493.67260742	6.58121442795
1494.97937012	-5.08914709091
1496.28613281	-3.43040728569
1497.59289551	9.69024276733
1498.89953613	18.7334194183
1500.20629883	25.4998054504
1501.51306152	52.7918243408
1502.81982422	47.7051849365
1504.12658691	23.62733078
1505.43322754	54.0334205627
1506.73999023	55.6190223694
1508.04675293	84.3535461426
1509.35351563	86.5612182617
1510.66027832	100.317222595
1511.96704102	114.10912323
1513.27368164	131.88130188
1514.58044434	131.720077515
1515.88720703	141.026382446
1517.19396973	147.773483276
1518.50073242	163.234802246
1519.80737305	187.550079346
1521.11413574	191.141052246
1522.42089844	194.544158936
1523.72766113	212.296386719
1525.03442383	213.073623657
1526.34118652	238.601608276
1527.64782715	259.789428711
1528.95458984	256.886627197
1530.26135254	280.966369629
1531.56811523	291.67477417
1532.87487793	309.942260742
1534.18151855	345.204071045
1535.48828125	347.904296875
1536.79504395	353.794342041
1538.10180664	378.900695801
1539.40856934	414.142303467
1540.71520996	416.329620361
1542.02197266	456.793640137
1543.32873535	470.031341553
1544.63549805	494.463134766
1545.94226074	509.373931885
1547.24902344	540.437072754
1548.55566406	577.432617188
1549.86242676	600.110900879
1551.16918945	619.407043457
1552.47595215	650.967895508
1553.78271484	700.280395508
1555.08935547	704.698364258
1556.39611816	738.06262207
1557.70288086	790.664611816
1559.00964355	830.959411621
1560.31640625	849.63885498
1561.62316895	876.710693359
1562.92980957	892.529602051
1564.23657227	929.913085938
1565.54333496	960.598266602
1566.85009766	1052.08105469
1568.15686035	1055.50439453
1569.46350098	1096.34216309
1570.77026367	1134.72399902
1572.07702637	1155.04858398
1573.38378906	1209.57800293
1574.69055176	1277.88452148
1575.99719238	1353.88110352
1577.30395508	1367.58557129
1578.61071777	1436.99658203
1579.91748047	1484.89453125
1581.22424316	1536.3248291
1582.53100586	1611.46679688
1583.83764648	1632.55517578
1585.14440918	1652.04577637
1586.45117188	1708.61767578
1587.75793457	1762.1842041
1589.06469727	1774.86218262
1590.37133789	1799.63476563
1591.67810059	1917.66137695
1592.98486328	1933.67199707
1594.29162598	1946.54589844
1595.59838867	2042.20715332
1596.9050293	2068.01831055
1598.21179199	2110.90673828
1599.51855469	2081.47192383
1600.82531738	2114.58642578
1602.13208008	2143.60473633
1603.43884277	2142.05981445
1604.7454834	2150.84838867
1606.05224609	2176.43212891
1607.35900879	2146.45532227
1608.66577148	2115.08349609
1609.97253418	2114.68286133
1611.2791748	2072.17431641
1612.5859375	2039.0189209
1613.8927002	2044.21337891
1615.19946289	1993.01696777
1616.50622559	1899.6262207
1617.81298828	1881.2097168
1619.11962891	1836.7220459
1620.4263916	1803.29943848
1621.7331543	1717.54663086
1623.03991699	1632.36437988
1624.34667969	1606.01977539
1625.65332031	1546.86645508
1626.96008301	1494.24206543
1628.2668457	1406.31982422
1629.5736084	1326.57299805
1630.88037109	1249.85925293
1632.18701172	1193.73852539
1633.49377441	1152.90014648
1634.80053711	1102.43005371
1636.1072998	1026.44628906
1637.4140625	957.166442871
1638.7208252	922.631896973
1640.02746582	895.581359863
1641.33422852	840.171936035
1642.64099121	809.563232422
1643.94775391	731.172363281
1645.2545166	730.205749512
1646.56115723	664.912597656
1647.86791992	636.560791016
1649.17468262	579.229064941
1650.48144531	560.540588379
1651.78820801	523.80078125
1653.0949707	486.839996338
1654.40161133	453.637908936
1655.70837402	423.27331543
1657.01513672	389.475128174
1658.32189941	354.572937012
1659.62866211	334.501861572
1660.93530273	321.011291504
1662.24206543	280.410919189
1663.54882813	247.752746582
1664.85559082	240.463027954
1666.16235352	239.435043335
1667.46899414	222.419876099
1668.77575684	188.974655151
1670.08251953	142.35774231
1671.38928223	149.461517334
1672.69604492	140.875549316
1674.00280762	126.771453857
1675.30944824	103.00933075
1676.61621094	85.1344223022
1677.92297363	75.6493453979
1679.22973633	70.5759429932
1680.53649902	83.4819793701
1681.84313965	59.8797073364
1683.14990234	50.4631729126
1684.45666504	26.1600990295
1685.76342773	16.235200882
1687.07019043	24.523191452
1688.37683105	14.2685165405
1689.68359375	9.86971092224
1690.99035645	-7.84623384476
1692.29711914	4.20674180984
1693.60388184	3.24711441994
1694.91064453	-3.81801247597
1696.21728516	-6.30980968475
1697.52404785	1.23831415176
1698.83081055	-1.0419921875
1700.13757324	-10.8555936813
1701.44433594	-4.18030261993
1702.75097656	-3.5398671627
1704.05773926	-4.6087474823
1705.36450195	-9.96754550934
1706.67126465	-4.02693510056
1707.97802734	-2.82173705101
1709.28479004	9.16529083252
1710.59143066	-3.07278347015
1711.89819336	9.1220998764
1713.20495605	6.82186508179
1714.51171875	12.9837579727
1715.81848145	14.2724523544
1717.12512207	3.68523001671
1718.43188477	-0.119416363537
1719.73864746	12.298746109
1721.04541016	13.0252580643
1722.35217285	18.9921264648
1723.65881348	8.68312358856
1724.96557617	12.8176555634
1726.27233887	14.8545007706
1727.57910156	12.8155412674
1728.88586426	7.79397535324
1730.19262695	6.20191431046
1731.49926758	5.36880302429
1732.80603027	8.33649539948
1734.11279297	11.3510322571
1735.41955566	5.88119411469
1736.72631836	4.73563575745
1738.03295898	8.23232746124
1739.33972168	18.1255874634
1740.64648438	20.8041706085
1741.95324707	2.44881272316
1743.26000977	4.13559961319
1744.56677246	15.600066185
1745.87341309	-0.532174706459
1747.18017578	7.28037500381
1748.48693848	8.99511623383
1749.79370117	9.04905986786
1751.10046387	4.15174007416
1752.40710449	0.66042983532
1753.71386719	6.39216899872
1755.02062988	5.15607357025
1756.32739258	-1.05905592442
1757.63415527	5.50129652023
1758.9407959	-1.12346720695
1760.24755859	13.3957777023
1761.55432129	5.29429578781
1762.86108398	-1.23568356037
1764.16784668	12.9086532593
1765.47460938	-1.98247122765
1766.78125	10.2446632385
1768.0880127	6.92031097412
1769.39477539	5.70258760452
1770.70153809	7.1246342659
1772.00830078	13.9322710037
1773.31494141	15.2013673782
1774.6217041	18.3568191528
1775.9284668	9.39001560211
1777.23522949	15.3437452316
1778.54199219	5.89778661728
1779.84863281	19.5041027069
1781.15539551	1.692497015
1782.4621582	-2.90205216408
1783.7689209	4.71891403198
1785.07568359	-0.917001903057
1786.38244629	-1.09408581257
1787.68908691	2.37592339516
1788.99584961	5.62695550919
1790.3026123	3.97968697548
1791.609375	7.80689096451
1792.9161377	-7.64549207687
1794.22277832	9.48005008698
1795.52954102	8.54716777802
1796.83630371	11.9715242386
1798.14306641	13.6573095322
1799.4498291	10.4469919205
1800.7565918	0.99314391613
1802.06323242	-1.36269819736
1803.36999512	-6.46867609024
1804.67675781	2.58454060555
1805.98352051	8.58662509918
1807.2902832	-1.20290052891
1808.59692383	-1.64553463459
1809.90368652	-3.37039399147
1811.21044922	5.89603424072
1812.51721191	-15.9347362518
1813.82397461	13.9247093201
1815.13061523	7.97795534134
1816.43737793	-1.79457247257
1817.74414063	7.71000671387
1819.05090332	1.35995483398
1820.35766602	13.3267974854
1821.66442871	9.21043395996
1822.97106934	1.97534179688
1824.27783203	8.31269836426
1825.58459473	14.1862640381
1826.89135742	-1.27038574219
1828.19812012	3.34028625488
1829.50476074	-1.9947052002
1830.81152344	4.55403137207
1832.11828613	0.774261474609
1833.42504883	-1.25807189941
1834.73181152	-7.30471801758
1836.03857422	6.16213989258
1837.34521484	11.3190155029
1838.65197754	4.49446105957
1839.95874023	1.06658935547
1841.26550293	11.0692749023
1842.57226563	-6.12413024902
1843.87890625	3.88566589355
1845.18566895	-0.19807434082
1846.49243164	-4.71502685547
1847.79919434	11.5612640381
1849.10595703	13.8235931396
1850.41259766	5.57585144043
1851.71936035	2.82646179199
1853.02612305	4.7725982666
1854.33288574	8.51385498047
1855.63964844	-2.12033081055
1856.94641113	7.62794494629
1858.25305176	-19.7926330566
1859.55981445	9.95832824707
1860.86657715	5.21572875977
1862.17333984	6.72001647949
1863.48010254	-0.786712646484
1864.78674316	-4.93246459961
1866.09350586	-6.37310791016
1867.40026855	3.8009185791
1868.70703125	11.2322998047
1870.01379395	11.1383056641
1871.32043457	8.02590942383
1872.62719727	-8.14363098145
1873.93395996	-0.177993774414
1875.24072266	-1.33778381348
1876.54748535	4.22099304199
1877.85424805	4.84132385254
1879.16088867	-13.022567749
1880.46765137	-1.14422607422
1881.77441406	4.16770935059
1883.08117676	-0.76252746582
1884.38793945	-1.47903442383
1885.69458008	-10.2744750977
1887.00134277	-6.67025756836
1888.30810547	3.8934173584
1889.61486816	8.1229095459
1890.92163086	4.09796142578
1892.22839355	2.63121032715
1893.53503418	-5.97187805176
1894.84179688	-0.808822631836
1896.14855957	5.25505065918
1897.45532227	4.62202453613
1898.76208496	7.42387390137
1900.06872559	6.97821044922
1901.37548828	-9.87007141113
1902.68225098	-1.35472106934
1903.98901367	6.32702636719
1905.29577637	0.901290893555
1906.60241699	0.442901611328
1907.90917969	-6.28668212891
1909.21594238	3.5051574707
1910.52270508	-5.8018951416
1911.82946777	1.13844299316
1913.13623047	5.08856201172
1914.44287109	-4.52662658691
1915.74963379	-6.13569641113
1917.05639648	-16.9710693359
1918.36315918	-3.97053527832
1919.66992188	4.67428588867
1920.9765625	15.2446289063
1922.2833252	4.39094543457
1923.59008789	-2.67176818848
1924.89685059	7.40158081055
1926.20361328	0.576232910156
1927.51037598	3.54698181152
1928.8170166	4.76016235352
1930.1237793	-5.76077270508
1931.43054199	-2.61428833008
1932.73730469	-2.47830200195
1934.04406738	-6.31854248047
1935.35070801	-3.44987487793
1936.6574707	-8.50575256348
1937.9642334	1.08964538574
1939.27099609	-6.29667663574
1940.57775879	5.65425109863
1941.88439941	-3.17979431152
1943.19116211	3.07363891602
1944.4979248	1.00764465332
1945.8046875	-2.60789489746
1947.1114502	-0.52734375
1948.41821289	-11.3174743652
1949.72485352	-9.87683105469
1951.03161621	-3.18041992188
1952.33837891	-3.04766845703
1953.6451416	-9.65447998047
1954.9519043	2.7315826416
1956.25854492	-3.40380859375
1957.56530762	4.58117675781
1958.87207031	9.61570739746
1960.17883301	-1.37171936035
1961.4855957	-2.25856018066
1962.79223633	-6.8194732666
1964.09899902	2.71411132813
1965.40576172	-9.2286529541
1966.71252441	3.0684967041
1968.01928711	-0.467208862305
1969.3260498	-4.82850646973
1970.63269043	0.713623046875
1971.93945313	4.1095123291
1973.24621582	4.96334838867
1974.55297852	-0.126068115234
1975.85974121	-0.900360107422
1977.16638184	7.18121337891
1978.47314453	7.69319152832
1979.77990723	13.8195800781
1981.08666992	0.231903076172
1982.39343262	3.91960144043
1983.70019531	-0.698806762695
1985.00683594	-4.72247314453
1986.31359863	-1.68563842773
1987.62036133	-8.59484863281
1988.92712402	2.69494628906
1990.23388672	2.7509765625
1991.54052734	-0.693878173828
1992.84729004	-0.388626098633
1994.15405273	-1.1114654541
1995.46081543	1.67483520508
1996.76757813	-4.40661621094
1998.07421875	11.6842651367
1999.38098145	10.5279998779
2000.68774414	-11.4280090332
2001.99450684	11.9013519287
2003.30126953	15.577041626
2004.60803223	9.76490783691
2005.91467285	6.54406738281
2007.22143555	8.26065063477
2008.52819824	11.3521881104
2009.83496094	-1.58096313477
2011.14172363	3.63935852051
2012.44836426	4.71551513672
2013.75512695	-3.23449707031
2015.06188965	0.276184082031
2016.36865234	7.05442810059
2017.67541504	6.36773681641
2018.98217773	12.0040588379
2020.28881836	11.3606872559
2021.59558105	8.35893249512
2022.90234375	6.04356384277
2024.20910645	13.6091308594
2025.51586914	7.61228942871
2026.82250977	1.6947479248
2028.12927246	4.72270202637
2029.43603516	9.34585571289
2030.74279785	9.53170776367
2032.04956055	1.36267089844
2033.35620117	-5.71406555176
2034.66296387	13.2278594971
2035.96972656	15.9857025146
2037.27648926	-5.39582824707
2038.58325195	5.89060974121
2039.89001465	15.1651611328
2041.19665527	16.5980377197
2042.50341797	12.1553497314
2043.81018066	10.6873626709
2045.11694336	6.60891723633
2046.42370605	11.3405761719
2047.73034668	-12.139465332
2049.03710938	4.61491394043
2050.34399414	9.50395202637
2051.65063477	7.11050415039
2052.95727539	13.8387298584
2054.26416016	6.33918762207
2055.57080078	11.0402526855
2056.87768555	10.1558227539
2058.18432617	5.46014404297
2059.4909668	11.622177124
2060.79785156	8.03453063965
2062.10449219	7.2190246582
2063.41137695	2.95208740234
2064.71801758	9.69805908203
2066.0246582	5.90168762207
2067.33154297	15.530380249
2068.63818359	2.89569091797
2069.94506836	10.4762268066
2071.25170898	15.141708374
2072.55834961	14.7710571289
2073.86523438	17.0074920654
2075.171875	9.69247436523
2076.47875977	14.6473693848
2077.78540039	7.00886535645
2079.09204102	8.08534240723
2080.39892578	3.21272277832
2081.70556641	10.7466583252
2083.01245117	11.9876251221
2084.3190918	14.0043029785
2085.62597656	8.64152526855
2086.93261719	14.4445648193
2088.23925781	14.3997344971
2089.54614258	5.46820068359
2090.8527832	5.88681030273
2092.15966797	20.7642059326
2093.46630859	13.2554779053
2094.77294922	11.5928955078
2096.07983398	18.9072723389
2097.38647461	7.37925720215
2098.69335938	9.50498962402
2100	10.3502807617
