300	243.737319946
300.744140625	244.870956421
301.488311768	249.279983521
302.232452393	242.987869263
302.976623535	244.849533081
303.72076416	259.756713867
304.464904785	270.795074463
305.209075928	248.402801514
305.953216553	255.508789063
306.697387695	248.832962036
307.44152832	251.484298706
308.185668945	256.689819336
308.929840088	257.224182129
309.673980713	254.619918823
310.418151855	244.690551758
311.16229248	245.700927734
311.906463623	248.693664551
312.650604248	244.920166016
313.394744873	240.207397461
314.138916016	240.230728149
314.883056641	242.12411499
315.627227783	253.762481689
316.371368408	245.218154907
317.115509033	250.98147583
317.859680176	247.78578186
318.603820801	241.625183105
319.347991943	246.059417725
320.092132568	249.017333984
320.836273193	249.301330566
321.580444336	243.775100708
322.324584961	245.664382935
323.068756104	242.121109009
323.812896729	237.032028198
324.557037354	242.39201355
325.301208496	250.332351685
326.045349121	238.938018799
326.789520264	245.391326904
327.533660889	254.395172119
328.277832031	259.402374268
329.021972656	258.753082275
329.766113281	253.59185791
330.510284424	245.699691772
331.254425049	253.110366821
331.998596191	252.905227661
332.742736816	245.897125244
333.486877441	235.934463501
334.231048584	233.809280396
334.975189209	247.70640564
335.719360352	256.546295166
336.463500977	245.695877075
337.207641602	243.200317383
337.951812744	242.815368652
338.695953369	240.896087646
339.440124512	242.211410522
340.184265137	250.313446045
340.928405762	231.196594238
341.672576904	232.331298828
342.416717529	226.01210022
343.160888672	224.452224731
343.905029297	228.472488403
344.649169922	238.923721313
345.393341064	254.086334229
346.137481689	232.104354858
346.881652832	236.567657471
347.625793457	234.479034424
348.3699646	234.799057007
349.114105225	242.940505981
349.85824585	245.572189331
350.602416992	225.758300781
351.346557617	242.040252686
352.09072876	229.482162476
352.834869385	237.818084717
353.57901001	240.657272339
354.323181152	230.710113525
355.067321777	223.938735962
355.81149292	239.63319397
356.555633545	241.919647217
357.29977417	235.918151855
358.043945313	232.833847046
358.788085938	228.912078857
359.53225708	229.420089722
360.276397705	233.912994385
361.02053833	232.782394409
361.764709473	226.490997314
362.508850098	238.322631836
363.25302124	228.135604858
363.997161865	233.582000732
364.741333008	235.17124939
365.485473633	229.98828125
366.229614258	240.426208496
366.9737854	221.542282104
367.717926025	237.785888672
368.462097168	238.30039978
369.206237793	235.813735962
369.950378418	237.387084961
370.694549561	241.288253784
371.438690186	240.47668457
372.182861328	231.514007568
372.927001953	215.728530884
373.671142578	223.048843384
374.415313721	225.684738159
375.159454346	224.999984741
375.903625488	224.89692688
376.647766113	226.822311401
377.391906738	236.416122437
378.136077881	209.70892334
378.880218506	232.926895142
379.624389648	235.538574219
380.368530273	226.772979736
381.112670898	216.9737854
381.856842041	212.136398315
382.600982666	227.950012207
383.345153809	232.259872437
384.089294434	230.064331055
384.833465576	228.904800415
385.577606201	229.339996338
386.321746826	226.580581665
387.065917969	221.726806641
387.810058594	225.39302063
388.554229736	225.967987061
389.298370361	221.655838013
390.042510986	225.406723022
390.786682129	225.507415771
391.530822754	229.556518555
392.274993896	234.914886475
393.019134521	225.584991455
393.763275146	227.310897827
394.507446289	224.209991455
395.251586914	236.7734375
395.995758057	236.02671814
396.739898682	219.751937866
397.484039307	216.850463867
398.228210449	241.419540405
398.972351074	225.228759766
399.716522217	222.350311279
400.460662842	226.298095703
401.204833984	222.67767334
401.948974609	222.270599365
402.693115234	223.709259033
403.437286377	219.030593872
404.181427002	211.784103394
404.925598145	223.879867554
405.66973877	217.665252686
406.413879395	223.392028809
407.158050537	212.308029175
407.902191162	208.395965576
408.646362305	219.373672485
409.39050293	213.692810059
410.134643555	211.675674438
410.878814697	211.666671753
411.622955322	215.790344238
412.367126465	221.875106812
413.11126709	217.209396362
413.855407715	211.460266113
414.599578857	219.171463013
415.343719482	220.789260864
416.087890625	212.117996216
416.83203125	211.595611572
417.576171875	221.229812622
418.320343018	223.913482666
419.064483643	220.383270264
419.808654785	215.572158813
420.55279541	209.067947388
421.296966553	221.76222229
422.041107178	219.445602417
422.785247803	213.977554321
423.529418945	220.185012817
424.27355957	217.422454834
425.017730713	212.513458252
425.761871338	221.789627075
426.506011963	211.29800415
427.250183105	221.402679443
427.99432373	213.925186157
428.738494873	215.596740723
429.482635498	220.976287842
430.226776123	219.046890259
430.970947266	208.139572144
431.715087891	201.347717285
432.459259033	217.562362671
433.203399658	220.543914795
433.947540283	211.484146118
434.691711426	218.789657593
435.435852051	220.702545166
436.180023193	211.414215088
436.924163818	204.862960815
437.668334961	204.159072876
438.412475586	202.130859375
439.156616211	210.924240112
439.900787354	216.627807617
440.644927979	208.805953979
441.389099121	207.567138672
442.133239746	220.228118896
442.877380371	226.095703125
443.621551514	210.441513062
444.365692139	203.483276367
445.109863281	207.785324097
445.854003906	214.435287476
446.598144531	213.440536499
447.342315674	205.88835144
448.086456299	202.394515991
448.830627441	209.681549072
449.574768066	202.429122925
450.318908691	198.03894043
451.063079834	200.736755371
451.807220459	201.400192261
452.551391602	206.487854004
453.295532227	207.21005249
454.039703369	200.972229004
454.783843994	217.772186279
455.527984619	225.919570923
456.272155762	210.350402832
457.016296387	195.836547852
457.760467529	198.394210815
458.504608154	203.41343689
459.248748779	204.641983032
459.992919922	207.398132324
460.737060547	199.865188599
461.481231689	192.603485107
462.225372314	210.42338562
462.969512939	209.839981079
463.713684082	205.336166382
464.457824707	199.492706299
465.20199585	199.671768188
465.946136475	214.008483887
466.6902771	211.977767944
467.434448242	202.945526123
468.178588867	207.205154419
468.92276001	200.812759399
469.666900635	200.007644653
470.41104126	202.866409302
471.155212402	201.843048096
471.899353027	198.930252075
472.64352417	194.950439453
473.387664795	206.29359436
474.131835938	205.103775024
474.875976563	200.908691406
475.620117188	199.860214233
476.36428833	205.08807373
477.108428955	207.957305908
477.852600098	198.007766724
478.596740723	206.227081299
479.340881348	199.533218384
480.08505249	186.728515625
480.829193115	189.798873901
481.573364258	196.736328125
482.317504883	200.69581604
483.061645508	201.897506714
483.80581665	198.746704102
484.549957275	186.872024536
485.294128418	200.851577759
486.038269043	194.283035278
486.782409668	201.025115967
487.526580811	198.622192383
488.270721436	188.342132568
489.014892578	186.240982056
489.759033203	191.532424927
490.503204346	180.661209106
491.247344971	180.369049072
491.991485596	177.769256592
492.735656738	183.241989136
493.479797363	188.059432983
494.223968506	182.152435303
494.968109131	174.549346924
495.712249756	184.727630615
496.456420898	194.489593506
497.200561523	199.166687012
497.944732666	202.016448975
498.688873291	188.359146118
499.433013916	185.479125977
500.177185059	190.162734985
500.921325684	186.563934326
501.665496826	176.980560303
502.409637451	186.633880615
503.153778076	186.048858643
503.897949219	181.174224854
504.642089844	173.40802002
505.386260986	171.452636719
506.130401611	180.207336426
506.874542236	187.067398071
507.618713379	176.869522095
508.362854004	164.441925049
509.107025146	169.710235596
509.851165771	185.214111328
510.595336914	186.677124023
511.339477539	179.719528198
512.083618164	181.094711304
512.827758789	188.705871582
513.571960449	188.25062561
514.316101074	179.264297485
515.060241699	173.114059448
515.804382324	182.798065186
516.548522949	181.854522705
517.292724609	184.536026001
518.036865234	174.910186768
518.781005859	172.92817688
519.525146484	186.482772827
520.269287109	181.093612671
521.01348877	179.649932861
521.757629395	179.063735962
522.50177002	174.024093628
523.245910645	179.100814819
523.99005127	176.686767578
524.73425293	175.417053223
525.478393555	180.615036011
526.22253418	181.684387207
526.966674805	179.906677246
527.71081543	174.627441406
528.45501709	175.166213989
529.199157715	165.323120117
529.94329834	168.681442261
530.687438965	177.64263916
531.43157959	179.723388672
532.17578125	178.004547119
532.919921875	184.589096069
533.6640625	179.334823608
534.408203125	179.629058838
535.15234375	170.941360474
535.89654541	176.600357056
536.640686035	183.141983032
537.38482666	175.934326172
538.128967285	169.347015381
538.873168945	180.784759521
539.61730957	169.833358765
540.361450195	176.60446167
541.10559082	181.158508301
541.849731445	176.994567871
542.593933105	172.207107544
543.33807373	175.474487305
544.082214355	179.172134399
544.82635498	174.836975098
545.570495605	174.567764282
546.314697266	195.455383301
547.058837891	184.259399414
547.802978516	179.077468872
548.547119141	178.222824097
549.291259766	176.675537109
550.035461426	175.479278564
550.779602051	176.85244751
551.523742676	179.125656128
552.267883301	178.149291992
553.012023926	176.380493164
553.756225586	174.611450195
554.500366211	185.019088745
555.244506836	187.192672729
555.988647461	180.987365723
556.732788086	177.340545654
557.476989746	181.155563354
558.221130371	185.782913208
558.965270996	186.432342529
559.709411621	187.907409668
560.453552246	185.234649658
561.197753906	189.205108643
561.941894531	186.179428101
562.686035156	178.271911621
563.430175781	176.715438843
564.174316406	184.16255188
564.918518066	188.891433716
565.662658691	186.029754639
566.406799316	178.353775024
567.150939941	184.404251099
567.895080566	191.790374756
568.639282227	187.540969849
569.383422852	181.102523804
570.127563477	181.589233398
570.871704102	188.926605225
571.615905762	195.287765503
572.360046387	171.170593262
573.104187012	179.167388916
573.848327637	190.588653564
574.592468262	186.282455444
575.336669922	186.236251831
576.080810547	191.113693237
576.824951172	189.49697876
577.569091797	179.980224609
578.313232422	178.445251465
579.057434082	191.01109314
579.801574707	191.900268555
580.545715332	194.105453491
581.289855957	187.877685547
582.033996582	185.803283691
582.778198242	194.430099487
583.522338867	199.872955322
584.266479492	191.806900024
585.010620117	187.551208496
585.754760742	177.444854736
586.498962402	184.564025879
587.243103027	179.777328491
587.987243652	181.751831055
588.731384277	189.262161255
589.475524902	189.027603149
590.219726563	182.368240356
590.963867188	183.095306396
591.708007813	191.813476563
592.452148438	186.157440186
593.196289063	179.923599243
593.940490723	193.844940186
594.684631348	192.687744141
595.428771973	188.904022217
596.172912598	194.523040771
596.917053223	198.184524536
597.661254883	190.365829468
598.405395508	187.472686768
599.149536133	191.802352905
599.893676758	187.633651733
600.637817383	175.479232788
601.382019043	188.324462891
602.126159668	189.658981323
602.870300293	191.511169434
603.614440918	191.216278076
604.358581543	184.766525269
605.102783203	189.938110352
605.846923828	195.108657837
606.591064453	166.800323486
607.335205078	188.497940063
608.079406738	199.06652832
608.823547363	192.349517822
609.567687988	189.293807983
610.311828613	192.140991211
611.055969238	187.237167358
611.800170898	180.152038574
612.544311523	204.248474121
613.288452148	206.305374146
614.032592773	183.099304199
614.776733398	187.426712036
615.520935059	203.641464233
616.265075684	196.904891968
617.009216309	187
617.753356934	187.363098145
618.497497559	186.794815063
619.241699219	186.446975708
619.985839844	202.601074219
620.729980469	182.007736206
621.474121094	194.619110107
622.218261719	195.140701294
622.962463379	190.369812012
623.706604004	191.824081421
624.450744629	196.026947021
625.194885254	197.103515625
625.939025879	197.058059692
626.683227539	195.897613525
627.427368164	195.001602173
628.171508789	194.107650757
628.915649414	193.474487305
629.659790039	210.445159912
630.403991699	210.589416504
631.148132324	206.113449097
631.892272949	206.087814331
632.636413574	207.602539063
633.380554199	215.33631897
634.124755859	205.841918945
634.868896484	213.314865112
635.613037109	207.399475098
636.357177734	193.055877686
637.101318359	194.935638428
637.84552002	201.606643677
638.589660645	197.545608521
639.33380127	189.113296509
640.077941895	188.30557251
640.82208252	186.617736816
641.56628418	197.171691895
642.310424805	201.659118652
643.05456543	195.088027954
643.798706055	189.061965942
644.542907715	202.536026001
645.28704834	208.705505371
646.031188965	199.13331604
646.77532959	197.644577026
647.519470215	215.83354187
648.263671875	218.325546265
649.0078125	205.536895752
649.751953125	197.75177002
650.49609375	204.863998413
651.240234375	205.71685791
651.984436035	202.279251099
652.72857666	207.311203003
653.472717285	205.382797241
654.21685791	195.369018555
654.960998535	203.304748535
655.705200195	211.552764893
656.44934082	197.121337891
657.193481445	210.938903809
657.93762207	209.638885498
658.681762695	212.772857666
659.425964355	212.914520264
660.17010498	211.830566406
660.914245605	211.530456543
661.65838623	207.610702515
662.402526855	201.729064941
663.146728516	210.258911133
663.890869141	206.987014771
664.635009766	206.08732605
665.379150391	204.914093018
666.123291016	205.857910156
666.867492676	209.003387451
667.611633301	211.530578613
668.355773926	208.976638794
669.099914551	203.585494995
669.844055176	201.034194946
670.588256836	200.675506592
671.332397461	221.201583862
672.076538086	206.195144653
672.820678711	212.200820923
673.564819336	201.928146362
674.309020996	217.398529053
675.053161621	221.833953857
675.797302246	216.294235229
676.541442871	216.666671753
677.285583496	218.636627197
678.029785156	223.520797729
678.773925781	216.52532959
679.518066406	208.395370483
680.262207031	210.86517334
681.006408691	209.298446655
681.750549316	214.000076294
682.494689941	212.674377441
683.238830566	211.246917725
683.982971191	215.393447876
684.727172852	218.581832886
685.471313477	214.251663208
686.215454102	203.936035156
686.959594727	206.648468018
687.703735352	219.539245605
688.447937012	204.685531616
689.192077637	211.765213013
689.936218262	219.401184082
690.680358887	220.297225952
691.424499512	212.430938721
692.168701172	206.38142395
692.912841797	215.890899658
693.656982422	223.8230896
694.401123047	220.211593628
695.145263672	210.861083984
695.889465332	219.157333374
696.633605957	216.608673096
697.377746582	209.333526611
698.121887207	217.389404297
698.866027832	219.607833862
699.610229492	213.89831543
700.354370117	219.021209717
701.098510742	226.61126709
701.842651367	220.93069458
702.586791992	220.330108643
703.330993652	220.027450562
704.075134277	217.528945923
704.819274902	222.850875854
705.563415527	218.407287598
706.307556152	224.846923828
707.051757813	234.238494873
707.795898438	228.859573364
708.540039063	219.389007568
709.284179688	225.293746948
710.028320313	227.191665649
710.772521973	232.947067261
711.516662598	226.113723755
712.260803223	237.973464966
713.004943848	226.923873901
713.749084473	229.643051147
714.493286133	222.798522949
715.237426758	214.389205933
715.981567383	222.362991333
716.725708008	231.471786499
717.469909668	226.95262146
718.214050293	217.824111938
718.958190918	231.770278931
719.702331543	239.753540039
720.446472168	236.645111084
721.190673828	230.668365479
721.934814453	232.400772095
722.678955078	227.050750732
723.423095703	232.837600708
724.167236328	244.684448242
724.911437988	237.158996582
725.655578613	235.121185303
726.399719238	227.557388306
727.143859863	226.343566895
727.888000488	235.360748291
728.632202148	237.417724609
729.376342773	237.425384521
730.120483398	235.218292236
730.864624023	234.908752441
731.608764648	239.324111938
732.352966309	241.450378418
733.097106934	241.590942383
733.841247559	249.115936279
734.585388184	237.752944946
735.329528809	232.89781189
736.073730469	248.389190674
736.817871094	255.813583374
737.562011719	249.249603271
738.306152344	243.35899353
739.050292969	240.138412476
739.794494629	237.380279541
740.538635254	240.984893799
741.282775879	250.035446167
742.026916504	251.143768311
742.771057129	245.859680176
743.515258789	239.236465454
744.259399414	249.877822876
745.003540039	255.001403809
745.747680664	245.68838501
746.491821289	241.362472534
747.236022949	243.331298828
747.980163574	236.717605591
748.724304199	239.801864624
749.468444824	250.272369385
750.212585449	252.98387146
750.956787109	269.330200195
751.700927734	250.817245483
752.445068359	258.179626465
753.189208984	245.366638184
753.933410645	256.925109863
754.67755127	261.848205566
755.421691895	259.9871521
756.16583252	256.330749512
756.909973145	256.328582764
757.654174805	262.418457031
758.39831543	267.346862793
759.142456055	264.748382568
759.88659668	264.309936523
760.630737305	263.848510742
761.374938965	302.630828857
762.11907959	284.201965332
762.863220215	298.306304932
763.60736084	259.587249756
764.351501465	359.995758057
765.095703125	263.588195801
765.83984375	264.164398193
766.583984375	265.96206665
767.328125	256.974029541
768.072265625	253.770965576
768.816467285	258.356292725
769.56060791	264.5859375
770.304748535	272.226928711
771.04888916	268.414916992
771.793029785	252.667694092
772.537231445	273.459960938
773.28137207	269.102020264
774.025512695	256.792877197
774.76965332	254.628952026
775.513793945	258.570953369
776.257995605	262.201599121
777.00213623	266.75668335
777.746276855	273.666137695
778.49041748	264.052703857
779.234558105	253.344665527
779.978759766	267.088287354
780.722900391	266.106750488
781.467041016	263.156494141
782.211181641	272.875152588
782.955322266	275.632324219
783.699523926	269.577911377
784.443664551	273.497528076
785.187805176	279.206604004
785.931945801	269.39855957
786.676086426	269.914428711
787.420288086	274.61428833
788.164428711	268.959899902
788.908569336	279.092468262
789.652709961	273.887878418
790.396911621	273.785858154
791.141052246	289.781829834
791.885192871	285.682373047
792.629333496	274.227020264
793.373474121	273.584320068
794.117675781	274.822509766
794.861816406	272.809631348
795.605957031	281.410217285
796.350097656	290.059020996
797.094238281	282.376983643
797.838439941	299.852539063
798.582580566	272.876037598
799.326721191	285.668884277
800.070861816	285.386962891
800.815002441	281.392822266
801.559204102	281.602600098
802.303344727	285.283996582
803.047485352	290.039703369
803.791625977	292.389648438
804.535766602	288.444274902
805.279968262	280.345703125
806.024108887	277.249450684
806.768249512	280.828033447
807.512390137	278.065765381
808.256530762	298.123718262
809.000732422	292.915252686
809.744873047	284.107757568
810.489013672	292.622711182
811.233154297	283.739379883
811.977294922	281.592285156
812.721496582	284.107727051
813.465637207	283.319213867
814.209777832	296.423919678
814.953918457	305.776641846
815.698059082	298.593597412
816.442260742	289.666656494
817.186401367	289.666656494
817.930541992	299.050506592
818.674682617	294.451538086
819.418823242	288.783325195
820.163024902	300.086547852
820.907165527	301.341705322
821.651306152	293.721893311
822.395446777	299.560546875
823.139587402	308.021087646
823.883789063	298.966308594
824.627929688	290.511230469
825.372070313	291.948516846
826.116210938	300.588897705
826.860412598	281.642425537
827.604553223	309.395294189
828.348693848	299.572875977
829.092834473	293.990722656
829.836975098	288.956817627
830.581176758	292.243408203
831.325317383	300.478973389
832.069458008	302.697357178
832.813598633	298.851257324
833.557739258	290.91192627
834.301940918	286.026000977
835.046081543	299.933074951
835.790222168	297.533416748
836.534362793	292.743835449
837.278503418	305.400939941
838.022705078	290.82131958
838.766845703	302.452819824
839.510986328	293.029388428
840.255126953	302.253326416
840.999267578	303.033111572
841.743469238	306.397399902
842.487609863	309.285980225
843.231750488	305.991516113
843.975891113	307.221923828
844.720031738	309.493927002
845.464233398	305.042663574
846.208374023	312.691040039
846.952514648	315.090576172
847.696655273	310.443389893
848.440795898	303.091400146
849.184997559	304.837097168
849.929138184	304.569091797
850.673278809	314.280029297
851.417419434	303.072021484
852.161560059	309.169189453
852.905761719	315.540924072
853.649902344	309
854.394042969	304.416320801
855.138183594	294.114227295
855.882324219	293.063293457
856.626525879	304.192443848
857.370666504	300.277832031
858.114807129	318.578094482
858.858947754	300.453857422
859.603088379	312.707611084
860.347290039	316.049926758
861.091430664	302.926422119
861.835571289	294.421020508
862.579711914	303.521942139
863.323913574	309.621307373
864.068054199	306.814086914
864.812194824	301.824859619
865.556335449	292.313812256
866.300476074	287.427581787
867.044677734	298.160949707
867.788818359	296.12109375
868.532958984	285.70223999
869.277099609	286.636169434
870.021240234	290.572357178
870.765441895	292.38861084
871.50958252	287.042663574
872.253723145	279.504577637
872.99786377	274.67880249
873.742004395	272.578552246
874.486206055	270.00201416
875.23034668	273.051757813
875.974487305	284.061889648
876.71862793	287.663543701
877.462768555	280.277770996
878.206970215	283.534362793
878.95111084	270.114837646
879.695251465	288.964355469
880.43939209	288.031494141
881.183532715	267.820037842
881.927734375	268.742523193
882.671875	266.501464844
883.416015625	269.909820557
884.16015625	276.379699707
884.904296875	274.577331543
885.648498535	273.379302979
886.39263916	269.96673584
887.136779785	264.865539551
887.88092041	266.272796631
888.625061035	264.841522217
889.369262695	266.705047607
890.11340332	262.878631592
890.857543945	255.527191162
891.60168457	263.641326904
892.345825195	245.931335449
893.090026855	247.56628418
893.83416748	260.095916748
894.578308105	245.953552246
895.32244873	255.801574707
896.066589355	258.42175293
896.810791016	258.087188721
897.554931641	254.643661499
898.299072266	245.260910034
899.043212891	244.915496826
899.787414551	251.730728149
900.531555176	249.061264038
901.275695801	244.413848877
902.019836426	241.364730835
902.763977051	239.86050415
903.508178711	255.798629761
904.252319336	250.136932373
904.996459961	236.970993042
905.740600586	230.713653564
906.484741211	236.58782959
907.228942871	231.073196411
907.973083496	245.489242554
908.717224121	247.925186157
909.461364746	240.503875732
910.205505371	235.935974121
910.949707031	229.541229248
911.693847656	231.010864258
912.437988281	234.038650513
913.182128906	225.000518799
913.926269531	240.42124939
914.670471191	240.927261353
915.414611816	240.034667969
916.158752441	242.85118103
916.902893066	237.353469849
917.647033691	224.481643677
918.391235352	224.829910278
919.135375977	217.820510864
919.879516602	222.940994263
920.623657227	237.431503296
921.367797852	235.782440186
922.111999512	228.650054932
922.856140137	228.861022949
923.600280762	228.786010742
924.344421387	226.611999512
925.088562012	222.283279419
925.832763672	224.205963135
926.576904297	215.524688721
927.321044922	221.839736938
928.065185547	224.406890869
928.809326172	233.83152771
929.553527832	222.137023926
930.297668457	229.552230835
931.041809082	230.041091919
931.785949707	232.29989624
932.530090332	222.756072998
933.274291992	218.340072632
934.018432617	219.364730835
934.762573242	226.366851807
935.506713867	226.83114624
936.250915527	217.956558228
936.995056152	218.080307007
937.739196777	220.369491577
938.483337402	223.989898682
939.227478027	230.383560181
939.971679688	229.000015259
940.715820313	213.775009155
941.459960938	232.966583252
942.204101563	232.716079712
942.948242188	234.116439819
943.692443848	225.379501343
944.436584473	234.98677063
945.180725098	224.099777222
945.924865723	226.65512085
946.669006348	230.541976929
947.413208008	221.370849609
948.157348633	221.921768188
948.901489258	234.343399048
949.645629883	234.175842285
950.389770508	226.173034668
951.133972168	228.400222778
951.878112793	227.030883789
952.622253418	223.925079346
953.366394043	220.312042236
954.110534668	223.90385437
954.854736328	241.276397705
955.598876953	214.951507568
956.343017578	231.130630493
957.087158203	228.319763184
957.831298828	230.726852417
958.575500488	235.313247681
959.319641113	224.711181641
960.063781738	227.934356689
960.807922363	239.990478516
961.552062988	232.891281128
962.296264648	223.065231323
963.040405273	220.120147705
963.784545898	213.666671753
964.528686523	220.686325073
965.272827148	233.680908203
966.017028809	224.287734985
966.761169434	216.483413696
967.505310059	211.889648438
968.249450684	227.984481812
968.993591309	221.340438843
969.737792969	227.654083252
970.481933594	232.786056519
971.226074219	220.067703247
971.970214844	213.960479736
972.714416504	219.440750122
973.458557129	227.901199341
974.202697754	227.240493774
974.946838379	223.556915283
975.690979004	229.559356689
976.435180664	231.568084717
977.179321289	221.001190186
977.923461914	215.742843628
978.667602539	223.875549316
979.411743164	233.573379517
980.155944824	237.464141846
980.900085449	234.338088989
981.644226074	238.986480713
982.388366699	226.701446533
983.132507324	242.557174683
983.876708984	240.338912964
984.620849609	233.378494263
985.364990234	236.596908569
986.109130859	230.181915283
986.853271484	236.768234253
987.597473145	246.465438843
988.34161377	235.35345459
989.085754395	245.476470947
989.82989502	236.560668945
990.574035645	241.786880493
991.318237305	244.374801636
992.06237793	236.871414185
992.806518555	248.251449585
993.55065918	255.146057129
994.294799805	245.658782959
995.039001465	247.260040283
995.78314209	250.052902222
996.527282715	251.149093628
997.27142334	252.45539856
998.015563965	264.365081787
998.759765625	251.015167236
999.50390625	244.33102417
1000.24804688	230.996276855
1000.9921875	250.598327637
1001.73632813	240.623443604
1002.48052979	241.111358643
1003.22467041	246.030151367
1003.96881104	265.901428223
1004.71295166	256.049255371
1005.45709229	249.900177002
1006.20129395	252.373916626
1006.94543457	256.591156006
1007.6895752	255.51965332
1008.43371582	262.692779541
1009.17791748	267.686126709
1009.92205811	255.666671753
1010.66619873	259.93069458
1011.41033936	266.533050537
1012.15447998	261.688018799
1012.89868164	266.836395264
1013.64282227	266.61605835
1014.38696289	276.948272705
1015.13110352	265.328857422
1015.87524414	282.238800049
1016.6194458	274.586791992
1017.36358643	282.658233643
1018.10772705	280.688171387
1018.85186768	262.444793701
1019.5960083	275.703399658
1020.34020996	277.492156982
1021.08435059	282.592956543
1021.82849121	277.864318848
1022.57263184	282.473724365
1023.31677246	284.610595703
1024.06091309	285.731170654
1024.80505371	291.829589844
1025.54931641	298.235321045
1026.29345703	293.211242676
1027.03759766	280.710754395
1027.78173828	279.445251465
1028.52587891	283.665466309
1029.27001953	294.417663574
1030.01416016	291.072052002
1030.75830078	285.728118896
1031.50244141	289.711975098
1032.24658203	292.587524414
1032.99084473	294.745544434
1033.73498535	282.404724121
1034.47912598	300.981384277
1035.2232666	308.745178223
1035.96740723	311.39630127
1036.71154785	303.517303467
1037.45568848	299.856536865
1038.1998291	300.608520508
1038.94396973	315.492584229
1039.68811035	315.516937256
1040.43237305	313.860473633
1041.17651367	312.515045166
1041.9206543	308.683868408
1042.66479492	308.251068115
1043.40893555	316.02130127
1044.15307617	314.402587891
1044.8972168	314.100952148
1045.64135742	327.003112793
1046.38549805	315.857086182
1047.12963867	304.218475342
1047.87390137	326.772613525
1048.61804199	338.423095703
1049.36218262	323.260375977
1050.10632324	317.527801514
1050.85046387	320.488891602
1051.59460449	318.630096436
1052.33874512	314.04083252
1053.08288574	324.273925781
1053.82702637	322.191436768
1054.57116699	327.948120117
1055.31542969	315.088653564
1056.05957031	323.081817627
1056.80371094	318.909545898
1057.54785156	335.548797607
1058.29199219	318.205291748
1059.03613281	325.694610596
1059.78027344	327.76852417
1060.52441406	338.419708252
1061.26855469	340.451843262
1062.01281738	342.194061279
1062.75695801	336.659332275
1063.50109863	329.488433838
1064.24523926	338.729705811
1064.98937988	339.902526855
1065.73352051	332.685638428
1066.47766113	340.509735107
1067.22180176	342.426605225
1067.96594238	334.994232178
1068.71008301	328.881286621
1069.4543457	335.663513184
1070.19848633	331.717559814
1070.94262695	349.401031494
1071.68676758	345.70904541
1072.4309082	338.186035156
1073.17504883	333.19418335
1073.91918945	338.517028809
1074.66333008	346.727905273
1075.4074707	345.811462402
1076.15161133	344.034790039
1076.89587402	362.085540771
1077.64001465	355.837005615
1078.38415527	352.1690979
1079.1282959	349.386230469
1079.87243652	345.85760498
1080.61657715	356.398254395
1081.36071777	351.819030762
1082.1048584	353.794403076
1082.84899902	352.237304688
1083.59313965	359.511749268
1084.33740234	356.965423584
1085.08154297	364.838012695
1085.82568359	360.731903076
1086.56982422	348.570495605
1087.31396484	347.282348633
1088.05810547	350.542572021
1088.80224609	357.811981201
1089.54638672	357.717041016
1090.29052734	367.035552979
1091.03466797	371.349456787
1091.77893066	373.880279541
1092.52307129	376.209472656
1093.26721191	366.604766846
1094.01135254	362.484008789
1094.75549316	369.572113037
1095.49963379	371.31854248
1096.24377441	360.421356201
1096.98791504	365.0050354
1097.73205566	370.583770752
1098.47631836	380.30355835
1099.22045898	368.308013916
1099.96459961	372.758056641
1100.70874023	372.295593262
1101.45288086	381.244750977
1102.19702148	380.540222168
1102.94116211	374.421875
1103.68530273	376.407897949
1104.42944336	380.084838867
1105.17358398	381.208892822
1105.91784668	384.988494873
1106.6619873	387.235748291
1107.40612793	379.934753418
1108.15026855	374.243927002
1108.89440918	384.782745361
1109.6385498	391.494750977
1110.38269043	397.077209473
1111.12683105	393.335205078
1111.87097168	389.750793457
1112.6151123	405.412109375
1113.359375	400.733551025
1114.10351563	399.841796875
1114.84765625	403.352325439
1115.59179688	404.624511719
1116.3359375	407.108062744
1117.08007813	414.525482178
1117.82421875	410.772277832
1118.56835938	410.472045898
1119.3125	405.109527588
1120.05664063	413.05255127
1120.80090332	428.304138184
1121.54504395	417.769287109
1122.28918457	403.171020508
1123.0333252	407.215118408
1123.77746582	416.024749756
1124.52160645	422.037322998
1125.26574707	415.447174072
1126.0098877	408.752410889
1126.75402832	411.151489258
1127.49816895	420.137207031
1128.24243164	426.793182373
1128.98657227	422.554351807
1129.73071289	432.33782959
1130.47485352	427.568664551
1131.21899414	431.886932373
1131.96313477	449.374084473
1132.70727539	447.461700439
1133.45141602	432.506103516
1134.19555664	425.845123291
1134.93981934	438.395843506
1135.68395996	449.412506104
1136.42810059	449.783477783
1137.17224121	457.516448975
1137.91638184	462.259155273
1138.66052246	455.799743652
1139.40466309	453.562866211
1140.14880371	468.241485596
1140.89294434	455.369415283
1141.63708496	468.576293945
1142.38134766	460.592498779
1143.12548828	475.88961792
1143.86962891	496.201141357
1144.61376953	480.477172852
1145.35791016	488.692474365
1146.10205078	506.647705078
1146.84619141	499.265106201
1147.59033203	508.116729736
1148.33447266	511.983673096
1149.07861328	501.430755615
1149.82287598	509.586303711
1150.5670166	525.272460938
1151.31115723	517.402709961
1152.05529785	506.246551514
1152.79943848	511.487792969
1153.5435791	516.030456543
1154.28771973	520.87701416
1155.03186035	531.740356445
1155.77600098	531.264221191
1156.5201416	530.125488281
1157.2644043	520.45300293
1158.00854492	542.058105469
1158.75268555	529.285400391
1159.49682617	536.718139648
1160.2409668	552.99609375
1160.98510742	538.625305176
1161.72924805	530.364257813
1162.47338867	561.729736328
1163.2175293	556.593444824
1163.96166992	554.402099609
1164.70593262	547.815856934
1165.45007324	534.535766602
1166.19421387	563.084899902
1166.93835449	558.538818359
1167.68249512	547.118530273
1168.42663574	555.516723633
1169.17077637	565.893188477
1169.91491699	567.326477051
1170.65905762	566.090393066
1171.40332031	564.257446289
1172.14746094	559.260986328
1172.89160156	562.847900391
1173.63574219	564.040649414
1174.37988281	557.14276123
1175.12402344	558.54876709
1175.86816406	552.054077148
1176.61230469	572.577697754
1177.35644531	553.384216309
1178.10058594	558.761291504
1178.84484863	571.591186523
1179.58898926	592.344055176
1180.33312988	569.802734375
1181.07727051	586.42578125
1181.82141113	590.399841309
1182.56555176	568.472412109
1183.30969238	579.830688477
1184.05383301	580.400939941
1184.79797363	583.944274902
1185.54211426	592.196350098
1186.28637695	592.676696777
1187.03051758	584.095947266
1187.7746582	579.17956543
1188.51879883	589.182128906
1189.26293945	598.38269043
1190.00708008	591.410949707
1190.7512207	592.233581543
1191.49536133	608.435852051
1192.23950195	603.303161621
1192.98364258	593.380310059
1193.72790527	605.66204834
1194.4720459	582.701721191
1195.21618652	596.442443848
1195.96032715	607.92791748
1196.70446777	617.459350586
1197.4486084	629.243103027
1198.19274902	608.64276123
1198.93688965	619.252990723
1199.68103027	619.014221191
1200.4251709	598.71496582
1201.16943359	617.394897461
1201.91357422	606.658874512
1202.65771484	623.657897949
1203.40185547	631.38659668
1204.14599609	629.589172363
1204.89013672	637.71270752
1205.63427734	634.312683105
1206.37841797	627.561523438
1207.12255859	633.598205566
1207.86682129	633.678405762
1208.61096191	632.893249512
1209.35510254	648.064575195
1210.09924316	643.869018555
1210.84338379	638.007995605
1211.58752441	647.687011719
1212.33166504	639.375183105
1213.07580566	650.578674316
1213.81994629	660.114013672
1214.56408691	641.738769531
1215.30834961	655.399108887
1216.05249023	655.159729004
1216.79663086	682.323608398
1217.54077148	689.036987305
1218.28491211	682.427001953
1219.02905273	673.943664551
1219.77319336	657.704833984
1220.51733398	652.171386719
1221.26147461	662.510620117
1222.00561523	663.301696777
1222.74987793	696.213195801
1223.49401855	687.735107422
1224.23815918	677.174194336
1224.9822998	685.883605957
1225.72644043	682.957092285
1226.47058105	684.729248047
1227.21472168	691.061584473
1227.9588623	699.101806641
1228.70300293	714.685974121
1229.44714355	705.766174316
1230.19140625	717.953979492
1230.93554688	722.659729004
1231.6796875	709.302124023
1232.42382813	709.434448242
1233.16796875	720.745361328
1233.91210938	727.282592773
1234.65625	721.221374512
1235.40039063	720.943054199
1236.14453125	736.288696289
1236.88867188	733.984741211
1237.63293457	726.084777832
1238.3770752	740.748657227
1239.12121582	748.122924805
1239.86535645	743.922668457
1240.60949707	757.144165039
1241.3536377	732.989257813
1242.09777832	745.202819824
1242.84191895	766.664428711
1243.58605957	740.925598145
1244.33032227	762.166259766
1245.07446289	784.984313965
1245.81860352	774.690673828
1246.56274414	779.551086426
1247.30688477	788.208557129
1248.05102539	827.362487793
1248.79516602	798.493408203
1249.53930664	805.375793457
1250.28344727	802.233398438
1251.02758789	782.886474609
1251.77185059	781.812805176
1252.51599121	792.28503418
1253.26013184	799.981750488
1254.00427246	817.704650879
1254.74841309	823.879577637
1255.49255371	826.288330078
1256.23669434	838.156555176
1256.98083496	848.351013184
1257.72497559	859.084228516
1258.46911621	846.418334961
1259.21337891	836.425231934
1259.95751953	841.501525879
1260.70166016	856.890136719
1261.44580078	865.080505371
1262.18994141	887.331298828
1262.93408203	909.916931152
1263.67822266	883.343322754
1264.42236328	895.524841309
1265.16650391	912.486755371
1265.91064453	927.208251953
1266.65490723	913.089538574
1267.39904785	913.49621582
1268.14318848	920.160888672
1268.8873291	908.110229492
1269.63146973	942.61315918
1270.37561035	930.214904785
1271.11975098	939.923034668
1271.8638916	959.990844727
1272.60803223	956.424865723
1273.35217285	973.794250488
1274.09643555	962.980834961
1274.84057617	1000.4039917
1275.5847168	1035.28149414
1276.32885742	1009.03900146
1277.07299805	1030.22473145
1277.81713867	1036.91223145
1278.5612793	1059.72583008
1279.30541992	1056.68432617
1280.04956055	1064.06640625
1280.79382324	1051.85229492
1281.53796387	1061.375
1282.28210449	1048.80957031
1283.02624512	1079.75488281
1283.77038574	1089.91894531
1284.51452637	1074.06469727
1285.25866699	1099.5279541
1286.00280762	1102.98669434
1286.74694824	1107.96362305
1287.49108887	1137.51794434
1288.23535156	1159.40710449
1288.97949219	1163.3170166
1289.72363281	1178.96386719
1290.46777344	1202.11071777
1291.21191406	1202.5592041
1291.95605469	1200.0838623
1292.70019531	1225.06835938
1293.44433594	1233.58654785
1294.18847656	1237.17004395
1294.93261719	1263.88220215
1295.67687988	1261.57226563
1296.42102051	1264.14758301
1297.16516113	1290.62426758
1297.90930176	1295.49255371
1298.65344238	1321.2833252
1299.39758301	1327.09069824
1300.14172363	1308.09680176
1300.88586426	1344.29968262
1301.63000488	1354.59020996
1302.37414551	1379.7902832
1303.1184082	1382.82019043
1303.86254883	1391.62756348
1304.60668945	1416.29760742
1305.35083008	1430.33044434
1306.0949707	1434.35656738
1306.83911133	1425.82128906
1307.58325195	1462.06140137
1308.32739258	1496.95227051
1309.0715332	1454.84387207
1309.81567383	1489.66247559
1310.55993652	1512.85742188
1311.30407715	1509.24121094
1312.04821777	1554.33972168
1312.7923584	1585.875
1313.53649902	1550.40466309
1314.28063965	1561.89245605
1315.02478027	1613.03747559
1315.7689209	1603.16186523
1316.51306152	1627.79321289
1317.25732422	1634.58642578
1318.00146484	1675.43164063
1318.74560547	1707.74133301
1319.48974609	1674.83508301
1320.23388672	1741.81274414
1320.97802734	1690.37121582
1321.72216797	1718.32067871
1322.46630859	1767.31616211
1323.21044922	1796.76257324
1323.95458984	1794.53845215
1324.69885254	1799.66625977
1325.44299316	1806.7565918
1326.18713379	1805.33642578
1326.93127441	1847.46777344
1327.67541504	1850.01843262
1328.41955566	1889.09130859
1329.16369629	1914.28601074
1329.90783691	1887.3145752
1330.65197754	1894.05957031
1331.39611816	1909.57409668
1332.14038086	1904.84741211
1332.88452148	1936.05480957
1333.62866211	1944.67321777
1334.37280273	1956.12939453
1335.11694336	1959.21130371
1335.86108398	1953.63000488
1336.60522461	1953.01184082
1337.34936523	1960.31762695
1338.09350586	1993.18249512
1338.83764648	1992.17810059
1339.58190918	1985.67565918
1340.3260498	2008.96105957
1341.07019043	2031.54003906
1341.81433105	2048.04321289
1342.55847168	2051.8425293
1343.3026123	2059.98120117
1344.04675293	2065.30859375
1344.79089355	2063.96069336
1345.53503418	2040.10119629
1346.2791748	2025.25512695
1347.0234375	2037.33093262
1347.76757813	2012.10559082
1348.51171875	2037.65209961
1349.25585938	2064.52490234
1350	2055.23388672
1350.74414063	2038.54064941
1351.48828125	2022.26489258
1352.23242188	2015.57092285
1352.9765625	2018.20996094
1353.7208252	2021.38745117
1354.46496582	2016.55993652
1355.20910645	1995.8236084
1355.95324707	1979.96350098
1356.6973877	1962.65991211
1357.44152832	1961.4901123
1358.18566895	1945.0333252
1358.92980957	1948.72521973
1359.6739502	1984.35021973
1360.41809082	1945.94799805
1361.16235352	1926.51831055
1361.90649414	1897.96862793
1362.65063477	1891.41711426
1363.39477539	1872.43212891
1364.13891602	1896.48059082
1364.88305664	1862.17602539
1365.62719727	1823.0645752
1366.37133789	1823.49084473
1367.11547852	1785.87121582
1367.85961914	1815.04150391
1368.60388184	1800.54907227
1369.34802246	1762.16064453
1370.09216309	1738.67102051
1370.83630371	1755.52868652
1371.58044434	1744.67492676
1372.32458496	1694.98583984
1373.06872559	1698.25744629
1373.81286621	1689.2532959
1374.55700684	1671.4329834
1375.30114746	1618.21142578
1376.04541016	1654.0534668
1376.78955078	1656.2355957
1377.53369141	1592.73352051
1378.27783203	1623.84716797
1379.02197266	1590.47741699
1379.76611328	1588.8380127
1380.51025391	1592.34533691
1381.25439453	1558.35571289
1381.99853516	1555.27099609
1382.74267578	1506.2746582
1383.48693848	1514.95349121
1384.2310791	1496.19494629
1384.97521973	1474.19348145
1385.71936035	1460.2512207
1386.46350098	1499.46142578
1387.2076416	1431.3392334
1387.95178223	1406.34838867
1388.69592285	1443.75256348
1389.44006348	1413.8684082
1390.18432617	1419.80273438
1390.9284668	1374.87255859
1391.67260742	1413.80200195
1392.41674805	1336.39331055
1393.16088867	1358.53210449
1393.9050293	1372.60180664
1394.64916992	1339.87683105
1395.39331055	1328.40820313
1396.13745117	1339.12121582
1396.8815918	1300.66235352
1397.62585449	1299.6126709
1398.36999512	1282.67102051
1399.11413574	1284.61645508
1399.85827637	1242.42260742
1400.60241699	1254.2980957
1401.34655762	1257.98681641
1402.09069824	1260.98718262
1402.83483887	1259.00952148
1403.57897949	1206.93359375
1404.32312012	1223.57409668
1405.06738281	1189.20031738
1405.81152344	1168.78759766
1406.55566406	1190.53552246
1407.29980469	1172.77416992
1408.04394531	1181.61425781
1408.78808594	1160.45422363
1409.53222656	1148.73083496
1410.27636719	1137.0300293
1411.02050781	1126.3572998
1411.76464844	1113.68688965
1412.50891113	1110.66992188
1413.25305176	1113.99902344
1413.99719238	1122.28845215
1414.74133301	1106.30187988
1415.48547363	1098.08886719
1416.22961426	1116.46325684
1416.97375488	1081.45166016
1417.71789551	1093.6295166
1418.46203613	1058.81640625
1419.20617676	1071.02941895
1419.95043945	1052.17077637
1420.69458008	1062.03527832
1421.4387207	1063.1505127
1422.18286133	1040.91027832
1422.92700195	1037.23730469
1423.67114258	1033.77478027
1424.4152832	1026.17553711
1425.15942383	1013.44989014
1425.90356445	1033.88964844
1426.64782715	1037.64428711
1427.39196777	1008.97015381
1428.1361084	1020.47265625
1428.88024902	1004.82580566
1429.62438965	997.642089844
1430.36853027	1016.24926758
1431.1126709	996.310241699
1431.85681152	995.676330566
1432.60095215	991.133789063
1433.34509277	987.382263184
1434.08935547	1013.90319824
1434.83349609	1009.44793701
1435.57763672	947.692993164
1436.32177734	984.242797852
1437.06591797	961.426757813
1437.81005859	972.180480957
1438.55419922	986.778991699
1439.29833984	985.148681641
1440.04248047	955.259521484
1440.78662109	977.783935547
1441.53088379	984.415527344
1442.27502441	969.596252441
1443.01916504	961.439086914
1443.76330566	962.500244141
1444.50744629	937.688476563
1445.25158691	970.367858887
1445.99572754	953.269897461
1446.73986816	954.419189453
1447.48400879	942.803283691
1448.22814941	943.205993652
1448.97241211	933.491271973
1449.71655273	924.216125488
1450.46069336	940.037902832
1451.20483398	926.272949219
1451.94897461	933.15625
1452.69311523	935.419677734
1453.43725586	928.206726074
1454.18139648	932.045288086
1454.92553711	927.883605957
1455.66967773	927.62902832
1456.41394043	924.618530273
1457.15808105	949.635437012
1457.90222168	949.562561035
1458.6463623	927.967346191
1459.39050293	909.022888184
1460.13464355	907.500549316
1460.87878418	930.595275879
1461.6229248	927.199157715
1462.36706543	918.755432129
1463.11132813	914.678466797
1463.85546875	912.528564453
1464.59960938	894.850891113
1465.34375	903.29309082
1466.08789063	911.662353516
1466.83203125	923.958129883
1467.57617188	931.284057617
1468.3203125	913.312683105
1469.06445313	915.52532959
1469.80859375	906.096740723
1470.55285645	900.640441895
1471.29699707	903.987792969
1472.0411377	898.638000488
1472.78527832	914.054138184
1473.52941895	911.188659668
1474.27355957	906.962341309
1475.0177002	891.538024902
1475.76184082	884.187744141
1476.50598145	912.287597656
1477.25012207	917.577514648
1477.99438477	903.241271973
1478.73852539	920.462097168
1479.48266602	917.932556152
1480.22680664	907.353088379
1480.97094727	906.782409668
1481.71508789	915.705444336
1482.45922852	907.982971191
1483.20336914	900.617248535
1483.94750977	909.86895752
1484.69165039	915.152099609
1485.43591309	922.982299805
1486.18005371	905.032104492
1486.92419434	892.17791748
1487.66833496	886.590698242
1488.41247559	893.558898926
1489.15661621	909.458862305
1489.90075684	903.878051758
1490.64489746	891.12121582
1491.38903809	903.37298584
1492.13317871	905.928283691
1492.87744141	899.648193359
1493.62158203	902.698730469
1494.36572266	911.460144043
1495.10986328	905.632263184
1495.85400391	907.279174805
1496.59814453	895.801391602
1497.34228516	912.947265625
1498.08642578	899.812927246
1498.83056641	905.906188965
1499.5748291	895.390380859
1500.31896973	902.167480469
1501.06311035	905.024047852
1501.80725098	912.496337891
1502.5513916	915.919067383
1503.29553223	913.066223145
1504.03967285	924.626586914
1504.78381348	902.544006348
1505.5279541	878.955993652
1506.27209473	897.285400391
1507.01635742	898.315246582
1507.76049805	906.996948242
1508.50463867	901.313964844
1509.2487793	912.423400879
1509.99291992	915.793212891
1510.73706055	915.814208984
1511.48120117	902.656677246
1512.2253418	917.291259766
1512.96948242	913.151855469
1513.71362305	927.47479248
1514.45788574	934.032348633
1515.20202637	924.009765625
1515.94616699	929.223266602
1516.69030762	923.745849609
1517.43444824	920.326599121
1518.17858887	927.016906738
1518.92272949	932.729614258
1519.66687012	920.930664063
1520.41101074	934.534484863
1521.15515137	957.885864258
1521.89941406	939.99029541
1522.64355469	928.062927246
1523.38769531	933.241271973
1524.13183594	935.563598633
1524.87597656	959.40020752
1525.62011719	948.903076172
1526.36425781	957.823730469
1527.10839844	953.135009766
1527.85253906	954.602783203
1528.59667969	966.080810547
1529.34094238	957.898620605
1530.08508301	969.604614258
1530.82922363	964.544006348
1531.57336426	961.227783203
1532.31750488	955.378417969
1533.06164551	955.319702148
1533.80578613	976.981262207
1534.54992676	968.905883789
1535.29406738	1005.37530518
1536.03833008	1006.14355469
1536.7824707	995.891784668
1537.52661133	981.773193359
1538.27075195	971.297058105
1539.01489258	980.960205078
1539.7590332	1022.0088501
1540.50317383	1011.33770752
1541.24731445	1010.56610107
1541.99145508	1025.25646973
1542.7355957	1031.69689941
1543.4798584	1047.44494629
1544.22399902	1030.59777832
1544.96813965	1046.93591309
1545.71228027	1061.76550293
1546.4564209	1065.25231934
1547.20056152	1056.49414063
1547.94470215	1056.72143555
1548.68884277	1072.91027832
1549.4329834	1113.58374023
1550.17712402	1118.57336426
1550.92138672	1116.71289063
1551.66552734	1125.93981934
1552.40966797	1140.10876465
1553.15380859	1145.87976074
1553.89794922	1176.44165039
1554.64208984	1173.85339355
1555.38623047	1154.21557617
1556.13037109	1201.59509277
1556.87451172	1202.17431641
1557.61865234	1228.16687012
1558.36291504	1212.9206543
1559.10705566	1198.30004883
1559.85119629	1235.73706055
1560.59533691	1218.98901367
1561.33947754	1220.14709473
1562.08361816	1240.10620117
1562.82775879	1244.03796387
1563.57189941	1293.58459473
1564.31604004	1322.72973633
1565.06018066	1337.58569336
1565.80444336	1323.0057373
1566.54858398	1350.82714844
1567.29272461	1369.9017334
1568.03686523	1381.26257324
1568.78100586	1377.30200195
1569.52514648	1393.02832031
1570.26928711	1415.6986084
1571.01342773	1446.82067871
1571.75756836	1448.51293945
1572.50183105	1472.35168457
1573.24597168	1484.05432129
1573.9901123	1492.21887207
1574.73425293	1507.43359375
1575.47839355	1518.1574707
1576.22253418	1555.33569336
1576.9666748	1581.23449707
1577.71081543	1568.11791992
1578.45495605	1606.18640137
1579.19909668	1600.68676758
1579.94335938	1610.8404541
1580.6875	1679.8223877
1581.43164063	1679.94567871
1582.17578125	1699.01989746
1582.91992188	1702.00585938
1583.6640625	1726.4140625
1584.40820313	1765.0715332
1585.15234375	1761.85498047
1585.89648438	1762.29919434
1586.640625	1838.09899902
1587.3848877	1843.50183105
1588.12902832	1909.35656738
1588.87316895	1875.73632813
1589.61730957	1879.40539551
1590.3614502	1913.48620605
1591.10559082	1897.41259766
1591.84973145	1943.76733398
1592.59387207	1953.64123535
1593.3380127	1973.91967773
1594.08215332	1967.29675293
1594.82641602	1952.85021973
1595.57055664	1977.74291992
1596.31469727	2002.20837402
1597.05883789	2028.42333984
1597.80297852	2007.7097168
1598.54711914	2010.93652344
1599.29125977	2026.88903809
1600.03540039	2049.94262695
1600.77954102	2025.30566406
1601.52368164	2049.65405273
1602.26794434	2013.3717041
1603.01208496	2036.92883301
1603.75622559	2036.40759277
1604.50036621	2036.64611816
1605.24450684	1976.76379395
1605.98864746	2016.46289063
1606.73278809	2028.61999512
1607.47692871	1961.10180664
1608.22106934	1944.7121582
1608.96533203	1969.41003418
1609.70947266	1965.09460449
1610.45361328	1960.74755859
1611.19775391	1955.48168945
1611.94189453	1911.63220215
1612.68603516	1912.6730957
1613.43017578	1897.11547852
1614.17431641	1872.93981934
1614.91845703	1840.7220459
1615.66259766	1815.3503418
1616.40686035	1784.99682617
1617.15100098	1755.8782959
1617.8951416	1750.00646973
1618.63928223	1736.95568848
1619.38342285	1687.22485352
1620.12756348	1638.09973145
1620.8717041	1610.87097168
1621.61584473	1592.48730469
1622.35998535	1591.24108887
1623.10412598	1570.83618164
1623.84838867	1513.15551758
1624.5925293	1488.86804199
1625.33666992	1442.09533691
1626.08081055	1432.52294922
1626.82495117	1402.11584473
1627.5690918	1354.50915527
1628.31323242	1355.53369141
1629.05737305	1328.17382813
1629.80151367	1271.02441406
1630.5456543	1213.43017578
1631.28991699	1223.74914551
1632.03405762	1180.75195313
1632.77819824	1147.86303711
1633.52233887	1130.96337891
1634.26647949	1091.57531738
1635.01062012	1069.77294922
1635.75476074	1041.53601074
1636.49890137	1039.69799805
1637.24304199	1021.33959961
1637.98718262	995.611633301
1638.73144531	972.639221191
1639.47558594	936.346130371
1640.21972656	947.615661621
1640.96386719	958.309692383
1641.70800781	889.58190918
1642.45214844	889.56463623
1643.19628906	852.932312012
1643.94042969	831.057189941
1644.68457031	788.104064941
1645.42883301	804.977661133
1646.17297363	788.361083984
1646.91711426	776.46685791
1647.66125488	782.958007813
1648.40539551	746.269042969
1649.14953613	726.597412109
1649.89367676	701.125610352
1650.63781738	694.956115723
1651.38195801	656.617797852
1652.12609863	640.098571777
1652.87036133	645.806396484
1653.61450195	630.937683105
1654.35864258	599.784057617
1655.1027832	602.685791016
1655.84692383	600.298522949
1656.59106445	585.05090332
1657.33520508	578.652832031
1658.0793457	576.260864258
1658.82348633	542.058654785
1659.56762695	549.296447754
1660.31188965	517.416015625
1661.05603027	521.867797852
1661.8001709	491.647094727
1662.54431152	483.381347656
1663.28845215	494.036102295
1664.03259277	463.367675781
1664.7767334	448.17098999
1665.52087402	458.904907227
1666.26501465	444.26763916
1667.00915527	432.123840332
1667.75341797	427.341644287
1668.49755859	425.120178223
1669.24169922	425.857696533
1669.98583984	410.764373779
1670.72998047	398.522003174
1671.47412109	391.034454346
1672.21826172	363.821655273
1672.96240234	376.479064941
1673.70654297	365.657287598
1674.45068359	365.261901855
1675.19494629	350.058227539
1675.93908691	339.537139893
1676.68322754	337.197052002
1677.42736816	337.511352539
1678.17150879	326.117706299
1678.91564941	312.31451416
1679.65979004	305.738922119
1680.40393066	298.726104736
1681.14807129	292.077758789
1681.89233398	304.098937988
1682.63647461	298.692169189
1683.38061523	286.467254639
1684.12475586	278.384033203
1684.86889648	274.996948242
1685.61303711	275.295776367
1686.35717773	267.671844482
1687.10131836	281.047393799
1687.84545898	291.675048828
1688.58959961	264.063934326
1689.3338623	263.315551758
1690.07800293	242.877075195
1690.82214355	240.317687988
1691.56628418	243.233718872
1692.3104248	239.438903809
1693.05456543	230.854812622
1693.79870605	240.407546997
1694.54284668	234.300827026
1695.2869873	232.123825073
1696.03112793	230.475738525
1696.77539063	232.946228027
1697.51953125	226.657806396
1698.26367188	211.381393433
1699.0078125	211.108322144
1699.75195313	225.866699219
1700.49609375	195.275253296
1701.24023438	202.82434082
1701.984375	221.567199707
1702.72851563	206.105621338
1703.47265625	208.261672974
1704.21691895	205.018920898
1704.96105957	196.306564331
1705.7052002	206.281982422
1706.44934082	209.234970093
1707.19348145	189.043151855
1707.93762207	186.068618774
1708.6817627	189.950714111
1709.42590332	186.562744141
1710.17004395	192.364074707
1710.91418457	187.486953735
1711.65844727	184.513656616
1712.40258789	190.594177246
1713.14672852	228.309387207
1713.89086914	199.661560059
1714.63500977	182.667541504
1715.37915039	194.8019104
1716.12329102	176.093902588
1716.86743164	183.661987305
1717.61157227	185.694900513
1718.35583496	170.27041626
1719.09997559	170.083099365
1719.84411621	172.084991455
1720.58825684	172.81022644
1721.33239746	170.897628784
1722.07653809	166.458480835
1722.82067871	162.054641724
1723.56481934	170.571121216
1724.30895996	171.669845581
1725.05310059	174.095413208
1725.79736328	173.536987305
1726.54150391	167.018783569
1727.28564453	162.858398438
1728.02978516	163.795043945
1728.77392578	172.059432983
1729.51806641	163.212417603
1730.26220703	160.275848389
1731.00634766	161.757369995
1731.75048828	159.062744141
1732.49462891	157.89616394
1733.2388916	151.986557007
1733.98303223	150.399291992
1734.72717285	154.680084229
1735.47131348	159.801254272
1736.2154541	154.397537231
1736.95959473	146.988479614
1737.70373535	148.972595215
1738.44787598	148.216247559
1739.1920166	150.238998413
1739.93615723	154.020278931
1740.68041992	149.908630371
1741.42456055	156.50869751
1742.16870117	152.116943359
1742.9128418	152.332397461
1743.65698242	146.419464111
1744.40112305	153.070541382
1745.14526367	151.270111084
1745.8894043	145.211593628
1746.63354492	135.683441162
1747.37768555	140.226715088
1748.12194824	147.3228302
1748.86608887	146.400039673
1749.61022949	147.385101318
1750.35437012	141.223937988
1751.09851074	140.891983032
1751.84265137	140.125610352
1752.58679199	141.947692871
1753.33093262	145.518005371
1754.07507324	149.627761841
1754.81933594	143.086044312
1755.56347656	139.531616211
1756.30761719	144.889877319
1757.05175781	145.42678833
1757.79589844	139.488830566
1758.54003906	138.276260376
1759.28417969	137.985687256
1760.02832031	140.020736694
1760.77246094	136.454559326
1761.51660156	140.567169189
1762.26086426	136.655639648
1763.00500488	140.969390869
1763.74914551	131.273925781
1764.49328613	133.197250366
1765.23742676	136.586761475
1765.98156738	138.882064819
1766.72570801	136.761627197
1767.46984863	138.16116333
1768.21398926	131.862258911
1768.95812988	129.273406982
1769.70239258	135.235626221
1770.4465332	138.160568237
1771.19067383	136.964996338
1771.93481445	136.307296753
1772.67895508	130.231002808
1773.4230957	132.663696289
1774.16723633	132.106323242
1774.91137695	133.979293823
1775.65551758	134.699264526
1776.3996582	135.101348877
1777.1439209	130.461120605
1777.88806152	124.84803009
1778.63220215	131.826477051
1779.37634277	128.472976685
1780.1204834	130.161712646
1780.86462402	137.635559082
1781.60876465	127.519920349
1782.35290527	128.125076294
1783.0970459	125.515350342
1783.84118652	129.69972229
1784.58544922	128.391693115
1785.32958984	131.90184021
1786.07373047	123.048522949
1786.81787109	127.888687134
1787.56201172	123.555900574
1788.30615234	123.914299011
1789.05029297	127.908180237
1789.79443359	131.734848022
1790.53857422	130.308151245
1791.28283691	130.252883911
1792.02697754	119.987236023
1792.77111816	125.80065155
1793.51525879	124.885505676
1794.25939941	126.705352783
1795.00354004	119.573432922
1795.74768066	119.37587738
1796.49182129	118.6015625
1797.23596191	124.636177063
1797.98010254	124.913627625
1798.72436523	124.637252808
1799.46850586	126.987709045
1800.21264648	125.807273865
1800.95678711	117.562522888
1801.70092773	113.713394165
1802.44506836	117.389770508
1803.18920898	123.287788391
1803.93334961	126.759857178
1804.67749023	120.092926025
1805.42163086	126.588531494
1806.16589355	125.853096008
1806.91003418	123.54133606
1807.6541748	116.839179993
1808.39831543	112.083358765
1809.14245605	122.717536926
1809.88659668	114.589645386
1810.6307373	120.864738464
1811.37487793	119.874221802
1812.11901855	115.872001648
1812.86315918	105.488510132
1813.60742188	112.792648315
1814.3515625	121.66318512
1815.09570313	122.500724792
1815.83984375	125.298988342
1816.58398438	123.452682495
1817.328125	125.76537323
1818.07226563	124.440071106
1818.81640625	118.530487061
1819.56054688	117.956916809
1820.3046875	119.990631104
1821.0489502	121.21648407
1821.79309082	132.587005615
1822.53723145	122.746795654
1823.28137207	113.317558289
1824.0255127	113.340766907
1824.76965332	117.539321899
1825.51379395	123.787498474
1826.25793457	121.840461731
1827.0020752	118.343795776
1827.74633789	114.514343262
1828.49047852	112.080513
1829.23461914	110.936187744
1829.97875977	111.827972412
1830.72290039	115.057991028
1831.46704102	115.537994385
1832.21118164	119.432098389
1832.95532227	112.956077576
1833.69946289	120.065620422
1834.44360352	127.020126343
1835.18786621	112.591285706
1835.93200684	114.662796021
1836.67614746	118.410202026
1837.42028809	119.666664124
1838.16442871	118.067756653
1838.90856934	110.410072327
1839.65270996	110.954483032
1840.39685059	112.244354248
1841.14099121	114.275238037
1841.88513184	114.896781921
1842.62939453	111.571098328
1843.37353516	124.393249512
1844.11767578	125.130523682
1844.86181641	123.747894287
1845.60595703	119.623191833
1846.35009766	115.76461792
1847.09423828	119.127311707
1847.83837891	106.282325745
1848.58251953	120.908882141
1849.32666016	118.561691284
1850.07092285	117.383865356
1850.81506348	123
1851.5592041	121.914100647
1852.30334473	120.781669617
1853.04748535	122.052055359
1853.79162598	120.17224884
1854.5357666	123.948669434
1855.27990723	114.244476318
1856.02404785	106.41468811
1856.76818848	118.287605286
1857.51245117	125.518974304
1858.2565918	115.695114136
1859.00073242	114.685585022
1859.74487305	122.539970398
1860.48901367	124.622657776
1861.2331543	112.399269104
1861.97729492	126.245834351
1862.72143555	128.922973633
1863.46557617	112.216293335
1864.20983887	113.464889526
1864.95397949	118.083084106
1865.69812012	116.309669495
1866.44226074	106.647743225
1867.18640137	114.804550171
1867.93054199	123.305290222
1868.67468262	127.098228455
1869.41882324	123.092681885
1870.16296387	118.453025818
1870.90710449	113.988243103
1871.65136719	117.602172852
1872.39550781	123.544769287
1873.13964844	122.507736206
1873.88378906	112.361289978
1874.62792969	118.988182068
1875.37207031	111.856147766
1876.11621094	122.511024475
1876.86035156	122.825820923
1877.60449219	127.175209045
1878.34863281	135.03326416
1879.09289551	119.413543701
1879.83703613	115.123695374
1880.58117676	109.444290161
1881.32531738	112.073921204
1882.06945801	115.319641113
1882.81359863	127.879844666
1883.55773926	114.310401917
1884.30187988	125.168518066
1885.04602051	130.201141357
1885.79016113	120.23991394
1886.53442383	125.606834412
1887.27856445	128.156173706
1888.02270508	126.799713135
1888.7668457	117.182266235
1889.51098633	113.642028809
1890.25512695	118.694564819
1890.99926758	120.211135864
1891.7434082	123.368217468
1892.48754883	118.006370544
1893.23181152	121.303665161
1893.97595215	120.822746277
1894.72009277	114.81401062
1895.4642334	104.392608643
1896.20837402	105.518119812
1896.95251465	104.755058289
1897.69665527	112.171653748
1898.4407959	124.936012268
1899.18493652	119.855941772
1899.92907715	124.027198792
1900.67333984	115.907020569
1901.41748047	108.600646973
1902.16162109	122.830207825
1902.90576172	118.171714783
1903.64990234	104.28591156
1904.39404297	105.821632385
1905.13818359	112.366539001
1905.88232422	109.713104248
1906.62646484	112.229667664
1907.37060547	117.33770752
1908.11486816	117.003456116
1908.85900879	122.568222046
1909.60314941	120.777442932
1910.34729004	115.286621094
1911.09143066	114.004112244
1911.83557129	120.395759583
1912.57971191	126.555274963
1913.32385254	117.44947052
1914.06799316	112.437568665
1914.81213379	116.126190186
1915.55639648	118.263809204
1916.30053711	122.666656494
1917.04467773	121.479911804
1917.78881836	111.038139343
1918.53295898	112.933677673
1919.27709961	119.206192017
1920.02124023	113.327980042
1920.76538086	114.074798584
1921.50952148	112.848579407
1922.25366211	118.992233276
1922.9979248	114.806861877
1923.74206543	113.638015747
1924.48620605	117.708366394
1925.23034668	115.276062012
1925.9744873	125.588737488
1926.71862793	119.532989502
1927.46276855	109.051071167
1928.20690918	113.222518921
1928.9510498	119.411727905
1929.6953125	119.728622437
1930.43945313	117.913513184
1931.18359375	116.338478088
1931.92773438	116.949798584
1932.671875	110.175392151
1933.41601563	112.753120422
1934.16015625	112.127449036
1934.90429688	106.241508484
1935.6484375	126.269104004
1936.39257813	118.7085495
1937.13684082	113.097587585
1937.88098145	107.900382996
1938.62512207	113.964294434
1939.3692627	119.869171143
1940.11340332	114.668357849
1940.85754395	112.500045776
1941.60168457	109.600532532
1942.3458252	117.009544373
1943.08996582	112.770469666
1943.83410645	113.957557678
1944.57836914	108.567146301
1945.32250977	107.006889343
1946.06665039	103.95337677
1946.81079102	109.139770508
1947.55493164	117.179359436
1948.29907227	116.460266113
1949.04321289	119.763458252
1949.78735352	120.344520569
1950.53149414	115.978713989
1951.27563477	110.832740784
1952.01989746	117.399108887
1952.76403809	112.18396759
1953.50817871	111.696861267
1954.25231934	115.172607422
1954.99645996	130.244003296
1955.74060059	107.98324585
1956.48474121	116.764022827
1957.22888184	116.743797302
1957.97302246	106.68422699
1958.71716309	114.41784668
1959.46142578	116.898574829
1960.20556641	113.530784607
1960.94970703	113
1961.69384766	119.122795105
1962.43798828	115.625999451
1963.18212891	128.917266846
1963.92626953	113.36265564
1964.67041016	115.890548706
1965.41455078	118.059692383
1966.15881348	117.11706543
1966.9029541	112.174346924
1967.64709473	110.332313538
1968.39123535	113.543922424
1969.13537598	119.50553894
1969.8795166	113.71786499
1970.62365723	114.495246887
1971.36779785	110.641334534
1972.11193848	121.76234436
1972.8560791	118.059791565
1973.6003418	121.46938324
1974.34448242	116.72807312
1975.08862305	116.551719666
1975.83276367	115.333335876
1976.5769043	116.216064453
1977.32104492	119.965682983
1978.06518555	121.314048767
1978.80932617	121.8279953
1979.5534668	126.504524231
1980.29760742	132.004425049
1981.04187012	126.933105469
1981.78601074	125.344314575
1982.53015137	103.898620605
1983.27429199	113.813362122
1984.01843262	110.767074585
1984.76257324	117.325721741
1985.50671387	120.688537598
1986.25085449	117.268768311
1986.99499512	117.739463806
1987.73913574	113.877662659
1988.48339844	122.336601257
1989.22753906	118.857032776
1989.97167969	120.998893738
1990.71582031	124.800361633
1991.45996094	129.827590942
1992.20410156	115.884475708
1992.94824219	115.035621643
1993.69238281	111.210876465
1994.43652344	115.592201233
1995.18066406	111.633171082
1995.92492676	109.514289856
1996.66906738	113.195106506
1997.41320801	111.634605408
1998.15734863	109.053421021
1998.90148926	127.548988342
1999.64562988	121.021568298
2000.38977051	120.813331604
2001.13391113	122.294960022
2001.87805176	119.619308472
2002.62231445	119.334114075
2003.36645508	126.558685303
2004.1105957	127.237159729
2004.85473633	115.369514465
2005.59887695	117.412025452
2006.34301758	121.571052551
2007.0871582	114.776062012
2007.83129883	118.746391296
2008.57543945	126.681030273
2009.31958008	116.215866089
2010.06384277	122.400939941
2010.8079834	120.401000977
2011.55212402	119.81363678
2012.29626465	113.933494568
2013.04040527	114.674736023
2013.7845459	120.106216431
2014.52868652	128.238174438
2015.27282715	118.588218689
2016.01696777	112.029975891
2016.7611084	121.25276947
2017.50537109	122.376945496
2018.24951172	117.573730469
2018.99365234	119.785110474
2019.73779297	111.604873657
2020.48193359	112.56313324
2021.22607422	111.112007141
2021.97021484	117.128753662
2022.71435547	109.576782227
2023.45849609	119.649040222
2024.20263672	115.934440613
2024.94689941	115.48072052
2025.69104004	122.260940552
2026.43518066	124.318008423
2027.17932129	125.229568481
2027.92346191	120.806739807
2028.66760254	126.474372864
2029.41174316	128.627624512
2030.15588379	117.584602356
2030.90002441	115.774963379
2031.64416504	116.406455994
2032.38842773	128.709869385
2033.13256836	121.866958618
2033.87670898	125.566421509
2034.62084961	124.661010742
2035.36499023	127.237579346
2036.10913086	116.114143372
2036.85327148	121.747581482
2037.59741211	110.984848022
2038.34155273	128.178817749
2039.08581543	112.734535217
2039.82995605	118.387954712
2040.57409668	123.692329407
2041.3182373	125.960540771
2042.06237793	120.756393433
2042.80651855	118.555267334
2043.55065918	119.261985779
2044.2947998	118.441764832
2045.03894043	120.206848145
2045.78308105	107.686950684
2046.52734375	124.461532593
2047.27148438	114.509346008
2048.015625	112.874328613
2048.75976563	118.544364929
2049.50390625	126.336456299
2050.24804688	122.845298767
2050.9921875	118.803199768
2051.73632813	124.667800903
2052.48046875	116.904373169
2053.22460938	131.685836792
2053.96875	117.94846344
2054.71289063	124.196266174
2055.45703125	122.664031982
2056.20117188	124.301971436
2056.9453125	121.167694092
2057.68969727	123.969322205
2058.43383789	122.151931763
2059.17797852	121.333335876
2059.92211914	124.852722168
2060.66625977	123.205528259
2061.41040039	126.498947144
2062.15454102	124.297470093
2062.89868164	120.209632874
2063.64282227	127.491539001
2064.38696289	129.211715698
2065.13110352	118.731887817
2065.87524414	112.284790039
2066.61938477	126.524391174
2067.36352539	115.078079224
2068.10766602	117.106117249
2068.85180664	111.380615234
2069.59594727	119.846672058
2070.34008789	117.587173462
2071.08422852	110.085494995
2071.82836914	114.461151123
2072.57275391	115.906509399
2073.31689453	125.110908508
2074.06103516	123.888214111
2074.80517578	125.059867859
2075.54931641	120.141929626
2076.29345703	125.698631287
2077.03759766	125.751693726
2077.78173828	118.782966614
2078.52587891	113.971687317
2079.27001953	110.631752014
2080.01416016	113.954536438
2080.75830078	111.708473206
2081.50244141	125.940353394
2082.24658203	112.957199097
2082.99072266	109.963790894
2083.73486328	118.571762085
2084.47900391	121.638267517
2085.22314453	117.514564514
2085.96728516	119.85749054
2086.71166992	116.81124115
2087.45581055	118.056030273
2088.19995117	128.437850952
2088.9440918	109.453865051
2089.68823242	115.753448486
2090.43237305	123.085273743
2091.17651367	124.956069946
2091.9206543	122.128227234
2092.66479492	122.385772705
2093.40893555	122.010650635
2094.15307617	108.61088562
2094.8972168	107.937850952
2095.64135742	110.719520569
2096.38549805	121.161117554
2097.12963867	110.611839294
2097.8737793	120.409980774
2098.61791992	120.971054077
2099.36206055	121.253005981
2100.10620117	120.526153564
2100.8503418	115.473648071
2101.59472656	128.1224823
2102.33886719	115.309654236
2103.08300781	115.490356445
2103.82714844	115.886283875
2104.57128906	116.296691895
2105.31542969	121.440406799
2106.05957031	115.147445679
2106.80371094	105.120117188
2107.54785156	104.099082947
2108.29199219	112.439155579
2109.03613281	126.02281189
2109.78027344	115.004859924
2110.52441406	114.391731262
2111.26855469	122.226829529
2112.01269531	132.999847412
2112.75683594	118.909362793
2113.50097656	123.617416382
2114.24511719	120.620437622
2114.98925781	122.319702148
2115.73364258	125.445259094
2116.4777832	124.673110962
2117.22192383	116.841171265
2117.96606445	114.640541077
2118.71020508	114.338180542
2119.4543457	123.783843994
2120.19848633	121.508003235
2120.94262695	118.749069214
2121.68676758	120.989021301
2122.4309082	120.968078613
2123.17504883	119.652038574
2123.91918945	112.098144531
2124.66333008	112.833648682
2125.4074707	118.89503479
2126.15161133	116.648513794
2126.89575195	119.712501526
2127.63989258	124.860801697
2128.3840332	111.565681458
2129.12817383	122.34703064
2129.87231445	123.030143738
2130.61669922	116
2131.36083984	117.111228943
2132.10498047	117.774993896
2132.84912109	122.684898376
2133.59326172	119.138450623
2134.33740234	123.90411377
2135.08154297	119.923843384
2135.82568359	116.024482727
2136.56982422	122.034988403
2137.31396484	124.940605164
2138.05810547	118.33026886
2138.80224609	123.80178833
2139.54638672	124.847114563
2140.29052734	130.904602051
2141.03466797	121.403701782
2141.77880859	119.122894287
2142.52294922	123.809646606
2143.26708984	117.941207886
2144.01123047	122.647720337
2144.75537109	120.020339966
2145.49975586	126.700317383
2146.24389648	124.206047058
2146.98803711	113.085426331
2147.73217773	118.789146423
2148.47631836	120.666664124
2149.22045898	123.444519043
2149.96459961	121.210632324
2150.70874023	122.351005554
2151.45288086	123.387290955
2152.19702148	115.260108948
2152.94116211	118.17011261
2153.68530273	120.812080383
2154.42944336	116.64315033
2155.17358398	119.822883606
2155.91772461	121.877365112
2156.66186523	126.683891296
2157.40600586	126.001205444
2158.15014648	117.305732727
2158.89428711	125.066543579
2159.63867188	127.157012939
2160.3828125	126.874786377
2161.12695313	120.964241028
2161.87109375	120.181114197
2162.61523438	109.710647583
2163.359375	113.997673035
2164.10351563	118.770339966
2164.84765625	127.094207764
2165.59179688	121.164588928
2166.3359375	123.841659546
2167.08007813	126.391746521
2167.82421875	122.218421936
2168.56835938	123.005859375
2169.3125	116.314865112
2170.05664063	121.404060364
2170.80078125	122.399719238
2171.54492188	122.033378601
2172.2890625	114.636001587
2173.03320313	120.210525513
2173.77734375	122.573059082
2174.52172852	123.451194763
2175.26586914	131.848526001
2176.01000977	122.337615967
2176.75415039	126.962882996
2177.49829102	127.397102356
2178.24243164	116.3516922
2178.98657227	120.822647095
2179.73071289	120.308929443
2180.47485352	118.859840393
2181.21899414	124.355880737
2181.96313477	123.075637817
2182.70727539	130.232406616
2183.45141602	126.727340698
2184.19555664	122.670700073
2184.93969727	128.223907471
2185.68383789	123.470939636
2186.42797852	116.579032898
2187.17211914	129.63218689
2187.91625977	119.725852966
2188.66064453	124.143409729
2189.40478516	124.911125183
2190.14892578	127.434432983
2190.89306641	122.414451599
2191.63720703	126.011413574
2192.38134766	128.067138672
2193.12548828	133.899810791
2193.86962891	126.833267212
2194.61376953	134.007324219
2195.35791016	129.393157959
2196.10205078	121.440345764
2196.84619141	117.630279541
2197.59033203	113.336532593
2198.33447266	122.920875549
2199.07861328	117.71937561
2199.82275391	109.721611023
2200.56689453	123.299224854
2201.31103516	129.950256348
2202.05517578	123.894584656
2202.79931641	119.721389771
2203.54370117	122.562469482
2204.2878418	110.672904968
2205.03198242	116.860137939
2205.77612305	119.863952637
2206.52026367	120.666671753
2207.2644043	120.666671753
2208.00854492	122.476760864
2208.75268555	123.912956238
2209.49682617	132.453826904
2210.2409668	122.411506653
2210.98510742	128.537765503
2211.72924805	120.281990051
2212.47338867	118.073516846
2213.2175293	116.956573486
2213.96166992	127.160186768
2214.70581055	126.531684875
2215.44995117	123.734619141
2216.1940918	137.195831299
2216.93823242	124.014381409
2217.68237305	125.883750916
2218.42675781	121.578681946
2219.17089844	124.311943054
2219.91503906	135.596939087
2220.65917969	133.592758179
2221.40332031	126.26713562
2222.14746094	130.341125488
2222.89160156	129.372634888
2223.63574219	125.802734375
2224.37988281	119.214179993
2225.12402344	132.648834229
2225.86816406	129.633911133
2226.61230469	125.038452148
2227.35644531	124.807907104
2228.10058594	117.532188416
2228.84472656	118.257041931
2229.58886719	129.855072021
2230.33300781	126.85206604
2231.07714844	128.727096558
2231.82128906	133.859649658
2232.56567383	128.182891846
2233.30981445	129.516815186
2234.05395508	122.466270447
2234.7980957	130.590957642
2235.54223633	129.515579224
2236.28637695	132.37953186
2237.03051758	121.463996887
2237.7746582	134.251861572
2238.51879883	124.078041077
2239.26293945	122.890083313
2240.00708008	128.719726563
2240.7512207	126.591682434
2241.49536133	129.993637085
2242.23950195	129.959533691
2242.98364258	128.979995728
2243.7277832	138.026733398
2244.47192383	125.030334473
2245.21606445	140.866043091
2245.96020508	126.998329163
2246.7043457	135.083755493
2247.44873047	121.324577332
2248.19287109	122.6876297
2248.93701172	133.940582275
2249.68115234	132.797210693
2250.42529297	130.455657959
2251.16943359	130.753952026
2251.91357422	118.303039551
2252.65771484	130.851760864
2253.40185547	135.758895874
2254.14599609	127.800537109
2254.89013672	128.37449646
2255.63427734	126.253173828
2256.37841797	133.281524658
2257.12255859	133.920669556
2257.86669922	138.949890137
2258.61083984	128.712112427
2259.35498047	137.244430542
2260.09912109	132.666671753
2260.84326172	129.032577515
2261.58764648	132.778869629
2262.33178711	126.842124939
2263.07592773	128.746810913
2263.82006836	135.726821899
2264.56420898	136.687072754
2265.30834961	126.919364929
2266.05249023	130.814926147
2266.79663086	122.636795044
2267.54077148	129.124465942
2268.28491211	135.458435059
2269.02905273	126.602226257
2269.77319336	133.073364258
2270.51733398	134.72706604
2271.26147461	137.628173828
2272.00561523	138.078201294
2272.74975586	136.393692017
2273.49389648	137.729598999
2274.23803711	132.853179932
2274.98217773	134.859069824
2275.72631836	125.375976563
2276.47070313	132.151092529
2277.21484375	133.813430786
2277.95898438	150.268692017
2278.703125	138.822143555
2279.44726563	139.353042603
2280.19140625	136.312606812
2280.93554688	137.419937134
2281.6796875	135.042800903
2282.42382813	113.53037262
2283.16796875	131.382904053
2283.91210938	135.706970215
2284.65625	130.373901367
2285.40039063	137.944259644
2286.14453125	143.9480896
2286.88867188	145.333328247
2287.6328125	131.903915405
2288.37695313	145.696136475
2289.12109375	143.533874512
2289.86523438	135.038452148
2290.609375	142.867156982
2291.35375977	139.886352539
2292.09790039	131.080154419
2292.84204102	141.096221924
2293.58618164	136.064971924
2294.33032227	137.605148315
2295.07446289	137.521652222
2295.81860352	139.041046143
2296.56274414	139.666671753
2297.30688477	138.295059204
2298.05102539	148.914016724
2298.79516602	138.709396362
2299.53930664	135.075469971
2300.28344727	140.901245117
2301.02758789	135.275634766
2301.77172852	133.118896484
2302.51586914	139.281829834
2303.26000977	133.54788208
2304.00415039	140.865356445
2304.74829102	146.451400757
2305.49267578	149.548339844
2306.23681641	144.884887695
2306.98095703	138.306137085
2307.72509766	147.205169678
2308.46923828	153.761657715
2309.21337891	139.580566406
2309.95751953	143.737640381
2310.70166016	137.252075195
2311.44580078	142.691696167
2312.18994141	140.97454834
2312.93408203	136.689483643
2313.67822266	147.708648682
2314.42236328	140.826843262
2315.16650391	132.46697998
2315.91064453	138.320602417
2316.65478516	145.390396118
2317.39892578	139.468521118
2318.14306641	141.955551147
2318.88720703	144.732498169
2319.63134766	144.427352905
2320.37573242	142.666244507
2321.11987305	133.284912109
2321.86401367	143.009643555
2322.6081543	141.200424194
2323.35229492	139.352432251
2324.09643555	136.567062378
2324.84057617	148.962158203
2325.5847168	150.869689941
2326.32885742	158.37727356
2327.07299805	158.220092773
2327.81713867	167.455581665
2328.5612793	165.916030884
2329.30541992	181.834671021
2330.04956055	196.475784302
2330.79370117	201.784851074
2331.5378418	225.982803345
2332.28198242	207.984817505
2333.02612305	177.347427368
2333.77026367	157.395294189
2334.51464844	153.037338257
2335.25878906	141.042495728
2336.00292969	141.641036987
2336.74707031	149.250442505
2337.49121094	158.183547974
2338.23535156	152.880599976
2338.97949219	148.473571777
2339.72363281	148.06552124
2340.46777344	152
2341.21191406	146.257354736
2341.95605469	152.237991333
2342.70019531	150.071685791
2343.44433594	147.0493927
2344.18847656	144.246078491
2344.93261719	151.739944458
2345.67675781	155.040542603
2346.42089844	151.353469849
2347.16503906	145.451599121
2347.90917969	146.123245239
2348.65332031	145.914581299
2349.39770508	153.21975708
2350.1418457	149.702285767
2350.88598633	151.925048828
2351.63012695	141.919754028
2352.37426758	153.166748047
2353.1184082	144.377944946
2353.86254883	150.316040039
2354.60668945	150.315704346
2355.35083008	152.219207764
2356.0949707	157.193756104
2356.83911133	144.463806152
2357.58325195	153.618469238
2358.32739258	162.666671753
2359.0715332	162.666671753
2359.81567383	150.975280762
2360.55981445	146.687469482
2361.30395508	158.485076904
2362.0480957	156.316711426
2362.79223633	160.664749146
2363.53637695	152.0078125
2364.28076172	148.564727783
2365.02490234	156.236404419
2365.76904297	154.976501465
2366.51318359	164.019668579
2367.25732422	154.968475342
2368.00146484	153.11920166
2368.74560547	164.313064575
2369.48974609	164.477905273
2370.23388672	168.316864014
2370.97802734	157.033203125
2371.72216797	165.271087646
2372.46630859	163.163589478
2373.21044922	165.063018799
2373.95458984	163.7006073
2374.69873047	166.267669678
2375.44287109	167.635528564
2376.18701172	175.826782227
2376.93115234	167.130523682
2377.67529297	165.308242798
2378.41967773	172.465454102
2379.16381836	165.486175537
2379.90795898	171.66104126
2380.65209961	174.288421631
2381.39624023	162.326934814
2382.14038086	158.458297729
2382.88452148	172.821670532
2383.62866211	176.079269409
2384.37280273	171.761779785
2385.11694336	155.327194214
2385.86108398	168.757888794
2386.60522461	170.670074463
2387.34936523	177.455581665
2388.09350586	175.365997314
2388.83764648	171.123626709
2389.58178711	185.272964478
2390.32592773	176.498382568
2391.07006836	176.424850464
2391.81420898	182.161621094
2392.55834961	167.753417969
2393.30273438	174.645202637
2394.046875	172.170028687
2394.79101563	171.706741333
2395.53515625	172.812957764
2396.27929688	181.768783569
2397.0234375	188.185424805
2397.76757813	188.013824463
2398.51171875	175.192153931
2399.25585938	183.093292236
2400	187.291442871
