300	384.825592041
300.744140625	387.376281738
301.488311768	392.198394775
302.232452393	404.982788086
302.976623535	403.352844238
303.72076416	393.588012695
304.464904785	399.293426514
305.209075928	418.613800049
305.953216553	413.213287354
306.697387695	412.095947266
307.44152832	413.12600708
308.185668945	412.344421387
308.929840088	405.663574219
309.673980713	395.125610352
310.418151855	405.622344971
311.16229248	412.017486572
311.906463623	397.395935059
312.650604248	391.76864624
313.394744873	394.044433594
314.138916016	396.666259766
314.883056641	402.209228516
315.627227783	390.570861816
316.371368408	406.726531982
317.115509033	394.27734375
317.859680176	397.308929443
318.603820801	403.536132813
319.347991943	393.174987793
320.092132568	403.056304932
320.836273193	398.512023926
321.580444336	393.452362061
322.324584961	395.257232666
323.068756104	393.929779053
323.812896729	394.883758545
324.557037354	404.125610352
325.301208496	397.748291016
326.045349121	377.808197021
326.789520264	373.534912109
327.533660889	370.066864014
328.277832031	378.44708252
329.021972656	390.283935547
329.766113281	383.731079102
330.510284424	365.371429443
331.254425049	373.922210693
331.998596191	376.285400391
332.742736816	383.481445313
333.486877441	387.259613037
334.231048584	381.171447754
334.975189209	374.452545166
335.719360352	400.972259521
336.463500977	396.832489014
337.207641602	393.668182373
337.951812744	384.727325439
338.695953369	378.605743408
339.440124512	380.939056396
340.184265137	385.651672363
340.928405762	380.801147461
341.672576904	374.008148193
342.416717529	368.30682373
343.160888672	389.024230957
343.905029297	395.975067139
344.649169922	376.200012207
345.393341064	372.248718262
346.137481689	381.669555664
346.881652832	370.70489502
347.625793457	377.213195801
348.3699646	379.174468994
349.114105225	385.922668457
349.85824585	399.084411621
350.602416992	398.526031494
351.346557617	392.241760254
352.09072876	389.802581787
352.834869385	374.540618896
353.57901001	376.136566162
354.323181152	373.122406006
355.067321777	362.173431396
355.81149292	372.821990967
356.555633545	353.672943115
357.29977417	360.18762207
358.043945313	366.477813721
358.788085938	372.299499512
359.53225708	372.783416748
360.276397705	367.520935059
361.02053833	365.262695313
361.764709473	378.989318848
362.508850098	382.400360107
363.25302124	368.612457275
363.997161865	364.73840332
364.741333008	368.457183838
365.485473633	370.183746338
366.229614258	370.90713501
366.9737854	389.791046143
367.717926025	378.086090088
368.462097168	362.0390625
369.206237793	367.160461426
369.950378418	364.451599121
370.694549561	352.113952637
371.438690186	360.82220459
372.182861328	380.816833496
372.927001953	361.874237061
373.671142578	355.113800049
374.415313721	371.930480957
375.159454346	365.646697998
375.903625488	345.219604492
376.647766113	353.084838867
377.391906738	360.098632813
378.136077881	362.970367432
378.880218506	373.870452881
379.624389648	361.196044922
380.368530273	356.209411621
381.112670898	361.217559814
381.856842041	361.305908203
382.600982666	367.471130371
383.345153809	359.425994873
384.089294434	360.488311768
384.833465576	348.358062744
385.577606201	346.383239746
386.321746826	354.630645752
387.065917969	361.014862061
387.810058594	362.616943359
388.554229736	355.717315674
389.298370361	343.386871338
390.042510986	366.172637939
390.786682129	373.834899902
391.530822754	370.937011719
392.274993896	371.193847656
393.019134521	366.19644165
393.763275146	353.827423096
394.507446289	358.209716797
395.251586914	355.187103271
395.995758057	358.86920166
396.739898682	359.283477783
397.484039307	354.390808105
398.228210449	351.264465332
398.972351074	343.294036865
399.716522217	360.564666748
400.460662842	356.851623535
401.204833984	358.118133545
401.948974609	359.186279297
402.693115234	359.037384033
403.437286377	361.340789795
404.181427002	364.547698975
404.925598145	359.651794434
405.66973877	353.678344727
406.413879395	353.453338623
407.158050537	367.437774658
407.902191162	371.882263184
408.646362305	358.661102295
409.39050293	349.402404785
410.134643555	336.723297119
410.878814697	361.111480713
411.622955322	353.841796875
412.367126465	357.56539917
413.11126709	350.473937988
413.855407715	338.910644531
414.599578857	346.61315918
415.343719482	350.902404785
416.087890625	354.659973145
416.83203125	339.263244629
417.576171875	344.780487061
418.320343018	347.925842285
419.064483643	342.278137207
419.808654785	337.337402344
420.55279541	341.003540039
421.296966553	345.908111572
422.041107178	356.217590332
422.785247803	346.759307861
423.529418945	344.087280273
424.27355957	342.022705078
425.017730713	340.43862915
425.761871338	346.783416748
426.506011963	351.594512939
427.250183105	350.439697266
427.99432373	347.705780029
428.738494873	351.58505249
429.482635498	355.39352417
430.226776123	356.145294189
430.970947266	355.678619385
431.715087891	355.115478516
432.459259033	344.402252197
433.203399658	340.017486572
433.947540283	342.993286133
434.691711426	339.338134766
435.435852051	328.36541748
436.180023193	326.395843506
436.924163818	341.242523193
437.668334961	347.457824707
438.412475586	348.906524658
439.156616211	330.610656738
439.900787354	333.58895874
440.644927979	337.183227539
441.389099121	339.568939209
442.133239746	340.837799072
442.877380371	337.917510986
443.621551514	345.723571777
444.365692139	326.878295898
445.109863281	340.278564453
445.854003906	340.9609375
446.598144531	332.912109375
447.342315674	323.555023193
448.086456299	321.383758545
448.830627441	333.312011719
449.574768066	330.701141357
450.318908691	350.134490967
451.063079834	337.774871826
451.807220459	339.59753418
452.551391602	333.690917969
453.295532227	324.061645508
454.039703369	333.074249268
454.783843994	344.821350098
455.527984619	321.834014893
456.272155762	324.800170898
457.016296387	322.875793457
457.760467529	325.268981934
458.504608154	320.374633789
459.248748779	314.929168701
459.992919922	319.281280518
460.737060547	298.722747803
461.481231689	325.445800781
462.225372314	331.404754639
462.969512939	323.359405518
463.713684082	315.187225342
464.457824707	321.18270874
465.20199585	329.157165527
465.946136475	319.661376953
466.6902771	331.701080322
467.434448242	332.575164795
468.178588867	333.707702637
468.92276001	328.545898438
469.666900635	330.414337158
470.41104126	332.529296875
471.155212402	327.228515625
471.899353027	323.826843262
472.64352417	335.991394043
473.387664795	322.321380615
474.131835938	319.385223389
474.875976563	320.926361084
475.620117188	328.537597656
476.36428833	327.514404297
477.108428955	315.015075684
477.852600098	311.148376465
478.596740723	310.254119873
479.340881348	326.261138916
480.08505249	316.141174316
480.829193115	317.432495117
481.573364258	310.953857422
482.317504883	305.34475708
483.061645508	306.569885254
483.80581665	298.337097168
484.549957275	319.217834473
485.294128418	311.3543396
486.038269043	309.82522583
486.782409668	308.177825928
487.526580811	304.077514648
488.270721436	302.950775146
489.014892578	301.650299072
489.759033203	293.88458252
490.503204346	319.010742188
491.247344971	301.775085449
491.991485596	296.589752197
492.735656738	292.222808838
493.479797363	295.208068848
494.223968506	299.666656494
494.968109131	298.380218506
495.712249756	296.067077637
496.456420898	302.078125
497.200561523	304.416656494
497.944732666	295.528625488
498.688873291	300.263824463
499.433013916	304.895812988
500.177185059	300.966583252
500.921325684	293.651977539
501.665496826	294.489837646
502.409637451	306.158294678
503.153778076	297.090606689
503.897949219	297.405731201
504.642089844	284.937347412
505.386260986	278.25378418
506.130401611	275.625244141
506.874542236	281.744293213
507.618713379	299.68838501
508.362854004	294.856445313
509.107025146	285.197845459
509.851165771	300.98727417
510.595336914	290.610473633
511.339477539	283.822418213
512.083618164	280.508575439
512.827758789	282.862670898
513.571960449	297.574249268
514.316101074	311.635772705
515.060241699	289.084869385
515.804382324	297.888397217
516.548522949	300.572753906
517.292724609	294.967956543
518.036865234	288.982025146
518.781005859	291.272186279
519.525146484	296.551757813
520.269287109	289.228363037
521.01348877	280.976226807
521.757629395	291.821014404
522.50177002	290.642974854
523.245910645	294.881072998
523.99005127	293.32611084
524.73425293	290.284759521
525.478393555	291.281707764
526.22253418	289.194854736
526.966674805	274.66519165
527.71081543	278.771240234
528.45501709	296.490539551
529.199157715	296.186584473
529.94329834	284.53817749
530.687438965	280.370330811
531.43157959	284.411743164
532.17578125	287.220123291
532.919921875	289.255767822
533.6640625	284.074798584
534.408203125	298.786071777
535.15234375	292.96786499
535.89654541	288.926239014
536.640686035	285.858032227
537.38482666	286.510498047
538.128967285	287.594512939
538.873168945	284.730621338
539.61730957	297.630462646
540.361450195	306.167907715
541.10559082	296.686248779
541.849731445	288.946166992
542.593933105	285.270233154
543.33807373	286.743255615
544.082214355	291.648620605
544.82635498	294.919006348
545.570495605	295.32510376
546.314697266	312.383087158
547.058837891	297.356903076
547.802978516	291.482635498
548.547119141	290.333343506
549.291259766	298.990692139
550.035461426	297.68145752
550.779602051	291.527496338
551.523742676	300.100067139
552.267883301	297.28012085
553.012023926	303.176147461
553.756225586	284.679656982
554.500366211	275.205505371
555.244506836	283.317993164
555.988647461	292.092529297
556.732788086	288.500152588
557.476989746	280.963775635
558.221130371	288.080444336
558.965270996	301.181549072
559.709411621	279.055389404
560.453552246	294.535308838
561.197753906	289.63973999
561.941894531	289.948760986
562.686035156	294.126739502
563.430175781	297.252624512
564.174316406	302.556243896
564.918518066	309.506256104
565.662658691	296.649719238
566.406799316	287.792816162
567.150939941	282.687927246
567.895080566	292.089324951
568.639282227	289.29208374
569.383422852	288.379608154
570.127563477	290.839996338
570.871704102	289.104278564
571.615905762	297.887634277
572.360046387	299.219604492
573.104187012	293.888427734
573.848327637	310.275177002
574.592468262	302.839385986
575.336669922	306.470977783
576.080810547	305.074676514
576.824951172	300.413665771
577.569091797	306.313110352
578.313232422	296.73236084
579.057434082	313.603820801
579.801574707	308.565124512
580.545715332	295.104064941
581.289855957	300.039733887
582.033996582	305.136627197
582.778198242	295.039886475
583.522338867	289.587463379
584.266479492	303.609191895
585.010620117	301.298492432
585.754760742	294.03717041
586.498962402	296.410217285
587.243103027	300.635223389
587.987243652	297.564453125
588.731384277	297.770446777
589.475524902	302.116790771
590.219726563	307.103942871
590.963867188	308.459869385
591.708007813	301.544006348
592.452148438	294.601379395
593.196289063	304.10055542
593.940490723	302.581390381
594.684631348	293.637939453
595.428771973	290.587554932
596.172912598	296.421325684
596.917053223	307.871948242
597.661254883	309.701751709
598.405395508	289.007507324
599.149536133	294.991363525
599.893676758	301.83996582
600.637817383	291.030578613
601.382019043	310.216705322
602.126159668	297.936920166
602.870300293	295.692077637
603.614440918	302.074432373
604.358581543	297.675292969
605.102783203	308.196685791
605.846923828	323.564575195
606.591064453	292.574401855
607.335205078	287.623260498
608.079406738	288.995025635
608.823547363	292.875152588
609.567687988	304.647338867
610.311828613	304.918365479
611.055969238	299.989013672
611.800170898	308.843475342
612.544311523	294.321136475
613.288452148	310.973480225
614.032592773	288.957458496
614.776733398	298.943817139
615.520935059	294.838592529
616.265075684	306.87197876
617.009216309	316.61239624
617.753356934	315.150787354
618.497497559	312.298339844
619.241699219	302.789611816
619.985839844	308.75289917
620.729980469	303.977630615
621.474121094	306.178100586
622.218261719	311.782775879
622.962463379	310.746154785
623.706604004	312.997894287
624.450744629	317.082824707
625.194885254	317.356109619
625.939025879	315.152587891
626.683227539	309.026184082
627.427368164	306.338134766
628.171508789	300.979217529
628.915649414	310.055145264
629.659790039	310.841400146
630.403991699	311.935974121
631.148132324	305.857299805
631.892272949	304.39239502
632.636413574	311.523742676
633.380554199	299.834106445
634.124755859	298.614990234
634.868896484	317.446807861
635.613037109	320.897186279
636.357177734	324.840576172
637.101318359	311.732696533
637.84552002	318.366241455
638.589660645	325.759002686
639.33380127	324.985015869
640.077941895	329.132568359
640.82208252	312.591583252
641.56628418	320.277496338
642.310424805	310.106018066
643.05456543	306.56854248
643.798706055	308.181182861
644.542907715	313.165130615
645.28704834	311.834564209
646.031188965	309.594573975
646.77532959	314.524505615
647.519470215	323.812957764
648.263671875	329.512451172
649.0078125	305.901245117
649.751953125	319.974395752
650.49609375	332.722564697
651.240234375	339.60748291
651.984436035	322.601654053
652.72857666	317.133972168
653.472717285	328.120666504
654.21685791	330.468017578
654.960998535	324.568145752
655.705200195	338.559020996
656.44934082	321.494232178
657.193481445	339.817504883
657.93762207	332.236083984
658.681762695	311.843078613
659.425964355	316.899902344
660.17010498	323.305664063
660.914245605	314.992279053
661.65838623	312.675170898
662.402526855	328.647674561
663.146728516	326.740203857
663.890869141	322.060577393
664.635009766	326.259124756
665.379150391	328.838500977
666.123291016	327.427307129
666.867492676	326.872039795
667.611633301	317.324279785
668.355773926	316.165588379
669.099914551	325.717987061
669.844055176	322.702819824
670.588256836	321.457702637
671.332397461	320.353424072
672.076538086	331.758331299
672.820678711	321.31149292
673.564819336	334.406829834
674.309020996	332.361846924
675.053161621	321.526916504
675.797302246	320.413513184
676.541442871	330.231384277
677.285583496	336.281311035
678.029785156	329.701080322
678.773925781	327.349517822
679.518066406	316.208465576
680.262207031	336.582427979
681.006408691	327.5362854
681.750549316	318.555511475
682.494689941	326.45602417
683.238830566	331.646911621
683.982971191	327.532928467
684.727172852	328.860534668
685.471313477	333.718109131
686.215454102	318.734710693
686.959594727	312.707092285
687.703735352	332.424560547
688.447937012	341.085479736
689.192077637	341.249816895
689.936218262	341.484741211
690.680358887	332.675079346
691.424499512	320.337524414
692.168701172	316.642272949
692.912841797	321.270874023
693.656982422	329.10458374
694.401123047	337.398132324
695.145263672	325.031341553
695.889465332	328.033721924
696.633605957	327.144897461
697.377746582	345.777160645
698.121887207	342.561676025
698.866027832	331.086669922
699.610229492	324.380096436
700.354370117	319.232147217
701.098510742	325.923126221
701.842651367	329.683135986
702.586791992	318.552703857
703.330993652	339.133972168
704.075134277	335.234191895
704.819274902	330.343200684
705.563415527	328.787322998
706.307556152	330.121002197
707.051757813	335.255706787
707.795898438	339.280700684
708.540039063	339.161895752
709.284179688	341.863342285
710.028320313	338.671936035
710.772521973	327.766967773
711.516662598	347.726715088
712.260803223	349.731048584
713.004943848	325.570220947
713.749084473	323.68649292
714.493286133	337.013031006
715.237426758	331.890838623
715.981567383	317.765228271
716.725708008	324.165161133
717.469909668	332.384735107
718.214050293	339.880889893
718.958190918	366.560546875
719.702331543	364.316070557
720.446472168	344.160339355
721.190673828	362.42074585
721.934814453	348.22479248
722.678955078	335.062683105
723.423095703	348.651367188
724.167236328	354.711120605
724.911437988	337.117828369
725.655578613	341.45123291
726.399719238	348.9894104
727.143859863	319.251037598
727.888000488	352.702362061
728.632202148	365.550628662
729.376342773	349.329040527
730.120483398	341.910308838
730.864624023	350.390655518
731.608764648	354.466400146
732.352966309	351.03604126
733.097106934	350.45199585
733.841247559	344.973907471
734.585388184	336.536315918
735.329528809	350.185821533
736.073730469	362.639648438
736.817871094	359.475585938
737.562011719	355.666503906
738.306152344	367.015350342
739.050292969	359.961120605
739.794494629	357.774658203
740.538635254	357.756744385
741.282775879	341.812805176
742.026916504	338.683898926
742.771057129	353.768463135
743.515258789	346.73260498
744.259399414	360.414337158
745.003540039	356.04019165
745.747680664	373.451812744
746.491821289	349.559692383
747.236022949	353.116119385
747.980163574	361.414001465
748.724304199	360.589782715
749.468444824	351.252960205
750.212585449	340.11050415
750.956787109	358.050720215
751.700927734	353.706329346
752.445068359	366.443145752
753.189208984	375.595275879
753.933410645	381.649841309
754.67755127	368.583404541
755.421691895	365.563049316
756.16583252	365.749359131
756.909973145	368.989562988
757.654174805	374.599731445
758.39831543	372.824035645
759.142456055	363.176361084
759.88659668	360.923522949
760.630737305	358.202606201
761.374938965	372.860473633
762.11907959	379.654083252
762.863220215	385.262756348
763.60736084	368.636474609
764.351501465	369.524200439
765.095703125	384.356018066
765.83984375	377.417907715
766.583984375	366.978881836
767.328125	372.347717285
768.072265625	366.709899902
768.816467285	371.506195068
769.56060791	383.247436523
770.304748535	356.045440674
771.04888916	385.205413818
771.793029785	377.929260254
772.537231445	368.034759521
773.28137207	366.863586426
774.025512695	373.780273438
774.76965332	378.660400391
775.513793945	370.158721924
776.257995605	357.116271973
777.00213623	364.531311035
777.746276855	384.805084229
778.49041748	364.921630859
779.234558105	386.643676758
779.978759766	405.923583984
780.722900391	382.895965576
781.467041016	374.736785889
782.211181641	369.40512085
782.955322266	380.75012207
783.699523926	388.129119873
784.443664551	392.349060059
785.187805176	392.876281738
785.931945801	378.463806152
786.676086426	378.934051514
787.420288086	385.176208496
788.164428711	367.768768311
788.908569336	382.814086914
789.652709961	380.777313232
790.396911621	385.57244873
791.141052246	383.937805176
791.885192871	384.546234131
792.629333496	385.3019104
793.373474121	381.415679932
794.117675781	383.02166748
794.861816406	384.674346924
795.605957031	373.410186768
796.350097656	390.132415771
797.094238281	390.280334473
797.838439941	406.529571533
798.582580566	380.456970215
799.326721191	386.364868164
800.070861816	390.775115967
800.815002441	386.238006592
801.559204102	390.077056885
802.303344727	407.071044922
803.047485352	406.059875488
803.791625977	389.722991943
804.535766602	388.088806152
805.279968262	384.338653564
806.024108887	379.74621582
806.768249512	405.789794922
807.512390137	402.413696289
808.256530762	386.114227295
809.000732422	391.751434326
809.744873047	405.292907715
810.489013672	407.097412109
811.233154297	397.285186768
811.977294922	394.611816406
812.721496582	400.902038574
813.465637207	405.486419678
814.209777832	400.755371094
814.953918457	392.448455811
815.698059082	411.305664063
816.442260742	402.926635742
817.186401367	406.930725098
817.930541992	396.70803833
818.674682617	392.892425537
819.418823242	402.950012207
820.163024902	412.026763916
820.907165527	402.717102051
821.651306152	403.33605957
822.395446777	401.381652832
823.139587402	394.155181885
823.883789063	404.547637939
824.627929688	413.300598145
825.372070313	410.473327637
826.116210938	406.697509766
826.860412598	396.188873291
827.604553223	413.148986816
828.348693848	405.154418945
829.092834473	399.990722656
829.836975098	396.621643066
830.581176758	403.138519287
831.325317383	406.577606201
832.069458008	411.743774414
832.813598633	423.531860352
833.557739258	418.978271484
834.301940918	397.361755371
835.046081543	402.599304199
835.790222168	400.522644043
836.534362793	414.5418396
837.278503418	395.401824951
838.022705078	406.815673828
838.766845703	407.162567139
839.510986328	416.678405762
840.255126953	412.74520874
840.999267578	425.395111084
841.743469238	418.732299805
842.487609863	411.523071289
843.231750488	421.303894043
843.975891113	426.222137451
844.720031738	425.334411621
845.464233398	418.527099609
846.208374023	413.22946167
846.952514648	410.744415283
847.696655273	424.995758057
848.440795898	423.522888184
849.184997559	438.912322998
849.929138184	418.563293457
850.673278809	411.795959473
851.417419434	416.158569336
852.161560059	421.619506836
852.905761719	430.286956787
853.649902344	440.585083008
854.394042969	435.467987061
855.138183594	416.091278076
855.882324219	418.239379883
856.626525879	425.218048096
857.370666504	422.463287354
858.114807129	424.32434082
858.858947754	430.507171631
859.603088379	416.150054932
860.347290039	418.391357422
861.091430664	416.075561523
861.835571289	416.181274414
862.579711914	416.224609375
863.323913574	416.009063721
864.068054199	410.255401611
864.812194824	415.322235107
865.556335449	431.82800293
866.300476074	414.173797607
867.044677734	392.516967773
867.788818359	401.545288086
868.532958984	388.988128662
869.277099609	388.676849365
870.021240234	385.66229248
870.765441895	385.888763428
871.50958252	388.811981201
872.253723145	391.998168945
872.99786377	392.788970947
873.742004395	393.421447754
874.486206055	387.506591797
875.23034668	378.979309082
875.974487305	380.240234375
876.71862793	389.802185059
877.462768555	393.922241211
878.206970215	386
878.95111084	385.899291992
879.695251465	384.738677979
880.43939209	377.897766113
881.183532715	370.739227295
881.927734375	376.151672363
882.671875	380.16519165
883.416015625	380.764251709
884.16015625	387.307739258
884.904296875	379.847137451
885.648498535	375.758575439
886.39263916	379.964813232
887.136779785	382.759307861
887.88092041	378.182250977
888.625061035	362.524536133
889.369262695	368.366455078
890.11340332	363.077697754
890.857543945	376.12411499
891.60168457	388.295318604
892.345825195	385.53302002
893.090026855	376.924468994
893.83416748	370.290710449
894.578308105	366.282470703
895.32244873	364.204650879
896.066589355	371.0340271
896.810791016	362.998962402
897.554931641	353.316925049
898.299072266	362.372497559
899.043212891	365.533172607
899.787414551	353.743804932
900.531555176	363.388061523
901.275695801	373.754364014
902.019836426	359.553131104
902.763977051	343.725524902
903.508178711	357.163574219
904.252319336	368.75088501
904.996459961	369.955200195
905.740600586	360.355712891
906.484741211	368.381713867
907.228942871	363.393737793
907.973083496	345.716400146
908.717224121	352.026489258
909.461364746	366.312591553
910.205505371	366.387420654
910.949707031	362.124664307
911.693847656	352.828704834
912.437988281	342.571838379
913.182128906	362.935668945
913.926269531	360.468383789
914.670471191	347.187957764
915.414611816	362.229309082
916.158752441	353.779785156
916.902893066	342.040283203
917.647033691	344.820648193
918.391235352	355.442718506
919.135375977	338.123504639
919.879516602	345.2421875
920.623657227	352.541320801
921.367797852	351.465576172
922.111999512	354.642303467
922.856140137	360.473449707
923.600280762	353.690887451
924.344421387	339.885498047
925.088562012	345.303161621
925.832763672	341.547027588
926.576904297	341.997955322
927.321044922	328.986236572
928.065185547	348.019622803
928.809326172	350.532867432
929.553527832	348.286895752
930.297668457	347.444671631
931.041809082	345.524200439
931.785949707	333.988311768
932.530090332	355.448730469
933.274291992	352.760040283
934.018432617	349.628051758
934.762573242	345.371246338
935.506713867	342.035797119
936.250915527	352.294616699
936.995056152	347.784423828
937.739196777	337.932769775
938.483337402	345.058929443
939.227478027	353.073181152
939.971679688	360.811309814
940.715820313	358.796722412
941.459960938	353.7628479
942.204101563	344.407867432
942.948242188	335.837860107
943.692443848	339.27923584
944.436584473	353.253448486
945.180725098	356.39352417
945.924865723	347.34487915
946.669006348	343.458007813
947.413208008	340.764068604
948.157348633	345.598419189
948.901489258	350.945556641
949.645629883	346.459777832
950.389770508	344.786712646
951.133972168	343.178771973
951.878112793	340.565155029
952.622253418	340.918609619
953.366394043	334.440307617
954.110534668	357.676025391
954.854736328	345.041412354
955.598876953	328.3543396
956.343017578	327.629943848
957.087158203	338.25088501
957.831298828	356.256713867
958.575500488	364.799468994
959.319641113	357.310333252
960.063781738	356.739959717
960.807922363	354.435089111
961.552062988	354.459625244
962.296264648	355.024993896
963.040405273	351.035583496
963.784545898	350.872894287
964.528686523	353.206451416
965.272827148	355.292327881
966.017028809	362.739624023
966.761169434	371.275482178
967.505310059	359.381530762
968.249450684	353.352172852
968.993591309	341.013183594
969.737792969	345.740570068
970.481933594	367.537322998
971.226074219	352.218414307
971.970214844	357.736022949
972.714416504	358.513671875
973.458557129	359.154541016
974.202697754	351.101226807
974.946838379	362.518432617
975.690979004	368.42779541
976.435180664	356.458557129
977.179321289	351.464599609
977.923461914	354.869384766
978.667602539	354.780639648
979.411743164	360.356628418
980.155944824	372.605865479
980.900085449	368.083374023
981.644226074	358.283508301
982.388366699	359.980712891
983.132507324	395.847229004
983.876708984	365.742431641
984.620849609	360.292480469
985.364990234	357.302276611
986.109130859	364.670379639
986.853271484	367.875091553
987.597473145	379.905700684
988.34161377	367.902557373
989.085754395	349.036804199
989.82989502	353.867034912
990.574035645	359.500457764
991.318237305	363.999359131
992.06237793	380.405883789
992.806518555	383.047698975
993.55065918	372.820800781
994.294799805	377.039428711
995.039001465	376.817504883
995.78314209	381.21496582
996.527282715	367.192718506
997.27142334	363.296173096
998.015563965	380.483917236
998.759765625	388.848480225
999.50390625	392.66317749
1000.24804688	372.661102295
1000.9921875	392.536560059
1001.73632813	407.856872559
1002.48052979	397.504974365
1003.22467041	373.619262695
1003.96881104	388.071746826
1004.71295166	398.034088135
1005.45709229	401.955810547
1006.20129395	392.871490479
1006.94543457	393.658874512
1007.6895752	403.651306152
1008.43371582	400.473907471
1009.17791748	399.814666748
1009.92205811	403.466461182
1010.66619873	394.585479736
1011.41033936	394.463745117
1012.15447998	389.241424561
1012.89868164	408.378814697
1013.64282227	407.235687256
1014.38696289	415.248596191
1015.13110352	403.089172363
1015.87524414	416.051208496
1016.6194458	420.196044922
1017.36358643	433.899841309
1018.10772705	402.964111328
1018.85186768	423.822418213
1019.5960083	418.591583252
1020.34020996	424.025024414
1021.08435059	426.429626465
1021.82849121	425.887359619
1022.57263184	432.137207031
1023.31677246	434.249664307
1024.06091309	430.656555176
1024.80505371	427.168273926
1025.54931641	430.401489258
1026.29345703	435.58416748
1027.03759766	437.490356445
1027.78173828	442.220184326
1028.52587891	436.918304443
1029.27001953	425.742401123
1030.01416016	443.645141602
1030.75830078	461.557373047
1031.50244141	460.521026611
1032.24658203	445.468963623
1032.99084473	444.19241333
1033.73498535	462.273040771
1034.47912598	446.578948975
1035.2232666	444.153442383
1035.96740723	456.08303833
1036.71154785	446.707183838
1037.45568848	461.278656006
1038.1998291	455.38684082
1038.94396973	466.342803955
1039.68811035	473.722808838
1040.43237305	464.125976563
1041.17651367	460.55569458
1041.9206543	458.215057373
1042.66479492	456.213562012
1043.40893555	462.214080811
1044.15307617	464.361022949
1044.8972168	469.963378906
1045.64135742	474.569946289
1046.38549805	457.438079834
1047.12963867	460.68737793
1047.87390137	473.879852295
1048.61804199	467.172454834
1049.36218262	478.333343506
1050.10632324	477.709594727
1050.85046387	477.483917236
1051.59460449	504.123504639
1052.33874512	470.374176025
1053.08288574	479.923950195
1053.82702637	477.291107178
1054.57116699	480.287322998
1055.31542969	473.316345215
1056.05957031	478.529876709
1056.80371094	475.89175415
1057.54785156	482.729370117
1058.29199219	487.365905762
1059.03613281	491.417633057
1059.78027344	488.568756104
1060.52441406	485.809844971
1061.26855469	489.371368408
1062.01281738	500.010040283
1062.75695801	494.956390381
1063.50109863	487.841094971
1064.24523926	484.068634033
1064.98937988	476.487457275
1065.73352051	481.914520264
1066.47766113	494.083374023
1067.22180176	495.03314209
1067.96594238	496.200836182
1068.71008301	489.984313965
1069.4543457	481.876190186
1070.19848633	496.171081543
1070.94262695	506.585388184
1071.68676758	503.916595459
1072.4309082	503.891326904
1073.17504883	520.521972656
1073.91918945	489.591033936
1074.66333008	502.692962646
1075.4074707	502.267181396
1076.15161133	516.623657227
1076.89587402	508.142364502
1077.64001465	509.165557861
1078.38415527	502.987945557
1079.1282959	508.346252441
1079.87243652	506.914428711
1080.61657715	512.269104004
1081.36071777	519.622253418
1082.1048584	520.566101074
1082.84899902	519.313354492
1083.59313965	514.605041504
1084.33740234	514.330871582
1085.08154297	516.915100098
1085.82568359	514.696166992
1086.56982422	514.644714355
1087.31396484	514.593261719
1088.05810547	521.322021484
1088.80224609	521.628540039
1089.54638672	518.786621094
1090.29052734	516.284423828
1091.03466797	522.128601074
1091.77893066	524.051025391
1092.52307129	531.175598145
1093.26721191	537.459960938
1094.01135254	533.260620117
1094.75549316	534.750305176
1095.49963379	538.115356445
1096.24377441	537.565490723
1096.98791504	535.172241211
1097.73205566	539.242004395
1098.47631836	542.431945801
1099.22045898	551.467956543
1099.96459961	534.331176758
1100.70874023	532.22845459
1101.45288086	536.154418945
1102.19702148	542.659667969
1102.94116211	543.767883301
1103.68530273	542.718444824
1104.42944336	551.20513916
1105.17358398	559.552307129
1105.91784668	559.595275879
1106.6619873	572.666503906
1107.40612793	568.879211426
1108.15026855	558.76385498
1108.89440918	552.146484375
1109.6385498	556.303955078
1110.38269043	549.695556641
1111.12683105	545.47253418
1111.87097168	548.829345703
1112.6151123	566.799255371
1113.359375	567.816040039
1114.10351563	569.280822754
1114.84765625	565.224853516
1115.59179688	585.627685547
1116.3359375	591.65637207
1117.08007813	574.138122559
1117.82421875	568.36517334
1118.56835938	594.43536377
1119.3125	603.291931152
1120.05664063	592.765563965
1120.80090332	597.985107422
1121.54504395	593.652160645
1122.28918457	588.448852539
1123.0333252	584.243835449
1123.77746582	593.695129395
1124.52160645	585.930358887
1125.26574707	600.959472656
1126.0098877	587.661010742
1126.75402832	587.938842773
1127.49816895	600.649719238
1128.24243164	621.343994141
1128.98657227	602.14251709
1129.73071289	600.048706055
1130.47485352	605.981201172
1131.21899414	613.291564941
1131.96313477	620.496582031
1132.70727539	625.928894043
1133.45141602	627.472839355
1134.19555664	619.659606934
1134.93981934	609.901062012
1135.68395996	614.349853516
1136.42810059	619.891052246
1137.17224121	623.864379883
1137.91638184	638.263305664
1138.66052246	629.032226563
1139.40466309	626.67980957
1140.14880371	615.695068359
1140.89294434	637.103210449
1141.63708496	629.910400391
1142.38134766	643.395141602
1143.12548828	627.779418945
1143.86962891	637.767211914
1144.61376953	660.005554199
1145.35791016	646.292053223
1146.10205078	649.648620605
1146.84619141	637.872558594
1147.59033203	653.38671875
1148.33447266	670.911376953
1149.07861328	664.364562988
1149.82287598	664.164428711
1150.5670166	649.146850586
1151.31115723	648.638977051
1152.05529785	665.960571289
1152.79943848	681.362792969
1153.5435791	682.651428223
1154.28771973	665.566650391
1155.03186035	675.120727539
1155.77600098	675.673706055
1156.5201416	703.012145996
1157.2644043	679.822021484
1158.00854492	675.540039063
1158.75268555	676.32598877
1159.49682617	693.009643555
1160.2409668	663.010009766
1160.98510742	699.735351563
1161.72924805	681.480285645
1162.47338867	668.881774902
1163.2175293	690.987365723
1163.96166992	686.40826416
1164.70593262	704.053771973
1165.45007324	706.640563965
1166.19421387	702.54095459
1166.93835449	702.593566895
1167.68249512	696.266418457
1168.42663574	695.167053223
1169.17077637	696.640625
1169.91491699	698.90032959
1170.65905762	712.729736328
1171.40332031	725.84954834
1172.14746094	716.114257813
1172.89160156	706.907409668
1173.63574219	718.918884277
1174.37988281	685.171508789
1175.12402344	686.353759766
1175.86816406	717.599609375
1176.61230469	713.901977539
1177.35644531	704.854919434
1178.10058594	736.520141602
1178.84484863	712.143432617
1179.58898926	735.858581543
1180.33312988	734.555236816
1181.07727051	729.350463867
1181.82141113	734.265991211
1182.56555176	724.102478027
1183.30969238	724.393432617
1184.05383301	719.039855957
1184.79797363	726.533508301
1185.54211426	724.051208496
1186.28637695	730.551025391
1187.03051758	741.027404785
1187.7746582	737.536132813
1188.51879883	745.688110352
1189.26293945	753.62310791
1190.00708008	740.033447266
1190.7512207	741.590881348
1191.49536133	753.595153809
1192.23950195	748.356201172
1192.98364258	756.064331055
1193.72790527	758.199951172
1194.4720459	770.953735352
1195.21618652	761.163391113
1195.96032715	744.918823242
1196.70446777	777.184143066
1197.4486084	748.322631836
1198.19274902	786.648864746
1198.93688965	763.17767334
1199.68103027	786.295715332
1200.4251709	792.558227539
1201.16943359	790.33972168
1201.91357422	800.786499023
1202.65771484	795.317932129
1203.40185547	805.12902832
1204.14599609	803.593383789
1204.89013672	796.524719238
1205.63427734	813.130554199
1206.37841797	814.263366699
1207.12255859	808.576416016
1207.86682129	803.637695313
1208.61096191	799.039245605
1209.35510254	804.796203613
1210.09924316	814.832885742
1210.84338379	817.451782227
1211.58752441	814.023010254
1212.33166504	821.67199707
1213.07580566	841.592468262
1213.81994629	838.915588379
1214.56408691	829.404052734
1215.30834961	842.706481934
1216.05249023	853.870178223
1216.79663086	847.447875977
1217.54077148	861.055541992
1218.28491211	864.162658691
1219.02905273	857.298278809
1219.77319336	881.420166016
1220.51733398	838.182067871
1221.26147461	849.167480469
1222.00561523	880.131835938
1222.74987793	844.177490234
1223.49401855	865.901245117
1224.23815918	866.710205078
1224.9822998	840.929077148
1225.72644043	864.06640625
1226.47058105	870.567687988
1227.21472168	898.043701172
1227.9588623	878.195007324
1228.70300293	883.624328613
1229.44714355	879.459655762
1230.19140625	891.729003906
1230.93554688	898.37512207
1231.6796875	919.188659668
1232.42382813	930.443115234
1233.16796875	918.065368652
1233.91210938	931.527893066
1234.65625	941.949035645
1235.40039063	934.387023926
1236.14453125	933.719360352
1236.88867188	927.689575195
1237.63293457	945.082885742
1238.3770752	940.610839844
1239.12121582	945.001037598
1239.86535645	958.76965332
1240.60949707	945.194946289
1241.3536377	972.296264648
1242.09777832	964.998046875
1242.84191895	964.590881348
1243.58605957	991.814819336
1244.33032227	993.495422363
1245.07446289	995.23651123
1245.81860352	972.970397949
1246.56274414	1034.53540039
1247.30688477	986.963256836
1248.05102539	998.76751709
1248.79516602	1001.19158936
1249.53930664	1007.70092773
1250.28344727	1059.41674805
1251.02758789	1035.6328125
1251.77185059	1028.52429199
1252.51599121	1041.82861328
1253.26013184	1035.23535156
1254.00427246	1070.95654297
1254.74841309	1055.56860352
1255.49255371	1059.2364502
1256.23669434	1067.32165527
1256.98083496	1083.40844727
1257.72497559	1090.23962402
1258.46911621	1071.54589844
1259.21337891	1073.39782715
1259.95751953	1091.515625
1260.70166016	1099.6763916
1261.44580078	1100.89929199
1262.18994141	1115.49157715
1262.93408203	1138.66662598
1263.67822266	1137.41418457
1264.42236328	1135.33337402
1265.16650391	1138.71582031
1265.91064453	1139.1973877
1266.65490723	1135.74462891
1267.39904785	1163.72155762
1268.14318848	1159.61230469
1268.8873291	1163.66333008
1269.63146973	1174.87536621
1270.37561035	1190.87792969
1271.11975098	1194.53271484
1271.8638916	1207.88793945
1272.60803223	1185.4432373
1273.35217285	1183.20031738
1274.09643555	1232.69250488
1274.84057617	1211.35827637
1275.5847168	1228.30810547
1276.32885742	1240.66894531
1277.07299805	1267.33300781
1277.81713867	1277.03479004
1278.5612793	1259.51049805
1279.30541992	1282.4732666
1280.04956055	1288.25939941
1280.79382324	1319.56091309
1281.53796387	1310.55505371
1282.28210449	1310.53137207
1283.02624512	1325.85778809
1283.77038574	1359.5123291
1284.51452637	1344.23901367
1285.25866699	1368.4329834
1286.00280762	1362.25341797
1286.74694824	1351.64978027
1287.49108887	1391.04882813
1288.23535156	1408.67333984
1288.97949219	1409.38232422
1289.72363281	1425.86328125
1290.46777344	1415.86450195
1291.21191406	1436.44812012
1291.95605469	1461.60290527
1292.70019531	1445.25708008
1293.44433594	1449.80456543
1294.18847656	1476.58447266
1294.93261719	1477.3651123
1295.67687988	1488.25817871
1296.42102051	1513.59680176
1297.16516113	1525.60803223
1297.90930176	1558.2869873
1298.65344238	1567.89758301
1299.39758301	1560.74816895
1300.14172363	1542.86462402
1300.88586426	1564.18457031
1301.63000488	1605.11987305
1302.37414551	1633.04931641
1303.1184082	1658.71911621
1303.86254883	1633.07666016
1304.60668945	1689.49084473
1305.35083008	1692.81384277
1306.0949707	1677.24121094
1306.83911133	1679.52038574
1307.58325195	1713.28942871
1308.32739258	1728.67468262
1309.0715332	1734.98303223
1309.81567383	1713.35546875
1310.55993652	1780.59570313
1311.30407715	1773.00036621
1312.04821777	1806.21740723
1312.7923584	1788.5826416
1313.53649902	1844.67272949
1314.28063965	1845.65734863
1315.02478027	1860.94543457
1315.7689209	1853.0345459
1316.51306152	1924.59130859
1317.25732422	1912.93115234
1318.00146484	1937.20227051
1318.74560547	1910.06262207
1319.48974609	1981.34887695
1320.23388672	1942.8815918
1320.97802734	2003.06298828
1321.72216797	2026.97473145
1322.46630859	1989.93249512
1323.21044922	2002.56896973
1323.95458984	2040.6673584
1324.69885254	2048.81494141
1325.44299316	2065.71801758
1326.18713379	2079.74121094
1326.93127441	2101.29296875
1327.67541504	2119.29882813
1328.41955566	2140.40722656
1329.16369629	2155.67651367
1329.90783691	2127.26782227
1330.65197754	2119.01904297
1331.39611816	2149.62841797
1332.14038086	2196.50976563
1332.88452148	2227.43994141
1333.62866211	2230.89111328
1334.37280273	2218.66796875
1335.11694336	2197.1652832
1335.86108398	2221.34228516
1336.60522461	2220.99267578
1337.34936523	2200.77880859
1338.09350586	2220.73754883
1338.83764648	2225.09667969
1339.58190918	2249.12158203
1340.3260498	2274.91210938
1341.07019043	2258.26489258
1341.81433105	2249.13989258
1342.55847168	2270.64550781
1343.3026123	2277.49975586
1344.04675293	2259.71875
1344.79089355	2262.46679688
1345.53503418	2286.79418945
1346.2791748	2283.8659668
1347.0234375	2250.70751953
1347.76757813	2270.25756836
1348.51171875	2283.89013672
1349.25585938	2274.20141602
1350	2237.71044922
1350.74414063	2242.53735352
1351.48828125	2221.31103516
1352.23242188	2210.46728516
1352.9765625	2214.57885742
1353.7208252	2224.67016602
1354.46496582	2188.6862793
1355.20910645	2194.22192383
1355.95324707	2189.15209961
1356.6973877	2193.3671875
1357.44152832	2172.2487793
1358.18566895	2167.79516602
1358.92980957	2169.22509766
1359.6739502	2113.58813477
1360.41809082	2122.11425781
1361.16235352	2168.67456055
1361.90649414	2117.99584961
1362.65063477	2082.59375
1363.39477539	2086.62915039
1364.13891602	2085.53637695
1364.88305664	2026.33374023
1365.62719727	2053.69116211
1366.37133789	2029.61889648
1367.11547852	2003.89562988
1367.85961914	2026.62268066
1368.60388184	1997.47338867
1369.34802246	1973.34985352
1370.09216309	1966.08435059
1370.83630371	1982.95446777
1371.58044434	1898.04125977
1372.32458496	1910.08569336
1373.06872559	1887.10839844
1373.81286621	1862
1374.55700684	1865.95251465
1375.30114746	1892.54589844
1376.04541016	1853.47570801
1376.78955078	1853.92590332
1377.53369141	1817.88427734
1378.27783203	1809.71069336
1379.02197266	1803.47790527
1379.76611328	1771.32006836
1380.51025391	1813.50793457
1381.25439453	1729.75244141
1381.99853516	1724.74206543
1382.74267578	1767.52880859
1383.48693848	1733.96875
1384.2310791	1743.06945801
1384.97521973	1708.96228027
1385.71936035	1625.64428711
1386.46350098	1684.26843262
1387.2076416	1695.49633789
1387.95178223	1621.62512207
1388.69592285	1658.38256836
1389.44006348	1659.31225586
1390.18432617	1634.51599121
1390.9284668	1616.0703125
1391.67260742	1618.58056641
1392.41674805	1580.60913086
1393.16088867	1595.58898926
1393.9050293	1565.40515137
1394.64916992	1544.28161621
1395.39331055	1570.66210938
1396.13745117	1569.80065918
1396.8815918	1533.53979492
1397.62585449	1504.37243652
1398.36999512	1516.6295166
1399.11413574	1499.67529297
1399.85827637	1506.98449707
1400.60241699	1522.28845215
1401.34655762	1473.17736816
1402.09069824	1468.35327148
1402.83483887	1458.04919434
1403.57897949	1492.1583252
1404.32312012	1467.46936035
1405.06738281	1417.95361328
1405.81152344	1442.18652344
1406.55566406	1440.67651367
1407.29980469	1410.51452637
1408.04394531	1420.60656738
1408.78808594	1401.77416992
1409.53222656	1418.24157715
1410.27636719	1397.3873291
1411.02050781	1405.31542969
1411.76464844	1378.37658691
1412.50891113	1367.34558105
1413.25305176	1395.3248291
1413.99719238	1386.93640137
1414.74133301	1364.2767334
1415.48547363	1349.49682617
1416.22961426	1383.39819336
1416.97375488	1337.1307373
1417.71789551	1350.9230957
1418.46203613	1343.27661133
1419.20617676	1310.80285645
1419.95043945	1319.31054688
1420.69458008	1317.26037598
1421.4387207	1284.36608887
1422.18286133	1342.28222656
1422.92700195	1312.91687012
1423.67114258	1287.91235352
1424.4152832	1294.85986328
1425.15942383	1273.49951172
1425.90356445	1294.63769531
1426.64782715	1285.4934082
1427.39196777	1265.34118652
1428.1361084	1228.40588379
1428.88024902	1259.15039063
1429.62438965	1261.54394531
1430.36853027	1258.55932617
1431.1126709	1242.88452148
1431.85681152	1242.20483398
1432.60095215	1252.62695313
1433.34509277	1247.94555664
1434.08935547	1245.11547852
1434.83349609	1258.33361816
1435.57763672	1242.49975586
1436.32177734	1248.99743652
1437.06591797	1286.64733887
1437.81005859	1242.21899414
1438.55419922	1253.30383301
1439.29833984	1230.36181641
1440.04248047	1235.96057129
1440.78662109	1211.11083984
1441.53088379	1212.8605957
1442.27502441	1257.98754883
1443.01916504	1268.01879883
1443.76330566	1222.11120605
1444.50744629	1212.9654541
1445.25158691	1223.05432129
1445.99572754	1227.26989746
1446.73986816	1223.04418945
1447.48400879	1187.25683594
1448.22814941	1190.6394043
1448.97241211	1217.61169434
1449.71655273	1193.04248047
1450.46069336	1194.04370117
1451.20483398	1189.26879883
1451.94897461	1200.5065918
1452.69311523	1206.74108887
1453.43725586	1222.55407715
1454.18139648	1192.48449707
1454.92553711	1190.95996094
1455.66967773	1164.45959473
1456.41394043	1182.76647949
1457.15808105	1181.14257813
1457.90222168	1175.40625
1458.6463623	1186.68664551
1459.39050293	1213.96740723
1460.13464355	1199.41699219
1460.87878418	1189.85705566
1461.6229248	1188.59130859
1462.36706543	1170.42675781
1463.11132813	1187.30163574
1463.85546875	1196.90612793
1464.59960938	1186.24975586
1465.34375	1172.27709961
1466.08789063	1186.90270996
1466.83203125	1184.2545166
1467.57617188	1186.20471191
1468.3203125	1187.20410156
1469.06445313	1190.93835449
1469.80859375	1203.59863281
1470.55285645	1185.67407227
1471.29699707	1165.61914063
1472.0411377	1185.39038086
1472.78527832	1182.74279785
1473.52941895	1180.55566406
1474.27355957	1180.93774414
1475.0177002	1170.9597168
1475.76184082	1180.9095459
1476.50598145	1180.35168457
1477.25012207	1166.71972656
1477.99438477	1179.35754395
1478.73852539	1179.02441406
1479.48266602	1193.14257813
1480.22680664	1182.55114746
1480.97094727	1191.54260254
1481.71508789	1164.22070313
1482.45922852	1167.89648438
1483.20336914	1178.57287598
1483.94750977	1156.98547363
1484.69165039	1199.41796875
1485.43591309	1187.73730469
1486.18005371	1174.7355957
1486.92419434	1148.47741699
1487.66833496	1180.6973877
1488.41247559	1160.66931152
1489.15661621	1156.49279785
1489.90075684	1164.32788086
1490.64489746	1181.47851563
1491.38903809	1161.47814941
1492.13317871	1167.25756836
1492.87744141	1164.70373535
1493.62158203	1164.02514648
1494.36572266	1180.92028809
1495.10986328	1189.64135742
1495.85400391	1177.35229492
1496.59814453	1200.72290039
1497.34228516	1184.72595215
1498.08642578	1199.5057373
1498.83056641	1191.56713867
1499.5748291	1170.94055176
1500.31896973	1155.72753906
1501.06311035	1188.4473877
1501.80725098	1161.21313477
1502.5513916	1150.28759766
1503.29553223	1163.99121094
1504.03967285	1191.85339355
1504.78381348	1191.47338867
1505.5279541	1195.01794434
1506.27209473	1176.7890625
1507.01635742	1200.59802246
1507.76049805	1192.42346191
1508.50463867	1214.84643555
1509.2487793	1213.02697754
1509.99291992	1201.52026367
1510.73706055	1194.84484863
1511.48120117	1202.578125
1512.2253418	1206.02514648
1512.96948242	1216.15405273
1513.71362305	1202.52770996
1514.45788574	1222.73522949
1515.20202637	1204.44189453
1515.94616699	1172.20385742
1516.69030762	1192.5982666
1517.43444824	1224.06066895
1518.17858887	1226.53881836
1518.92272949	1217.58129883
1519.66687012	1240.42749023
1520.41101074	1246.91833496
1521.15515137	1220.27734375
1521.89941406	1213.81115723
1522.64355469	1248.23083496
1523.38769531	1247.47509766
1524.13183594	1218.63391113
1524.87597656	1240.52026367
1525.62011719	1244.66711426
1526.36425781	1253.27954102
1527.10839844	1242.46228027
1527.85253906	1238.06652832
1528.59667969	1264.85754395
1529.34094238	1236.5423584
1530.08508301	1267.67370605
1530.82922363	1272.44299316
1531.57336426	1273.85766602
1532.31750488	1298.36010742
1533.06164551	1298.08154297
1533.80578613	1248.80004883
1534.54992676	1278.5291748
1535.29406738	1308.58532715
1536.03833008	1317.34362793
1536.7824707	1334.92089844
1537.52661133	1332.0916748
1538.27075195	1312.87207031
1539.01489258	1306.93859863
1539.7590332	1360.81921387
1540.50317383	1333.43591309
1541.24731445	1369.23742676
1541.99145508	1365.56213379
1542.7355957	1374.41235352
1543.4798584	1377.62365723
1544.22399902	1401.96838379
1544.96813965	1422.49157715
1545.71228027	1422.29980469
1546.4564209	1395.87341309
1547.20056152	1416.19055176
1547.94470215	1434.96508789
1548.68884277	1439.24914551
1549.4329834	1460.83703613
1550.17712402	1486.37414551
1550.92138672	1503.34729004
1551.66552734	1507.84741211
1552.40966797	1482.42211914
1553.15380859	1520.76135254
1553.89794922	1549.66674805
1554.64208984	1541.00512695
1555.38623047	1557.2947998
1556.13037109	1602.19885254
1556.87451172	1598.09985352
1557.61865234	1611.83349609
1558.36291504	1624.65515137
1559.10705566	1649.26635742
1559.85119629	1626.06494141
1560.59533691	1615.94970703
1561.33947754	1664.42700195
1562.08361816	1664.41601563
1562.82775879	1693.33349609
1563.57189941	1695.70300293
1564.31604004	1756.69616699
1565.06018066	1738.08105469
1565.80444336	1757.72839355
1566.54858398	1772.45214844
1567.29272461	1788.58862305
1568.03686523	1813.65307617
1568.78100586	1805.53979492
1569.52514648	1831.93615723
1570.26928711	1879.32910156
1571.01342773	1849.82666016
1571.75756836	1879.65380859
1572.50183105	1893.58789063
1573.24597168	1901.02099609
1573.9901123	1917.96850586
1574.73425293	1947.91699219
1575.47839355	1955.29077148
1576.22253418	1960.98388672
1576.9666748	1940.98742676
1577.71081543	1969.1105957
1578.45495605	2005.95300293
1579.19909668	2007.10571289
1579.94335938	2026.13647461
1580.6875	2030.16809082
1581.43164063	2061.66699219
1582.17578125	2078.87231445
1582.91992188	2080.9440918
1583.6640625	2070.04516602
1584.40820313	2073.42431641
1585.15234375	2101.6484375
1585.89648438	2115.57714844
1586.640625	2094.73242188
1587.3848877	2105.90307617
1588.12902832	2112.1027832
1588.87316895	2096.4753418
1589.61730957	2120.03320313
1590.3614502	2147.05737305
1591.10559082	2152.74780273
1591.84973145	2149.20751953
1592.59387207	2130.82519531
1593.3380127	2179.45385742
1594.08215332	2162.33374023
1594.82641602	2136.94311523
1595.57055664	2144.14086914
1596.31469727	2169.16137695
1597.05883789	2145.04174805
1597.80297852	2139.88671875
1598.54711914	2158.03271484
1599.29125977	2129.60375977
1600.03540039	2069.60473633
1600.77954102	2081.51586914
1601.52368164	2083.84692383
1602.26794434	2062.73632813
1603.01208496	2088.98144531
1603.75622559	2035.46508789
1604.50036621	2064.87524414
1605.24450684	2029.44226074
1605.98864746	2017.2409668
1606.73278809	2025.2388916
1607.47692871	1997.32104492
1608.22106934	1954.80541992
1608.96533203	1958.76867676
1609.70947266	1942.40246582
1610.45361328	1907.91259766
1611.19775391	1870.66625977
1611.94189453	1849.37524414
1612.68603516	1843.0078125
1613.43017578	1849.41442871
1614.17431641	1820.72265625
1614.91845703	1780.50427246
1615.66259766	1744.18029785
1616.40686035	1727.67211914
1617.15100098	1730.56237793
1617.8951416	1695.11120605
1618.63928223	1683.22424316
1619.38342285	1671.22961426
1620.12756348	1634.85302734
1620.8717041	1602.94567871
1621.61584473	1585.57727051
1622.35998535	1546.41247559
1623.10412598	1506.58081055
1623.84838867	1490.91479492
1624.5925293	1477.79052734
1625.33666992	1416.5637207
1626.08081055	1457.91625977
1626.82495117	1440.36865234
1627.5690918	1356.50842285
1628.31323242	1352.25512695
1629.05737305	1337.80773926
1629.80151367	1320.04943848
1630.5456543	1262.41638184
1631.28991699	1260.42016602
1632.03405762	1242.31542969
1632.77819824	1188.4041748
1633.52233887	1176.79528809
1634.26647949	1179.82312012
1635.01062012	1144.64147949
1635.75476074	1107.79833984
1636.49890137	1088.91467285
1637.24304199	1070.14099121
1637.98718262	1049.74560547
1638.73144531	1022.18029785
1639.47558594	1019.3112793
1640.21972656	998.981994629
1640.96386719	987.417053223
1641.70800781	972.498291016
1642.45214844	940.666748047
1643.19628906	929.422180176
1643.94042969	933.653381348
1644.68457031	911.651855469
1645.42883301	865.644042969
1646.17297363	879.171875
1646.91711426	852.667724609
1647.66125488	843.292785645
1648.40539551	818.674499512
1649.14953613	799.467224121
1649.89367676	804.116027832
1650.63781738	799.315307617
1651.38195801	782.718017578
1652.12609863	755.257019043
1652.87036133	739.098815918
1653.61450195	729.96673584
1654.35864258	710.798156738
1655.1027832	695.756103516
1655.84692383	692.272460938
1656.59106445	673.156616211
1657.33520508	664.378845215
1658.0793457	670.62322998
1658.82348633	654.237365723
1659.56762695	640.43963623
1660.31188965	605.311584473
1661.05603027	603.21697998
1661.8001709	594.931945801
1662.54431152	585.276733398
1663.28845215	579.774597168
1664.03259277	568.297302246
1664.7767334	557.937011719
1665.52087402	563.192016602
1666.26501465	546.800292969
1667.00915527	541.905883789
1667.75341797	531.207336426
1668.49755859	518.992553711
1669.24169922	510.505462646
1669.98583984	509.363861084
1670.72998047	485.857025146
1671.47412109	485.191101074
1672.21826172	477.535186768
1672.96240234	492.96774292
1673.70654297	484.679840088
1674.45068359	480.178588867
1675.19494629	462.068359375
1675.93908691	451.863830566
1676.68322754	443.159301758
1677.42736816	443.151062012
1678.17150879	421.288116455
1678.91564941	430.195617676
1679.65979004	412.636322021
1680.40393066	419.259277344
1681.14807129	414.219360352
1681.89233398	410.386383057
1682.63647461	396.216522217
1683.38061523	386.393035889
1684.12475586	392.230529785
1684.86889648	391.778808594
1685.61303711	373.47265625
1686.35717773	366.591217041
1687.10131836	357.293395996
1687.84545898	368.548431396
1688.58959961	355.721069336
1689.3338623	359.928833008
1690.07800293	361.713226318
1690.82214355	354.555267334
1691.56628418	352.176086426
1692.3104248	359.169891357
1693.05456543	346.359008789
1693.79870605	343.318817139
1694.54284668	330.97555542
1695.2869873	331.404327393
1696.03112793	334.424041748
1696.77539063	326.043151855
1697.51953125	313.609344482
1698.26367188	315.684570313
1699.0078125	324.662506104
1699.75195313	328.501312256
1700.49609375	311.169708252
1701.24023438	306.13684082
1701.984375	304.162200928
1702.72851563	319.594818115
1703.47265625	302.779266357
1704.21691895	307.106323242
1704.96105957	312.19329834
1705.7052002	296.807647705
1706.44934082	302.707611084
1707.19348145	302.573974609
1707.93762207	298.391235352
1708.6817627	308.481231689
1709.42590332	311.008361816
1710.17004395	299.575195313
1710.91418457	281.297973633
1711.65844727	285.467926025
1712.40258789	295.698486328
1713.14672852	300.259735107
1713.89086914	282.617828369
1714.63500977	276.911437988
1715.37915039	272.220367432
1716.12329102	274.78616333
1716.86743164	283.107940674
1717.61157227	271.855255127
1718.35583496	277.850158691
1719.09997559	287.253875732
1719.84411621	277.53894043
1720.58825684	270.731414795
1721.33239746	281.087097168
1722.07653809	286.665374756
1722.82067871	286.633880615
1723.56481934	280.342132568
1724.30895996	271.194396973
1725.05310059	256.546325684
1725.79736328	252.487594604
1726.54150391	266.233703613
1727.28564453	258.9793396
1728.02978516	259.632507324
1728.77392578	273.09375
1729.51806641	251.992050171
1730.26220703	261.628967285
1731.00634766	254.909118652
1731.75048828	267.171478271
1732.49462891	260.37310791
1733.2388916	266.086273193
1733.98303223	262.407562256
1734.72717285	251.774261475
1735.47131348	246.800094604
1736.2154541	248.877532959
1736.95959473	251.489486694
1737.70373535	247.062454224
1738.44787598	258.864868164
1739.1920166	251.288253784
1739.93615723	247.570449829
1740.68041992	249.221069336
1741.42456055	250.917388916
1742.16870117	243.617141724
1742.9128418	239.940933228
1743.65698242	245.806564331
1744.40112305	248.658782959
1745.14526367	250.860107422
1745.8894043	243.205352783
1746.63354492	240.277023315
1747.37768555	238.436050415
1748.12194824	235.401763916
1748.86608887	246.13142395
1749.61022949	242.967163086
1750.35437012	236.512115479
1751.09851074	237.890060425
1751.84265137	232.551544189
1752.58679199	242.343093872
1753.33093262	234.714889526
1754.07507324	235.538131714
1754.81933594	237.13520813
1755.56347656	239.580200195
1756.30761719	243.573181152
1757.05175781	238.824417114
1757.79589844	236.961776733
1758.54003906	233.640136719
1759.28417969	232.195968628
1760.02832031	235.0078125
1760.77246094	236.30456543
1761.51660156	235.452560425
1762.26086426	237.921081543
1763.00500488	224.578491211
1763.74914551	234.755142212
1764.49328613	233.550216675
1765.23742676	233.35484314
1765.98156738	236.473144531
1766.72570801	227.447647095
1767.46984863	228.422149658
1768.21398926	229.400588989
1768.95812988	232.883041382
1769.70239258	239.321594238
1770.4465332	232.221008301
1771.19067383	229.351196289
1771.93481445	233.631668091
1772.67895508	225.907119751
1773.4230957	217.406295776
1774.16723633	225.175857544
1774.91137695	222.827590942
1775.65551758	222.125595093
1776.3996582	226.800918579
1777.1439209	223.390823364
1777.88806152	228.473983765
1778.63220215	223.127227783
1779.37634277	231.961135864
1780.1204834	232.413421631
1780.86462402	219.152313232
1781.60876465	226.706115723
1782.35290527	224.702926636
1783.0970459	233.010864258
1783.84118652	217.063369751
1784.58544922	218.03553772
1785.32958984	217.576171875
1786.07373047	219.103652954
1786.81787109	215.962310791
1787.56201172	218.165466309
1788.30615234	219.100189209
1789.05029297	216.077041626
1789.79443359	215.411911011
1790.53857422	210.419937134
1791.28283691	228.92477417
1792.02697754	215.429443359
1792.77111816	223.135192871
1793.51525879	220.648086548
1794.25939941	217.854293823
1795.00354004	228.608322144
1795.74768066	222.151763916
1796.49182129	224.070770264
1797.23596191	227.24659729
1797.98010254	213.102706909
1798.72436523	225.5677948
1799.46850586	226.319580078
1800.21264648	215.207550049
1800.95678711	211.533401489
1801.70092773	218.27281189
1802.44506836	219.754333496
1803.18920898	214.518325806
1803.93334961	211.01411438
1804.67749023	218.020553589
1805.42163086	207.31086731
1806.16589355	205.672592163
1806.91003418	213.293334961
1807.6541748	212.477859497
1808.39831543	217.890991211
1809.14245605	209.907287598
1809.88659668	216.856002808
1810.6307373	213.515289307
1811.37487793	218.478363037
1812.11901855	197.85458374
1812.86315918	219.316009521
1813.60742188	205.155838013
1814.3515625	212.139587402
1815.09570313	213.441818237
1815.83984375	210.21055603
1816.58398438	206.724212646
1817.328125	208.36479187
1818.07226563	209.660095215
1818.81640625	212.802856445
1819.56054688	213.376419067
1820.3046875	200.846481323
1821.0489502	204.809738159
1821.79309082	214.419525146
1822.53723145	213.015029907
1823.28137207	222.447601318
1824.0255127	212.117080688
1824.76965332	218.370788574
1825.51379395	214.716674805
1826.25793457	213.309890747
1827.0020752	209.64276123
1827.74633789	201.730316162
1828.49047852	202.916015625
1829.23461914	205.744689941
1829.97875977	211.834732056
1830.72290039	215.576171875
1831.46704102	217.060928345
1832.21118164	212.897445679
1832.95532227	221.385192871
1833.69946289	209.462509155
1834.44360352	208.400436401
1835.18786621	212.121429443
1835.93200684	204.676559448
1836.67614746	193.537475586
1837.42028809	216.684997559
1838.16442871	201.675949097
1838.90856934	204.407592773
1839.65270996	207.424331665
1840.39685059	205.075698853
1841.14099121	201.449554443
1841.88513184	199.128616333
1842.62939453	201.228103638
1843.37353516	205.369735718
1844.11767578	205.420288086
1844.86181641	212.930114746
1845.60595703	207.853256226
1846.35009766	212.336502075
1847.09423828	211.957092285
1847.83837891	211.355392456
1848.58251953	197.414749146
1849.32666016	216.070892334
1850.07092285	209.78565979
1850.81506348	198.882888794
1851.5592041	208.312179565
1852.30334473	217.493255615
1853.04748535	205.342132568
1853.79162598	201.064926147
1854.5357666	214.843185425
1855.27990723	209.684768677
1856.02404785	195.944198608
1856.76818848	205.981948853
1857.51245117	209.206680298
1858.2565918	201.748184204
1859.00073242	197.190704346
1859.74487305	206.016220093
1860.48901367	213.768981934
1861.2331543	223.150558472
1861.97729492	206.426757813
1862.72143555	208.615325928
1863.46557617	196.251876831
1864.20983887	194.099884033
1864.95397949	201.172027588
1865.69812012	206.404373169
1866.44226074	200.302780151
1867.18640137	203.473937988
1867.93054199	203.467300415
1868.67468262	203.369735718
1869.41882324	198.722381592
1870.16296387	194.881134033
1870.90710449	205.701950073
1871.65136719	205.532241821
1872.39550781	199.788543701
1873.13964844	204.708847046
1873.88378906	204.993179321
1874.62792969	198.816009521
1875.37207031	198.540786743
1876.11621094	206.168869019
1876.86035156	201.336257935
1877.60449219	193.451171875
1878.34863281	197.16506958
1879.09289551	196.916213989
1879.83703613	197.381546021
1880.58117676	196.148086548
1881.32531738	199.392471313
1882.06945801	195.983230591
1882.81359863	197.383071899
1883.55773926	207.89503479
1884.30187988	196.044342041
1885.04602051	197.03767395
1885.79016113	193.879714966
1886.53442383	209.986099243
1887.27856445	209.123535156
1888.02270508	197.1902771
1888.7668457	203.300537109
1889.51098633	213.019714355
1890.25512695	202.990219116
1890.99926758	196.48878479
1891.7434082	195.766555786
1892.48754883	198.996826172
1893.23181152	197.208602905
1893.97595215	200.292053223
1894.72009277	213.997711182
1895.4642334	197.607543945
1896.20837402	209.144104004
1896.95251465	199.108627319
1897.69665527	205.747360229
1898.4407959	201.37020874
1899.18493652	200.541061401
1899.92907715	194.462997437
1900.67333984	198.769424438
1901.41748047	189.138473511
1902.16162109	190.345428467
1902.90576172	195.696334839
1903.64990234	204.015731812
1904.39404297	200.963119507
1905.13818359	195.570266724
1905.88232422	175.906066895
1906.62646484	200.344055176
1907.37060547	200.980194092
1908.11486816	190.557342529
1908.85900879	199.147674561
1909.60314941	198.290374756
1910.34729004	206.371231079
1911.09143066	203.736816406
1911.83557129	197.340576172
1912.57971191	189.995941162
1913.32385254	195.303756714
1914.06799316	198.333328247
1914.81213379	207.764633179
1915.55639648	186.959350586
1916.30053711	194.455886841
1917.04467773	207.568908691
1917.78881836	195.74659729
1918.53295898	195.656204224
1919.27709961	190.96434021
1920.02124023	204.024902344
1920.76538086	206.452072144
1921.50952148	192.576248169
1922.25366211	190.027267456
1922.9979248	199.558532715
1923.74206543	181.87588501
1924.48620605	190.750137329
1925.23034668	192.74949646
1925.9744873	207.22618103
1926.71862793	205.810913086
1927.46276855	190.00302124
1928.20690918	191.20072937
1928.9510498	193.725769043
1929.6953125	202.221618652
1930.43945313	194.369598389
1931.18359375	195.041229248
1931.92773438	194.407745361
1932.671875	196.477233887
1933.41601563	198
1934.16015625	197.448532104
1934.90429688	200.045913696
1935.6484375	206.873794556
1936.39257813	191.132995605
1937.13684082	199.343490601
1937.88098145	200.61882019
1938.62512207	189.913467407
1939.3692627	193.41583252
1940.11340332	196.109985352
1940.85754395	189.947021484
1941.60168457	201.347518921
1942.3458252	192.780288696
1943.08996582	182.154098511
1943.83410645	193.375717163
1944.57836914	192.616897583
1945.32250977	193.657501221
1946.06665039	195.47668457
1946.81079102	197.587310791
1947.55493164	198.230117798
1948.29907227	196.801849365
1949.04321289	194.272140503
1949.78735352	190.872802734
1950.53149414	198.376663208
1951.27563477	199.91394043
1952.01989746	184.540679932
1952.76403809	194.401245117
1953.50817871	188.22567749
1954.25231934	211.730224609
1954.99645996	202.926498413
1955.74060059	200.553222656
1956.48474121	198.892059326
1957.22888184	194.197998047
1957.97302246	193.53767395
1958.71716309	196.853439331
1959.46142578	197.818817139
1960.20556641	204.274963379
1960.94970703	199.39692688
1961.69384766	192.506561279
1962.43798828	196.990158081
1963.18212891	202.02734375
1963.92626953	202.041885376
1964.67041016	204.693634033
1965.41455078	199.979827881
1966.15881348	208.085021973
1966.9029541	209.523025513
1967.64709473	199.144760132
1968.39123535	202.981063843
1969.13537598	203.83442688
1969.8795166	191.037719727
1970.62365723	194.54486084
1971.36779785	194.743728638
1972.11193848	204.87828064
1972.8560791	207.790710449
1973.6003418	194.033157349
1974.34448242	194.824554443
1975.08862305	196.46206665
1975.83276367	195.23651123
1976.5769043	196.696517944
1977.32104492	198.175491333
1978.06518555	200.77961731
1978.80932617	205.817337036
1979.5534668	200.033752441
1980.29760742	194.818984985
1981.04187012	196.244522095
1981.78601074	188.260971069
1982.53015137	194.291030884
1983.27429199	195.564361572
1984.01843262	199.425613403
1984.76257324	197.711029053
1985.50671387	199.785079956
1986.25085449	200.51914978
1986.99499512	194.13760376
1987.73913574	199.892715454
1988.48339844	204.215881348
1989.22753906	206.158782959
1989.97167969	212.330841064
1990.71582031	204.036895752
1991.45996094	202.0574646
1992.20410156	204.700378418
1992.94824219	195.624511719
1993.69238281	191.993209839
1994.43652344	191.366821289
1995.18066406	195.319412231
1995.92492676	203.251449585
1996.66906738	189.823242188
1997.41320801	190.139450073
1998.15734863	191.969482422
1998.90148926	203.832290649
1999.64562988	194.671600342
2000.38977051	204.784454346
2001.13391113	199.813308716
2001.87805176	203.904647827
2002.62231445	195.260375977
2003.36645508	192.852890015
2004.1105957	196.266143799
2004.85473633	198.248535156
2005.59887695	190.725021362
2006.34301758	198.431976318
2007.0871582	199.404144287
2007.83129883	197.29284668
2008.57543945	203.673370361
2009.31958008	196.894134521
2010.06384277	202.675842285
2010.8079834	208.791046143
2011.55212402	194.411132813
2012.29626465	201.856124878
2013.04040527	209.40322876
2013.7845459	204.893783569
2014.52868652	204.004135132
2015.27282715	208.811157227
2016.01696777	203.370162964
2016.7611084	216.964324951
2017.50537109	199.923095703
2018.24951172	196.730117798
2018.99365234	203.869995117
2019.73779297	201.156738281
2020.48193359	204.389068604
2021.22607422	210.610275269
2021.97021484	205.7734375
2022.71435547	201.188781738
2023.45849609	194.727020264
2024.20263672	194.229492188
2024.94689941	200.614242554
2025.69104004	206.155502319
2026.43518066	205.196609497
2027.17932129	192.459136963
2027.92346191	190.044815063
2028.66760254	186.21546936
2029.41174316	187.354354858
2030.15588379	190.926101685
2030.90002441	209.383331299
2031.64416504	208.807739258
2032.38842773	203.089385986
2033.13256836	204.428390503
2033.87670898	204.180541992
2034.62084961	203.903961182
2035.36499023	210.487945557
2036.10913086	202.196212769
2036.85327148	205.193572998
2037.59741211	206.016708374
2038.34155273	199.333328247
2039.08581543	200.067855835
2039.82995605	202.863723755
2040.57409668	197.421630859
2041.3182373	198.458450317
2042.06237793	203.259307861
2042.80651855	195.389892578
2043.55065918	199.189483643
2044.2947998	214.335494995
2045.03894043	204.176605225
2045.78308105	198.85949707
2046.52734375	205.176483154
2047.27148438	209.126968384
2048.015625	196.541000366
2048.75976563	204.836929321
2049.50390625	203.097335815
2050.24804688	196.802459717
2050.9921875	201.896194458
2051.73632813	197.852600098
2052.48046875	185.081573486
2053.22460938	208.724472046
2053.96875	201.906066895
2054.71289063	199.251647949
2055.45703125	199.922271729
2056.20117188	201.666671753
2056.9453125	199.465438843
2057.68969727	202.225967407
2058.43383789	199.134246826
2059.17797852	209.320449829
2059.92211914	203.334716797
2060.66625977	206.810531616
2061.41040039	206.957443237
2062.15454102	200.059692383
2062.89868164	201.656936646
2063.64282227	197.5262146
2064.38696289	198.83555603
2065.13110352	199.263565063
2065.87524414	203.381881714
2066.61938477	198.034759521
2067.36352539	202.304046631
2068.10766602	200.602722168
2068.85180664	196.455856323
2069.59594727	195.153320313
2070.34008789	200.302581787
2071.08422852	205.518585205
2071.82836914	198.734481812
2072.57275391	206.70324707
2073.31689453	201.889053345
2074.06103516	190.291030884
2074.80517578	210.573699951
2075.54931641	194.616134644
2076.29345703	196.053268433
2077.03759766	201.971664429
2077.78173828	203.195755005
2078.52587891	204.78414917
2079.27001953	195.843414307
2080.01416016	194.69090271
2080.75830078	195.666671753
2081.50244141	186.68762207
2082.24658203	191.78414917
2082.99072266	197.123184204
2083.73486328	196.502319336
2084.47900391	198.477859497
2085.22314453	194.152053833
2085.96728516	190.959899902
2086.71166992	187.562240601
2087.45581055	201.485839844
2088.19995117	195.198318481
2088.9440918	191.992828369
2089.68823242	202.085708618
2090.43237305	195.309524536
2091.17651367	191.668746948
2091.9206543	201.364089966
2092.66479492	195.053955078
2093.40893555	195.946731567
2094.15307617	209.019515991
2094.8972168	191.424865723
2095.64135742	199.61882019
2096.38549805	200.525115967
2097.12963867	206.552398682
2097.8737793	198.206787109
2098.61791992	194.497329712
2099.36206055	195.823303223
2100.10620117	204.878463745
2100.8503418	197.967025757
2101.59472656	193.757369995
2102.33886719	201.214935303
2103.08300781	201.076461792
2103.82714844	205.058395386
2104.57128906	199.121963501
2105.31542969	203.878555298
2106.05957031	207.945098877
2106.80371094	191.165786743
2107.54785156	182.801834106
2108.29199219	212.811233521
2109.03613281	191.507659912
2109.78027344	208.065689087
2110.52441406	207.608261108
2111.26855469	200.480773926
2112.01269531	196.051086426
2112.75683594	196.057373047
2113.50097656	201.819641113
2114.24511719	195.485809326
2114.98925781	207.266876221
2115.73364258	195.283889771
2116.4777832	184.609786987
2117.22192383	197.734481812
2117.96606445	204.577682495
2118.71020508	203.194976807
2119.4543457	203.394424438
2120.19848633	206.473907471
2120.94262695	202.412017822
2121.68676758	208.102752686
2122.4309082	201.484039307
2123.17504883	201.712677002
2123.91918945	202.294448853
2124.66333008	201.669372559
2125.4074707	200.204071045
2126.15161133	200.045700073
2126.89575195	204.995620728
2127.63989258	183.093566895
2128.3840332	204.85194397
2129.12817383	195.932418823
2129.87231445	194.494567871
2130.61669922	201.191177368
2131.36083984	202.998916626
2132.10498047	202.425033569
2132.84912109	198.604721069
2133.59326172	192.108978271
2134.33740234	205.762557983
2135.08154297	207.316268921
2135.82568359	201.960479736
2136.56982422	214.957687378
2137.31396484	200.641265869
2138.05810547	195.728652954
2138.80224609	200.591827393
2139.54638672	206.340866089
2140.29052734	196.499023438
2141.03466797	202
2141.77880859	202.527755737
2142.52294922	206.067977905
2143.26708984	207.61807251
2144.01123047	213.318878174
2144.75537109	197.132232666
2145.49975586	198.02911377
2146.24389648	207.302139282
2146.98803711	223.781448364
2147.73217773	201.728713989
2148.47631836	196.281829834
2149.22045898	206.20463562
2149.96459961	199.664489746
2150.70874023	204.867584229
2151.45288086	193.679229736
2152.19702148	208.885314941
2152.94116211	207.802764893
2153.68530273	209.174987793
2154.42944336	201.678222656
2155.17358398	192.088867188
2155.91772461	198.919326782
2156.66186523	202.988845825
2157.40600586	193.792724609
2158.15014648	202.110855103
2158.89428711	200.520278931
2159.63867188	197.817245483
2160.3828125	200.941009521
2161.12695313	196.40486145
2161.87109375	196.356948853
2162.61523438	200.214309692
2163.359375	209.664337158
2164.10351563	201.338088989
2164.84765625	206.496566772
2165.59179688	196.080718994
2166.3359375	205.522369385
2167.08007813	204.075378418
2167.82421875	204.787490845
2168.56835938	207.023391724
2169.3125	210.73500061
2170.05664063	206.977600098
2170.80078125	197.564208984
2171.54492188	208.799987793
2172.2890625	209.083099365
2173.03320313	206.388015747
2173.77734375	195.827606201
2174.52172852	194.359939575
2175.26586914	206.205871582
2176.01000977	198.260955811
2176.75415039	196.025375366
2177.49829102	209.01739502
2178.24243164	205.433532715
2178.98657227	205.728118896
2179.73071289	212.785720825
2180.47485352	209.05418396
2181.21899414	195.501754761
2181.96313477	206.621765137
2182.70727539	211.33026123
2183.45141602	210.24949646
2184.19555664	214.630722046
2184.93969727	204.141403198
2185.68383789	199.069320679
2186.42797852	202.585006714
2187.17211914	208.028381348
2187.91625977	207.425689697
2188.66064453	189.711273193
2189.40478516	197.365097046
2190.14892578	200.054794312
2190.89306641	206.537765503
2191.63720703	195.512054443
2192.38134766	214.085372925
2193.12548828	208.889862061
2193.86962891	210.562454224
2194.61376953	209.957565308
2195.35791016	193.769805908
2196.10205078	198.498916626
2196.84619141	210.109176636
2197.59033203	199.019226074
2198.33447266	214.175094604
2199.07861328	215.020080566
2199.82275391	200.789657593
2200.56689453	205.023513794
2201.31103516	214.520751953
2202.05517578	199.263763428
2202.79931641	205.99710083
2203.54370117	200.541732788
2204.2878418	202.315658569
2205.03198242	204.172485352
2205.77612305	195.159042358
2206.52026367	221.790481567
2207.2644043	210.241485596
2208.00854492	207.793273926
2208.75268555	207.492584229
2209.49682617	205.043075562
2210.2409668	207.894638062
2210.98510742	199.031417847
2211.72924805	206.154037476
2212.47338867	205.114852905
2213.2175293	207.036239624
2213.96166992	214.929977417
2214.70581055	216.679336548
2215.44995117	197.334899902
2216.1940918	202.812210083
2216.93823242	203.651031494
2217.68237305	201.400482178
2218.42675781	207.274169922
2219.17089844	202.277114868
2219.91503906	213.667526245
2220.65917969	206.731124878
2221.40332031	202.377853394
2222.14746094	204.364486694
2222.89160156	210.813690186
2223.63574219	204.972686768
2224.37988281	202.750762939
2225.12402344	211.985336304
2225.86816406	198.96762085
2226.61230469	194.551193237
2227.35644531	208.094909668
2228.10058594	205.092910767
2228.84472656	206.967483521
2229.58886719	212.402984619
2230.33300781	206.650192261
2231.07714844	212.615859985
2231.82128906	224.572265625
2232.56567383	205.978668213
2233.30981445	218.702407837
2234.05395508	212.067474365
2234.7980957	214.728469849
2235.54223633	205.578292847
2236.28637695	204.157943726
2237.03051758	203.773025513
2237.7746582	213.766921997
2238.51879883	205.980560303
2239.26293945	218.23651123
2240.00708008	223.272079468
2240.7512207	217.185012817
2241.49536133	204.59602356
2242.23950195	205.759170532
2242.98364258	215.522964478
2243.7277832	208.247085571
2244.47192383	202.689712524
2245.21606445	204.388000488
2245.96020508	209.262069702
2246.7043457	219.113891602
2247.44873047	220.460830688
2248.19287109	204.202255249
2248.93701172	203.137435913
2249.68115234	211.377609253
2250.42529297	214.244628906
2251.16943359	215.579376221
2251.91357422	218.31602478
2252.65771484	198.184906006
2253.40185547	213.767593384
2254.14599609	205.928985596
2254.89013672	207.237136841
2255.63427734	214.653961182
2256.37841797	209.059570313
2257.12255859	199.777832031
2257.86669922	212.298370361
2258.61083984	212.658905029
2259.35498047	214.59046936
2260.09912109	213.623519897
2260.84326172	218.590606689
2261.58764648	215.989212036
2262.33178711	213.127197266
2263.07592773	225.982635498
2263.82006836	210.845581055
2264.56420898	208.429794312
2265.30834961	207.624267578
2266.05249023	216.660247803
2266.79663086	218.072280884
2267.54077148	220.594390869
2268.28491211	215.291687012
2269.02905273	213.574951172
2269.77319336	217.126068115
2270.51733398	211.608306885
2271.26147461	208.500930786
2272.00561523	210.205764771
2272.74975586	214.24899292
2273.49389648	224.769012451
2274.23803711	222.588027954
2274.98217773	216.539215088
2275.72631836	219.415893555
2276.47070313	214.359466553
2277.21484375	223.403869629
2277.95898438	198.246398926
2278.703125	217.544845581
2279.44726563	228.078567505
2280.19140625	217.286697388
2280.93554688	222.097137451
2281.6796875	226.505462646
2282.42382813	222.703613281
2283.16796875	212.144485474
2283.91210938	217.416122437
2284.65625	215.462493896
2285.40039063	213.449020386
2286.14453125	211.422210693
2286.88867188	228.658432007
2287.6328125	227.372360229
2288.37695313	222.274398804
2289.12109375	221.894882202
2289.86523438	224.440185547
2290.609375	219.933151245
2291.35375977	218.333328247
2292.09790039	225.25680542
2292.84204102	230.714935303
2293.58618164	222.91746521
2294.33032227	221.3515625
2295.07446289	226.53578186
2295.81860352	216.778137207
2296.56274414	219.583068848
2297.30688477	216.388275146
2298.05102539	211.293441772
2298.79516602	211.381439209
2299.53930664	225.617706299
2300.28344727	228.827148438
2301.02758789	215.453521729
2301.77172852	218.917282104
2302.51586914	215.917037964
2303.26000977	225.014389038
2304.00415039	221.99206543
2304.74829102	231.589553833
2305.49267578	243.364624023
2306.23681641	231.218658447
2306.98095703	216.370773315
2307.72509766	239.507705688
2308.46923828	228.805511475
2309.21337891	212.53225708
2309.95751953	222.9894104
2310.70166016	226.942581177
2311.44580078	229.906951904
2312.18994141	213.735565186
2312.93408203	223.700119019
2313.67822266	230.524932861
2314.42236328	227.193359375
2315.16650391	217.316040039
2315.91064453	226.240447998
2316.65478516	230.409423828
2317.39892578	221.92048645
2318.14306641	227.722229004
2318.88720703	223.912216187
2319.63134766	231.690170288
2320.37573242	236.00012207
2321.11987305	237.652801514
2321.86401367	223.929016113
2322.6081543	220.616348267
2323.35229492	234.161453247
2324.09643555	234.630065918
2324.84057617	240.805145264
2325.5847168	240.192520142
2326.32885742	231.851913452
2327.07299805	242.40397644
2327.81713867	252.244506836
2328.5612793	263.360321045
2329.30541992	276.13293457
2330.04956055	293.794311523
2330.79370117	312.22088623
2331.5378418	316.907226563
2332.28198242	285.097076416
2333.02612305	257.195953369
2333.77026367	235.207717896
2334.51464844	235.496139526
2335.25878906	230.879104614
2336.00292969	225.217956543
2336.74707031	240.55909729
2337.49121094	234.089279175
2338.23535156	216.356460571
2338.97949219	229.827590942
2339.72363281	230.546478271
2340.46777344	234.470901489
2341.21191406	241.280517578
2341.95605469	228.39692688
2342.70019531	230.547332764
2343.44433594	240.112503052
2344.18847656	240.792251587
2344.93261719	239.780059814
2345.67675781	225.216217041
2346.42089844	229.199142456
2347.16503906	228.82472229
2347.90917969	232.836486816
2348.65332031	229.48260498
2349.39770508	227.290985107
2350.1418457	229.190826416
2350.88598633	235.286087036
2351.63012695	245.318481445
2352.37426758	246.484039307
2353.1184082	230.372665405
2353.86254883	232.396026611
2354.60668945	240.381851196
2355.35083008	230.859909058
2356.0949707	235.016113281
2356.83911133	245.293823242
2357.58325195	238.258544922
2358.32739258	242.982788086
2359.0715332	234.099578857
2359.81567383	243.138427734
2360.55981445	229.874679565
2361.30395508	235.076217651
2362.0480957	232.734237671
2362.79223633	234.774963379
2363.53637695	236.367401123
2364.28076172	248.494262695
2365.02490234	238.782974243
2365.76904297	245.114074707
2366.51318359	245.178756714
2367.25732422	242.894760132
2368.00146484	248.869613647
2368.74560547	235.118469238
2369.48974609	238.139633179
2370.23388672	255.377288818
2370.97802734	245.242767334
2371.72216797	256.290344238
2372.46630859	254.491394043
2373.21044922	247.863265991
2373.95458984	242.770187378
2374.69873047	262.398986816
2375.44287109	260.130554199
2376.18701172	247.095794678
2376.93115234	255.936721802
2377.67529297	250.234161377
2378.41967773	260.95022583
2379.16381836	253.839019775
2379.90795898	256.318328857
2380.65209961	248.460388184
2381.39624023	255.400238037
2382.14038086	259.159881592
2382.88452148	261.000183105
2383.62866211	255.060241699
2384.37280273	257.47064209
2385.11694336	243.05279541
2385.86108398	259.231079102
2386.60522461	265.050170898
2387.34936523	247.804824829
2388.09350586	267.216552734
2388.83764648	260.376190186
2389.58178711	254.242950439
2390.32592773	258.270874023
2391.07006836	256.341339111
2391.81420898	258.865509033
2392.55834961	263.941040039
2393.30273438	263.277557373
2394.046875	276.351837158
2394.79101563	276.739593506
2395.53515625	268.270050049
2396.27929688	262.610534668
2397.0234375	276.00769043
2397.76757813	270.291900635
2398.51171875	256.142120361
2399.25585938	276.573974609
2400	265.516815186
