300	80.8615188599
300.759185791	75.5931167603
301.518341064	89.2628555298
302.277526855	101.5338974
303.036682129	96.6015090942
303.79586792	90.5611038208
304.555053711	92.1445083618
305.314208984	85.0148391724
306.073394775	78.4263076782
306.832550049	73.3683700562
307.59173584	77.3064041138
308.350921631	83.1852035522
309.110076904	86.494682312
309.869262695	84.2788925171
310.628417969	79.5604782104
311.38760376	82.1903457642
312.146759033	79.0792617798
312.905944824	76.791343689
313.665130615	67.8550491333
314.424285889	67.5690383911
315.18347168	69.7521438599
315.942626953	73.1658554077
316.701812744	81.7388687134
317.460998535	72.5947036743
318.220153809	69.9170913696
318.9793396	71.1150131226
319.738494873	70.0518875122
320.497680664	70.7320632935
321.256866455	69.7180252075
322.016021729	67.1510848999
322.77520752	72.435874939
323.534362793	82.3940963745
324.293548584	79.7599563599
325.052734375	68.9630203247
325.811889648	65.0840530396
326.571075439	67.443031311
327.330230713	69.2302932739
328.089416504	69.7154922485
328.848602295	77.2758865356
329.607757568	77.6474533081
330.366943359	76.5530014038
331.126098633	76.1076889038
331.885284424	71.1741409302
332.644439697	67.4296035767
333.403625488	67.6581802368
334.162811279	69.0715103149
334.921966553	69.591545105
335.681152344	61.6729545593
336.440307617	66.1736755371
337.199493408	64.1762313843
337.958679199	67.5943374634
338.717834473	69.4515457153
339.477020264	65.9900436401
340.236175537	63.2591514587
340.995361328	59.884349823
341.754547119	63.0945854187
342.513702393	66.9025192261
343.272888184	71.4384994507
344.032043457	64.6271057129
344.791229248	60.8152885437
345.550415039	62.7246818542
346.309570313	56.813747406
347.068756104	62.2472953796
347.827911377	63.7120475769
348.587097168	55.1563072205
349.346252441	59.1710166931
350.105438232	63.8908500671
350.864624023	67.0463943481
351.623779297	66.5471801758
352.382965088	58.2682151794
353.142120361	58.5392723083
353.901306152	61.7537956238
354.660491943	68.6837844849
355.419647217	69.650100708
356.178833008	71.8132400513
356.937988281	67.2743225098
357.697174072	57.2066917419
358.456359863	58.0693321228
359.215515137	63.9643821716
359.974700928	65.649887085
360.733856201	68.7127685547
361.493041992	56.4096488953
362.252227783	58.34608078
363.011383057	69.121887207
363.770568848	68.9972229004
364.529724121	58.8797264099
365.288909912	67.0546264648
366.048095703	59.7493858337
366.807250977	59.4001274109
367.566436768	53.0689048767
368.325592041	53.7042503357
369.084777832	54.2661399841
369.843933105	51.1221160889
370.603118896	52.329875946
371.362304688	53.8892784119
372.121459961	50.0923309326
372.880645752	49.3325004578
373.639801025	51.576675415
374.398986816	44.9882011414
375.158172607	49.5401573181
375.917327881	59.2980651855
376.676513672	53.2968406677
377.435668945	58.0342254639
378.194854736	48.3023796082
378.954040527	47.7215232849
379.713195801	55.4582824707
380.472381592	56.6829948425
381.231536865	52.9447174072
381.990722656	54.9575653076
382.749908447	62.0061759949
383.509063721	56.1761474609
384.268249512	63.366771698
385.027404785	60.6576538086
385.786590576	63.2878723145
386.545776367	53.1921958923
387.304931641	48.624420166
388.064117432	52.4559745789
388.823272705	53.2772216797
389.582458496	49.0474395752
390.34161377	52.0250701904
391.100799561	53.0606079102
391.859985352	41.8856773376
392.619140625	53.784362793
393.378326416	56.3954467773
394.137481689	46.4888763428
394.89666748	41.9275360107
395.655853271	48.1999053955
396.415008545	46.7154541016
397.174194336	50.1735229492
397.933349609	52.6091461182
398.6925354	48.6759338379
399.451721191	49.9191741943
400.210876465	55.6213684082
400.970062256	56.2608337402
401.729217529	50.2933044434
402.48840332	51.8391113281
403.247589111	50.6730957031
404.006744385	49.94140625
404.765930176	45.8398284912
405.525085449	49.675201416
406.28427124	47.9028625488
407.043426514	46.1049499512
407.802612305	50.9675598145
408.561798096	49.4960632324
409.320953369	32.9271697998
410.08013916	38.8152770996
410.839294434	45.5250244141
411.598480225	41.9417419434
412.357666016	40.2061920166
413.116821289	44.10206604
413.87600708	45.5393676758
414.635162354	41.354019165
415.394348145	45.8450775146
416.153533936	49.761138916
416.912689209	55.1931762695
417.671875	43.8670806885
418.431030273	39.5484466553
419.190216064	42.3039093018
419.949401855	46.0027618408
420.708557129	45.1767578125
421.46774292	39.652923584
422.226898193	40.1015777588
422.986083984	44.6733093262
423.745269775	42.8494720459
424.504425049	39.5103759766
425.26361084	44.5351409912
426.022766113	48.7225990295
426.781951904	43.5436706543
427.541107178	35.2172431946
428.300292969	38.3776397705
429.05947876	46.7694091797
429.818634033	37.403049469
430.577819824	35.7427520752
431.336975098	41.2576026917
432.096160889	41.2956848145
432.85534668	36.5754699707
433.614501953	39.1487159729
434.373687744	46.8859558105
435.132843018	33.643497467
435.892028809	39.5628356934
436.6512146	35.8466491699
437.410369873	36.3990211487
438.169555664	33.6064910889
438.928710938	29.6032905579
439.687896729	31.3461933136
440.44708252	33.9609527588
441.206237793	30.1266345978
441.965423584	37.7107849121
442.724578857	33.2106361389
443.483764648	34.914691925
444.242950439	36.4750213623
445.002105713	33.0775337219
445.761291504	34.6796112061
446.520446777	39.4472236633
447.279632568	43.4368782043
448.038787842	46.5948066711
448.797973633	36.4925880432
449.557159424	39.0914611816
450.316314697	31.5627479553
451.075500488	33.5707740784
451.834655762	41.9089393616
452.593841553	37.0704689026
453.353027344	29.240190506
454.112182617	28.6317634583
454.871368408	25.3593006134
455.630523682	36.568271637
456.389709473	38.0585823059
457.148895264	34.7161140442
457.908050537	42.7629890442
458.667236328	34.0566291809
459.426391602	30.3159980774
460.185577393	33.820148468
460.944763184	33.9706611633
461.703918457	33.3848304749
462.463104248	28.5779132843
463.222259521	31.1807136536
463.981445313	33.3611335754
464.740600586	36.0765419006
465.499786377	31.8573799133
466.258972168	30.9964027405
467.018127441	34.2084999084
467.777313232	34.0672645569
468.536468506	27.8777675629
469.295654297	21.0270729065
470.054840088	29.1929359436
470.813995361	34.7966651917
471.573181152	30.3458747864
472.332336426	25.4861812592
473.091522217	23.5903053284
473.850708008	27.0185890198
474.609863281	30.2634334564
475.369049072	24.6580848694
476.128204346	18.3276882172
476.887390137	34.9585762024
477.646575928	27.1452827454
478.405731201	25.6346187592
479.164916992	22.6257667542
479.924072266	21.7015895844
480.683258057	21.5144386292
481.442443848	23.5989112854
482.201599121	23.8357143402
482.960784912	9.957447052
483.719940186	28.9468898773
484.479125977	23.745639801
485.23828125	19.9662685394
485.997467041	15.2806301117
486.756652832	15.9343614578
487.515808105	17.9847316742
488.274993896	19.3842830658
489.03414917	19.2936153412
489.793334961	16.603597641
490.552520752	23.4980964661
491.311676025	12.2585201263
492.070861816	16.4840755463
492.83001709	10.4370183945
493.589202881	11.3201503754
494.348388672	12.2400255203
495.107543945	20.4791164398
495.866729736	25.3743648529
496.62588501	8.78060054779
497.385070801	6.86180686951
498.144256592	12.5785112381
498.903411865	6.92183542252
499.662597656	19.2881374359
500.42175293	10.1115789413
501.180938721	11.9043483734
501.940124512	11.2943162918
502.699279785	3.49060702324
503.458465576	4.15955114365
504.21762085	11.5379400253
504.976806641	11.1892147064
505.735961914	10.0054397583
506.495147705	-2.67078495026
507.254333496	-1.93412220478
508.01348877	0.135306894779
508.772674561	-2.41625356674
509.531829834	-1.84947955608
510.291015625	3.81186580658
511.050201416	5.99936485291
511.809356689	3.75063300133
512.56854248	5.98303842545
513.327697754	10.4103012085
514.086853027	12.5800113678
514.846069336	10.2497615814
515.605224609	6.66539764404
516.364379883	4.79274892807
517.123596191	4.88919639587
517.882751465	4.88538312912
518.641906738	3.65415287018
519.401123047	3.18719983101
520.16027832	-2.25797367096
520.919433594	6.17391252518
521.678588867	4.51720666885
522.437805176	7.76096200943
523.196960449	10.3516921997
523.956115723	8.46050453186
524.715332031	9.12613487244
525.474487305	12.2789840698
526.233642578	3.98026418686
526.992858887	-8.21548652649
527.75201416	14.608130455
528.511169434	5.98272037506
529.270324707	5.28658533096
530.029541016	7.59442806244
530.788696289	3.21857500076
531.547851563	-0.383626788855
532.307067871	1.5533965826
533.066223145	3.01403045654
533.825378418	-0.0248167794198
534.584533691	-0.112827889621
535.34375	4.32506513596
536.102905273	4.15061330795
536.862060547	5.8090467453
537.621276855	8.62108516693
538.380432129	4.31809329987
539.139587402	1.91955041885
539.898803711	5.25826120377
540.657958984	6.92916154861
541.417114258	5.58071327209
542.176269531	11.0209312439
542.93548584	1.94428241253
543.694641113	15.2348880768
544.453796387	-1.39328455925
545.213012695	4.44368696213
545.972167969	4.85500431061
546.731323242	2.33208727837
547.490539551	7.33002376556
548.249694824	11.4307184219
549.008850098	4.53101587296
549.768005371	1.34238815308
550.52722168	-8.79779815674
551.286376953	6.24694252014
552.045532227	6.75628232956
552.804748535	-6.32466888428
553.563903809	2.46398305893
554.323059082	7.59282970428
555.082214355	4.73904132843
555.841430664	2.23407840729
556.600585938	-2.316395998
557.359741211	6.64573335648
558.11895752	1.9194111824
558.878112793	-0.402211934328
559.637268066	0.627559542656
560.396484375	1.91748821735
561.155639648	7.08233070374
561.914794922	3.2223315239
562.673950195	-4.51869487762
563.433166504	-2.52657198906
564.192321777	5.71074962616
564.951477051	3.05303645134
565.710693359	-3.12358784676
566.469848633	-9.28661060333
567.229003906	5.2187461853
567.988220215	5.3969502449
568.747375488	4.67440223694
569.506530762	6.76066160202
570.265686035	7.09428167343
571.024902344	5.39638662338
571.784057617	4.66659116745
572.543212891	4.34277057648
573.302429199	2.37462735176
574.061584473	0.019968835637
574.820739746	4.26180696487
575.57989502	3.04720902443
576.339111328	10.8904209137
577.098266602	8.59534835815
577.857421875	3.59301543236
578.616638184	5.23307228088
579.375793457	7.25643491745
580.13494873	4.2244849205
580.894165039	4.97316884995
581.653320313	4.72681713104
582.412475586	6.93058490753
583.171630859	8.90337944031
583.930847168	9.05683422089
584.690002441	5.22332429886
585.449157715	-0.544557571411
586.208374023	6.9955239296
586.967529297	7.85975265503
587.72668457	1.22332537174
588.485900879	4.90883827209
589.245056152	-2.73254823685
590.004211426	-0.399050593376
590.763366699	3.39594912529
591.522583008	4.96818065643
592.281738281	3.70147395134
593.040893555	-0.777009606361
593.800109863	7.14693689346
594.559265137	8.31573104858
595.31842041	3.40769767761
596.077575684	5.3275141716
596.836791992	6.59760665894
597.595947266	-1.47056818008
598.355102539	13.0122365952
599.114318848	1.8117326498
599.873474121	-0.321856498718
600.632629395	-5.98878622055
601.391845703	-3.19199085236
602.151000977	7.42733430862
602.91015625	13.0754833221
603.669311523	10.7376098633
604.428527832	8.08408737183
605.187683105	7.91528129578
605.946838379	5.01747083664
606.706054688	6.6605181694
607.465209961	7.05094671249
608.224365234	14.3934926987
608.983581543	7.49314403534
609.742736816	4.35471820831
610.50189209	3.32600259781
611.261047363	4.20491027832
612.020263672	8.90392684937
612.779418945	13.901594162
613.538574219	13.4814910889
614.297790527	9.46332931519
615.056945801	7.13755559921
615.816101074	6.97000074387
616.575256348	18.0896606445
617.334472656	14.1738405228
618.09362793	8.48805141449
618.852783203	5.35527086258
619.611999512	8.81315326691
620.371154785	13.5338573456
621.130310059	12.5632476807
621.889526367	10.4426994324
622.648681641	13.0742778778
623.407836914	8.46168518066
624.166992188	10.8262491226
624.926208496	-4.27907037735
625.68536377	5.06761074066
626.444519043	2.30499339104
627.203735352	13.6012392044
627.962890625	12.2025442123
628.722045898	11.0398712158
629.481201172	10.3669757843
630.24041748	4.15905618668
630.999572754	3.54318237305
631.758728027	10.8428821564
632.517944336	8.38076591492
633.277099609	12.4546499252
634.036254883	17.8648548126
634.795471191	7.91961431503
635.554626465	2.13610744476
636.313781738	3.20816111565
637.072937012	9.13409614563
637.83215332	15.7404623032
638.591308594	14.5325927734
639.350463867	10.0936603546
640.109680176	12.7286815643
640.868835449	13.5308532715
641.627990723	29.4729633331
642.387207031	18.8795757294
643.146362305	18.0917358398
643.905517578	13.8217630386
644.664672852	4.34416437149
645.42388916	5.94947719574
646.183044434	13.7351846695
646.942199707	17.3338794708
647.701416016	12.9936351776
648.460571289	7.48751831055
649.219726563	7.82054328918
649.978881836	6.87117338181
650.738098145	2.11979651451
651.497253418	13.7403726578
652.256408691	7.60541057587
653.015625	9.4251241684
653.774780273	8.94003391266
654.533935547	5.40867853165
655.293151855	2.14512515068
656.052307129	12.4141998291
656.811462402	21.8825702667
657.570617676	18.0429420471
658.329833984	17.1876983643
659.088989258	16.9608325958
659.848144531	0.385821610689
660.60736084	15.7573699951
661.366516113	11.3244180679
662.125671387	3.50348162651
662.884887695	17.3960113525
663.644042969	13.1397867203
664.403198242	12.7369709015
665.162353516	15.2859230042
665.921569824	14.7897796631
666.680725098	14.7461109161
667.439880371	19.1834754944
668.19909668	23.7469787598
668.958251953	10.8613901138
669.717407227	24.2235145569
670.4765625	28.992389679
671.235778809	10.8703622818
671.994934082	13.3202695847
672.754089355	13.6109352112
673.513305664	21.8436889648
674.272460938	24.2447376251
675.031616211	23.5236091614
675.79083252	18.5086212158
676.549987793	11.2044239044
677.309143066	16.2883033752
678.06829834	18.2322444916
678.827514648	13.4302835464
679.586669922	7.52350139618
680.345825195	17.827457428
681.105041504	13.0151071548
681.864196777	10.2462186813
682.623352051	3.24057412148
683.382568359	7.45567369461
684.141723633	16.9160175323
684.900878906	20.4211158752
685.66003418	17.3046627045
686.419250488	14.5374469757
687.178405762	16.0920143127
687.937561035	14.8664751053
688.696777344	7.43011569977
689.455932617	10.8336668015
690.215087891	12.6181688309
690.974243164	14.1881923676
691.733459473	12.0998706818
692.492614746	14.9502906799
693.25177002	12.5322780609
694.010986328	13.9843769073
694.770141602	15.7785835266
695.529296875	14.5925951004
696.288513184	14.8383655548
697.047668457	13.568652153
697.80682373	14.7050065994
698.565979004	6.06523752213
699.325195313	11.7666501999
700.084350586	14.0112953186
700.843505859	13.0553951263
701.602722168	9.69348335266
702.361877441	10.6779518127
703.121032715	17.557226181
703.880249023	12.2630176544
704.639404297	3.61581754684
705.39855957	6.12825489044
706.157714844	12.8306951523
706.916931152	16.7857246399
707.676086426	26.162311554
708.435241699	31.8266201019
709.194458008	18.0228443146
709.953613281	20.9634742737
710.712768555	18.1595973969
711.471923828	26.4282913208
712.231140137	23.9866676331
712.99029541	22.8399105072
713.749450684	19.1945266724
714.508666992	15.6889066696
715.267822266	12.1266374588
716.026977539	16.189748764
716.786193848	26.0404529572
717.545349121	21.3054084778
718.304504395	29.2010097504
719.063659668	27.7581558228
719.822875977	24.04845047
720.58203125	28.6238460541
721.341186523	21.1119155884
722.100402832	22.9765357971
722.859558105	12.4553575516
723.618713379	16.493888855
724.377929688	20.8375434875
725.137084961	23.4493293762
725.896240234	25.275762558
726.655395508	20.6047134399
727.414611816	17.4274482727
728.17376709	22.3484249115
728.932922363	15.1645889282
729.692138672	15.7956581116
730.451293945	29.6037349701
731.210449219	28.3778610229
731.969604492	26.2850418091
732.728820801	26.9072933197
733.487976074	33.9696578979
734.247131348	34.2524642944
735.006347656	29.0435066223
735.76550293	27.9472408295
736.524658203	37.7728042603
737.283874512	39.3499794006
738.043029785	25.2439174652
738.802185059	26.5737686157
739.561340332	26.7172336578
740.320556641	24.221944809
741.079711914	19.2539138794
741.838867188	30.1190567017
742.598083496	25.2486782074
743.35723877	22.2609767914
744.116394043	19.6377334595
744.875610352	32.6772651672
745.634765625	31.8716335297
746.393920898	30.3848342896
747.153076172	34.1304092407
747.91229248	32.2121162415
748.671447754	28.4967880249
749.430603027	30.790140152
750.189819336	30.4917964935
750.948974609	26.3541183472
751.708129883	41.6002578735
752.467285156	35.4838981628
753.226501465	30.7513332367
753.985656738	32.0912246704
754.744812012	27.4972476959
755.50402832	32.2805709839
756.263183594	35.580619812
757.022338867	36.5503005981
757.781555176	43.5826301575
758.540710449	39.6615219116
759.299865723	33.6134567261
760.059020996	37.7597618103
760.818237305	30.8632564545
761.577392578	31.9163589478
762.336547852	32.2060813904
763.09576416	29.1971035004
763.854919434	27.2816390991
764.614074707	30.0215854645
765.37322998	33.6351280212
766.132446289	28.8226089478
766.891601563	22.4945774078
767.650756836	29.5191459656
768.409973145	31.6389083862
769.169128418	31.828956604
769.928283691	37.000743866
770.6875	38.1466445923
771.446655273	31.3885726929
772.205810547	30.4473972321
772.96496582	38.1137199402
773.724182129	34.222694397
774.483337402	33.9260025024
775.242492676	30.1013298035
776.001708984	38.2263717651
776.760864258	29.1365909576
777.520019531	23.8984012604
778.27923584	32.6050033569
779.038391113	33.2582626343
779.797546387	36.6646232605
780.55670166	37.0814781189
781.315917969	29.2050704956
782.075073242	30.5358371735
782.834228516	43.0321159363
783.593444824	46.2112197876
784.352600098	39.5608444214
785.111755371	38.3643760681
785.870910645	42.0289421082
786.630126953	35.5459976196
787.389282227	47.1535301208
788.1484375	27.1730308533
788.907653809	44.7361679077
789.666809082	38.9864616394
790.425964355	38.0988883972
791.185180664	42.7005233765
791.944335938	34.9985733032
792.703491211	34.4039421082
793.462646484	41.1456565857
794.221862793	37.1869430542
794.981018066	30.6858024597
795.74017334	35.0327415466
796.499389648	38.776512146
797.258544922	38.8264732361
798.017700195	41.5162162781
798.776916504	43.7311630249
799.536071777	37.7393608093
800.295227051	46.3560295105
801.054382324	50.794002533
801.813598633	40.9899673462
802.572753906	46.820690155
803.33190918	50.4923362732
804.091125488	47.4512405396
804.850280762	38.7843132019
805.609436035	38.046749115
806.368591309	39.8892059326
807.127807617	39.9190635681
807.886962891	41.2300071716
808.646118164	46.5736808777
809.405334473	52.7026329041
810.164489746	44.8879051208
810.92364502	39.5732536316
811.682861328	50.1091079712
812.442016602	43.168422699
813.201171875	43.5749931335
813.960327148	54.5106811523
814.719543457	50.1493339539
815.47869873	45.4867362976
816.237854004	46.287109375
816.997070313	53.1065940857
817.756225586	56.5015830994
818.515380859	57.1722221375
819.274597168	51.8270187378
820.033752441	47.9559593201
820.792907715	54.2093467712
821.552062988	59.634185791
822.311279297	55.3210105896
823.07043457	52.4266471863
823.829589844	52.6681976318
824.588806152	56.0512962341
825.347961426	63.7459831238
826.107116699	52.4108085632
826.866271973	58.4946594238
827.625488281	57.4561882019
828.384643555	42.4365196228
829.143798828	42.1924133301
829.903015137	51.4855308533
830.66217041	53.473613739
831.421325684	49.5008392334
832.180541992	49.3697624207
832.939697266	47.8614616394
833.698852539	51.6549835205
834.458007813	56.1994781494
835.217224121	53.2338523865
835.976379395	51.3705253601
836.735534668	45.6792297363
837.494750977	42.9439811707
838.25390625	41.1070823669
839.013061523	48.6870117188
839.772277832	47.5378379822
840.531433105	62.867641449
841.290588379	62.9417266846
842.049743652	60.6664581299
842.808959961	57.8179283142
843.568115234	58.0275268555
844.327270508	51.294052124
845.086486816	53.3258476257
845.84564209	49.8167076111
846.604797363	51.4972839355
847.363952637	55.4257354736
848.123168945	57.9100608826
848.882324219	55.5650634766
849.641479492	55.9621124268
850.400695801	62.4151268005
851.159851074	45.3003692627
851.919006348	48.9367828369
852.678222656	56.8881492615
853.43737793	51.0579528809
854.196533203	65.055267334
854.955688477	54.790512085
855.714904785	48.3169670105
856.474060059	51.2659454346
857.233215332	58.3569335938
857.992431641	50.5742607117
858.751586914	58.075668335
859.510742188	55.667678833
860.269958496	48.8965263367
861.02911377	50.6656951904
861.788269043	59.5544891357
862.547424316	57.1097259521
863.306640625	53.3219566345
864.065795898	56.1863555908
864.824951172	49.069152832
865.58416748	47.4397850037
866.343322754	57.9447631836
867.102478027	47.4002685547
867.861633301	48.4064826965
868.620849609	55.0117645264
869.380004883	38.0698394775
870.139160156	42.9983062744
870.898376465	51.2515258789
871.657531738	35.5604858398
872.416687012	31.4452533722
873.17590332	36.2352256775
873.935058594	39.6965789795
874.694213867	41.7780456543
875.453369141	44.7789344788
876.212585449	41.1965942383
876.971740723	29.9143218994
877.730895996	31.414812088
878.490112305	35.3330230713
879.249267578	33.9548797607
880.008422852	36.5230255127
880.767578125	39.5693702698
881.526794434	45.7375946045
882.285949707	36.896194458
883.04510498	22.9759712219
883.804321289	39.4808959961
884.563476563	39.6661682129
885.322631836	21.849779129
886.081848145	42.5021362305
886.841003418	23.3454742432
887.600158691	31.8966083527
888.359313965	37.4704322815
889.118530273	20.0184326172
889.877685547	19.1761188507
890.63684082	23.4815864563
891.396057129	30.5343322754
892.155212402	27.0085315704
892.914367676	28.6439380646
893.673583984	31.0219268799
894.432739258	21.5394134521
895.191894531	18.77643013
895.951049805	26.4471931458
896.710266113	28.3569030762
897.469421387	25.2136554718
898.22857666	19.1766090393
898.987792969	20.5437164307
899.746948242	12.2764759064
900.506103516	11.2273435593
901.265258789	14.9819383621
902.024475098	9.65809726715
902.783630371	4.58223247528
903.542785645	9.06064224243
904.302001953	23.6124725342
905.061157227	15.1174182892
905.8203125	13.5329627991
906.579528809	18.6562347412
907.338684082	13.509141922
908.097839355	17.4958992004
908.856994629	15.0945177078
909.616210938	18.1628437042
910.375366211	24.0630073547
911.134521484	13.7687273026
911.893737793	10.7485361099
912.652893066	6.7416100502
913.41204834	-1.91959738731
914.171264648	2.97309923172
914.930419922	8.4423084259
915.689575195	14.9523963928
916.448730469	10.8883266449
917.207946777	8.74316596985
917.967102051	16.3672218323
918.726257324	1.64947986603
919.485473633	10.381562233
920.244628906	19.0422077179
921.00378418	8.41383838654
921.762939453	8.10974693298
922.522155762	3.09953546524
923.281311035	0.696354031563
924.040466309	4.71550559998
924.799682617	4.52533149719
925.558837891	7.60852384567
926.317993164	0.677159667015
927.077209473	5.10479879379
927.836364746	4.60310697556
928.59552002	5.90120410919
929.354675293	7.12297677994
930.113891602	5.27752971649
930.873046875	8.26932144165
931.632202148	8.86290550232
932.391418457	5.81445550919
933.15057373	8.06708145142
933.909729004	8.66837120056
934.668945313	3.25560188293
935.428100586	-2.05909395218
936.187255859	4.37405872345
936.946411133	8.47276973724
937.705627441	2.70631694794
938.464782715	12.9043626785
939.223937988	0.0831055119634
939.983154297	9.02832317352
940.74230957	-0.266109138727
941.501464844	-0.812021255493
942.260620117	2.64853644371
943.019836426	4.61024856567
943.778991699	4.95157384872
944.538146973	-0.918099224567
945.297363281	13.4098081589
946.056518555	7.58885669708
946.815673828	2.84662508965
947.574890137	3.88569927216
948.33404541	5.08777284622
949.093200684	8.06177330017
949.852355957	8.26525115967
950.611572266	6.88069534302
951.370727539	3.13753294945
952.129882813	1.77502727509
952.889099121	3.38682985306
953.648254395	5.38403749466
954.407409668	2.98912501335
955.166625977	-3.2157227993
955.92578125	3.48241281509
956.684936523	2.17487192154
957.444091797	3.64972567558
958.203308105	-1.3184889555
958.962463379	-8.92546844482
959.721618652	5.7651143074
960.480834961	0.453256547451
961.239990234	-15.3842525482
961.999145508	0.569940805435
962.758300781	-4.51659154892
963.51751709	-2.62198281288
964.276672363	0.227474227548
965.035827637	-8.56482315063
965.795043945	-4.41493463516
966.554199219	-5.7069568634
967.313354492	-7.14317512512
968.072570801	-8.75364780426
968.831726074	-3.11496019363
969.590881348	-8.50579833984
970.350036621	-11.8813934326
971.10925293	-14.7008504868
971.868408203	-6.23403787613
972.627563477	-8.38590812683
973.386779785	-14.9202241898
974.145935059	-15.6914796829
974.905090332	-18.2418174744
975.664306641	-18.3117179871
976.423461914	-20.6676750183
977.182617188	-26.3998661041
977.941772461	-22.2983036041
978.70098877	-17.4081821442
979.460144043	-20.1699314117
980.219299316	-25.0216598511
980.978515625	-17.2455978394
981.737670898	-18.934425354
982.496826172	-19.1798782349
983.255981445	-7.83338069916
984.015197754	-12.5678005219
984.774353027	-22.2328548431
985.533508301	-18.6585445404
986.292724609	-12.175327301
987.051879883	-16.071811676
987.811035156	-20.4531135559
988.570251465	-28.355714798
989.329406738	-24.0898151398
990.088562012	-28.713060379
990.847717285	-33.2436218262
991.606933594	-27.936050415
992.366088867	-22.1053619385
993.125244141	-25.3732910156
993.884460449	-25.6038799286
994.643615723	-27.7214031219
995.402770996	-15.739774704
996.161987305	-24.8558921814
996.921142578	-30.256526947
997.680297852	-23.5253715515
998.439453125	-25.6504020691
999.198669434	-22.2785282135
999.957824707	-16.3395328522
1000.71697998	-19.8019962311
1001.47619629	-17.6239395142
1002.23535156	-17.9640884399
1002.99450684	-23.7975540161
1003.75366211	-24.3106002808
1004.51287842	-30.8214797974
1005.27203369	-25.4854183197
1006.03118896	-20.7559871674
1006.79040527	-31.4289455414
1007.54956055	-24.9128932953
1008.30871582	-20.4798927307
1009.06793213	-25.6436195374
1009.8270874	-26.4325904846
1010.58624268	-27.4198951721
1011.34539795	-26.9219703674
1012.10461426	-18.4947528839
1012.86376953	-24.3525104523
1013.6229248	-22.1608295441
1014.38214111	-23.9571838379
1015.14129639	-28.1670684814
1015.90045166	-40.1317138672
1016.65960693	-42.5170440674
1017.41882324	-33.0513267517
1018.17797852	-28.7456951141
1018.93713379	-25.0745677948
1019.6963501	-24.6582603455
1020.45550537	-30.3277549744
1021.21466064	-31.02135849
1021.97387695	-31.1390628815
1022.73303223	-21.578836441
1023.4921875	-33.8272972107
1024.25134277	-30.1175785065
1025.01049805	-21.9994754791
1025.76977539	-18.467124939
1026.52893066	-20.8712978363
1027.28808594	-26.6304073334
1028.04724121	-26.4279537201
1028.80639648	-22.5756435394
1029.56555176	-22.1806697845
1030.32470703	-24.9655361176
1031.08398438	-36.5198554993
1031.84313965	-36.928653717
1032.60229492	-26.296421051
1033.3614502	-17.7852039337
1034.12060547	-12.5449857712
1034.87976074	-17.7631549835
1035.63891602	-17.6597614288
1036.39819336	-19.1406860352
1037.15734863	-28.3562927246
1037.91650391	-23.3957977295
1038.67565918	-21.6181488037
1039.43481445	-23.9037322998
1040.19396973	-23.3499584198
1040.953125	-15.036406517
1041.71240234	-10.801525116
1042.47155762	-18.2934379578
1043.23071289	-20.559627533
1043.98986816	-19.7892112732
1044.74902344	-15.4394025803
1045.50817871	-22.0203208923
1046.26745605	-21.4866256714
1047.02661133	-16.2927474976
1047.7857666	-21.6996994019
1048.54492188	-26.628944397
1049.30407715	-24.4054794312
1050.06323242	-22.0640182495
1050.8223877	-33.9343490601
1051.58166504	-12.8276720047
1052.34082031	-25.6379737854
1053.09997559	-19.7454719543
1053.85913086	-22.9056282043
1054.61828613	-30.4792366028
1055.37744141	-25.6917304993
1056.13659668	-27.4278144836
1056.89587402	-22.1079883575
1057.6550293	-27.687713623
1058.41418457	-37.6149139404
1059.17333984	-27.3860015869
1059.93249512	-24.4387512207
1060.69165039	-25.3623504639
1061.45080566	-19.6922149658
1062.21008301	-26.3456096649
1062.96923828	-26.2542705536
1063.72839355	-24.2190532684
1064.48754883	-29.6899681091
1065.2467041	-26.9550437927
1066.00585938	-27.8633995056
1066.76513672	-25.7047672272
1067.52429199	-24.713388443
1068.28344727	-16.501581192
1069.04260254	-27.7746677399
1069.80175781	-32.8656539917
1070.56091309	-31.6877231598
1071.32006836	-28.8098983765
1072.0793457	-27.0216732025
1072.83850098	-25.7367458344
1073.59765625	-22.8747615814
1074.35681152	-17.5960903168
1075.1159668	-23.1092891693
1075.87512207	-20.8187770844
1076.63427734	-25.417760849
1077.39355469	-29.252122879
1078.15270996	-25.5970783234
1078.91186523	-16.9710865021
1079.67102051	-18.2858295441
1080.43017578	-22.7732715607
1081.18933105	-25.2926959991
1081.94848633	-22.100358963
1082.70776367	-23.4414958954
1083.46691895	-25.4907360077
1084.22607422	-35.7250671387
1084.98522949	-32.2308502197
1085.74438477	-27.5058879852
1086.50354004	-25.8713512421
1087.26281738	-24.4166526794
1088.02197266	-19.0242729187
1088.78112793	-24.4546470642
1089.5402832	-25.2710056305
1090.29943848	-21.8424930573
1091.05859375	-22.9891147614
1091.81774902	-25.4524478912
1092.57702637	-26.359046936
1093.33618164	-22.6031417847
1094.09533691	-20.3848648071
1094.85449219	-17.5624008179
1095.61364746	-24.235786438
1096.37280273	-19.6720180511
1097.13195801	-22.1830501556
1097.89123535	-17.7924995422
1098.65039063	-23.6824989319
1099.4095459	-20.1049385071
1100.16870117	-15.1470985413
1100.92785645	-20.9656562805
1101.68701172	-21.0945777893
1102.44616699	-10.4558897018
1103.20544434	-18.8682861328
1103.96459961	-12.463394165
1104.72375488	-23.3017883301
1105.48291016	-20.4392547607
1106.24206543	-17.6767578125
1107.0012207	-13.6843109131
1107.76049805	-12.2532930374
1108.51965332	-15.7896242142
1109.27880859	-18.2276268005
1110.03796387	-20.406414032
1110.79711914	-21.5659446716
1111.55627441	-11.9458122253
1112.31542969	-17.906337738
1113.07470703	-18.7887973785
1113.8338623	-20.4235153198
1114.59301758	-15.360543251
1115.35217285	-14.6661310196
1116.11132813	-14.0718765259
1116.8704834	-11.6029281616
1117.62963867	-4.75687408447
1118.38891602	-16.8712062836
1119.14807129	-8.91101551056
1119.90722656	-5.15160083771
1120.66638184	-17.3194007874
1121.42553711	-17.6938667297
1122.18469238	-5.29459047318
1122.94384766	-17.641254425
1123.703125	-2.63836836815
1124.46228027	10.8394603729
1125.22143555	2.87054300308
1125.98059082	-1.53599667549
1126.73974609	-7.68158054352
1127.49890137	0.814711630344
1128.25817871	7.68887519836
1129.01733398	-14.2451305389
1129.77648926	-3.00253105164
1130.53564453	-7.66248846054
1131.2947998	-8.22390556335
1132.05395508	1.6406121254
1132.81311035	-0.827451050282
1133.5723877	0.111196018755
1134.33154297	3.37979674339
1135.09069824	3.57057738304
1135.84985352	8.13147544861
1136.60900879	6.91753196716
1137.36816406	3.93674302101
1138.12731934	1.08852231503
1138.88659668	9.11640262604
1139.64575195	11.4099359512
1140.40490723	5.29343557358
1141.1640625	12.2689151764
1141.92321777	8.99698829651
1142.68237305	6.79992103577
1143.44152832	10.6930332184
1144.20080566	21.2424888611
1144.95996094	20.8989372253
1145.71911621	7.06536579132
1146.47827148	15.6261415482
1147.23742676	19.213224411
1147.99658203	11.6065807343
1148.75585938	15.9434814453
1149.51501465	28.6359100342
1150.27416992	18.851776123
1151.0333252	11.8248758316
1151.79248047	13.3763132095
1152.55163574	8.93934726715
1153.31079102	17.8965167999
1154.07006836	19.593952179
1154.82922363	14.5610694885
1155.58837891	17.632068634
1156.34753418	32.2471046448
1157.10668945	22.875202179
1157.86584473	30.2521400452
1158.625	18.8690376282
1159.38427734	29.0908584595
1160.14343262	32.5826644897
1160.90258789	27.7192459106
1161.66174316	46.636100769
1162.42089844	43.0022964478
1163.18005371	33.9062728882
1163.93920898	39.1458511353
1164.69848633	38.1331443787
1165.4576416	28.541759491
1166.21679688	22.5783348083
1166.97595215	32.1515922546
1167.73510742	47.3217430115
1168.4942627	48.9761161804
1169.25354004	38.1175537109
1170.01269531	31.7834625244
1170.77185059	35.3713989258
1171.53100586	40.7903594971
1172.29016113	36.2619018555
1173.04931641	33.5977325439
1173.80847168	36.615447998
1174.56774902	33.2242622375
1175.3269043	34.5922889709
1176.08605957	38.5605659485
1176.84521484	49.1515235901
1177.60437012	45.710773468
1178.36352539	42.1244239807
1179.12268066	42.1328620911
1179.88195801	43.768989563
1180.64111328	31.9199428558
1181.40026855	42.4147720337
1182.15942383	26.9152126312
1182.9185791	39.1475296021
1183.67773438	47.157585144
1184.43688965	46.9635696411
1185.19616699	27.5978031158
1185.95532227	38.9198417664
1186.71447754	41.3383750916
1187.47363281	50.8772087097
1188.23278809	58.1576194763
1188.99194336	36.0473136902
1189.7512207	52.811214447
1190.51037598	59.4243583679
1191.26953125	35.0890159607
1192.02868652	56.423992157
1192.7878418	37.6964416504
1193.54699707	63.1870574951
1194.30615234	72.4662475586
1195.06542969	66.6404266357
1195.82458496	65.010559082
1196.58374023	63.8047943115
1197.34289551	58.7515563965
1198.10205078	57.457901001
1198.86120605	59.0004577637
1199.62036133	55.3620491028
1200.37963867	71.2180557251
1201.13879395	67.3998641968
1201.89794922	69.7375259399
1202.65710449	56.970905304
1203.41625977	73.1140823364
1204.17541504	65.9428634644
1204.93457031	59.4034156799
1205.69384766	72.192741394
1206.45300293	75.336555481
1207.2121582	75.5904464722
1207.97131348	70.0797195435
1208.73046875	80.9893722534
1209.48962402	76.2985305786
1210.2487793	62.8722457886
1211.00805664	77.17628479
1211.76721191	86.1043701172
1212.52636719	79.0577850342
1213.28552246	79.7789916992
1214.04467773	71.3038482666
1214.80383301	74.3474121094
1215.56311035	85.0507965088
1216.32226563	86.224395752
1217.0814209	87.6053924561
1217.84057617	85.7095336914
1218.59973145	91.398147583
1219.35888672	86.1302185059
1220.11804199	75.809463501
1220.87731934	86.4099121094
1221.63647461	105.157608032
1222.39562988	110.449737549
1223.15478516	90.2360076904
1223.91394043	87.7399978638
1224.6730957	99.2007675171
1225.43225098	97.7197036743
1226.19152832	103.336906433
1226.95068359	100.335945129
1227.70983887	110.071800232
1228.46899414	101.637916565
1229.22814941	117.670585632
1229.98730469	112.766426086
1230.74645996	116.779075623
1231.5057373	130.455368042
1232.26489258	128.46484375
1233.02404785	122.530525208
1233.78320313	130.560455322
1234.5423584	123.028419495
1235.30151367	129.704467773
1236.06079102	118.929946899
1236.81994629	119.611236572
1237.57910156	128.087509155
1238.33825684	128.00982666
1239.09741211	142.807998657
1239.85656738	132.453094482
1240.61572266	139.716293335
1241.375	155.320556641
1242.13415527	141.925247192
1242.89331055	133.93069458
1243.65246582	142.015670776
1244.41162109	177.518554688
1245.17077637	156.921524048
1245.92993164	162.716766357
1246.68920898	163.449142456
1247.44836426	171.829040527
1248.20751953	177.998428345
1248.9666748	156.742706299
1249.72583008	165.628768921
1250.48498535	187.890014648
1251.24414063	161.844558716
1252.00341797	191.216537476
1252.76257324	193.450134277
1253.52172852	189.735244751
1254.28088379	187.984222412
1255.04003906	197.738693237
1255.79919434	195.772644043
1256.55847168	189.193557739
1257.31762695	209.09664917
1258.07678223	221.653671265
1258.8359375	222.217895508
1259.59509277	222.692214966
1260.35424805	216.404083252
1261.11340332	238.74357605
1261.87268066	222.899353027
1262.63183594	225.613052368
1263.39099121	226.896026611
1264.15014648	237.203170776
1264.90930176	227.609436035
1265.66845703	238.198989868
1266.4276123	244.637908936
1267.18688965	257.497558594
1267.94604492	254.127624512
1268.7052002	277.96987915
1269.46435547	269.176544189
1270.22351074	282.57043457
1270.98266602	282.586975098
1271.74182129	316.498260498
1272.50109863	302.812713623
1273.26025391	289.255981445
1274.01940918	318.542907715
1274.77856445	295.845733643
1275.53771973	314.847930908
1276.296875	322.843994141
1277.05615234	330.497314453
1277.81530762	342.516143799
1278.57446289	356.289154053
1279.33361816	346.012573242
1280.09277344	350.442993164
1280.85192871	352.439849854
1281.61108398	374.366851807
1282.37036133	379.446899414
1283.1295166	379.167236328
1283.88867188	381.560943604
1284.64782715	378.384918213
1285.40698242	386.434387207
1286.1661377	390.198303223
1286.92529297	401.054718018
1287.68457031	411.748779297
1288.44372559	413.822143555
1289.20288086	447.74130249
1289.96203613	457.824066162
1290.72119141	455.529418945
1291.48034668	455.708312988
1292.23950195	475.464202881
1292.9987793	469.720672607
1293.75793457	482.47088623
1294.51708984	507.124145508
1295.27624512	488.673126221
1296.03540039	507.897613525
1296.79455566	532.647949219
1297.55383301	540.215698242
1298.31298828	535.635375977
1299.07214355	567.459777832
1299.83129883	575.535949707
1300.5904541	574.080505371
1301.34960938	561.793884277
1302.10876465	595.700439453
1302.86804199	602.875488281
1303.62719727	612.476196289
1304.38635254	625.513549805
1305.14550781	635.460144043
1305.90466309	643.07635498
1306.66381836	664.762634277
1307.42297363	638.591247559
1308.18225098	685.752319336
1308.94140625	686.527709961
1309.70056152	703.67590332
1310.4597168	726.821594238
1311.21887207	715.196960449
1311.97802734	740.445129395
1312.73718262	762.496765137
1313.49645996	753.067016602
1314.25561523	768.464477539
1315.01477051	790.956787109
1315.77392578	789.956665039
1316.53308105	819.911315918
1317.29223633	822.172180176
1318.05151367	819.033752441
1318.81066895	865.08013916
1319.56982422	867.996582031
1320.32897949	876.471679688
1321.08813477	906.412475586
1321.84729004	882.167480469
1322.60644531	875.129699707
1323.36572266	897.522766113
1324.12487793	913.851501465
1324.8840332	948.779602051
1325.64318848	977.744873047
1326.40234375	963.266235352
1327.16149902	962.52746582
1327.9206543	980.923706055
1328.67993164	995.978942871
1329.43908691	1001.41876221
1330.19824219	1019.86773682
1330.95739746	1045.86022949
1331.71655273	1054.99975586
1332.47570801	1034.98803711
1333.23486328	1027.8815918
1333.99414063	1032.16455078
1334.7532959	1086.50024414
1335.51245117	1076.78710938
1336.27160645	1061.52941895
1337.03076172	1088.81848145
1337.78991699	1080.34899902
1338.54919434	1094.22106934
1339.30834961	1102.75537109
1340.06750488	1095.87963867
1340.82666016	1096.19665527
1341.58581543	1080.01794434
1342.3449707	1101.85949707
1343.10412598	1086.46154785
1343.86340332	1086.85583496
1344.62255859	1063.23193359
1345.38171387	1072.47607422
1346.14086914	1070.62573242
1346.90002441	1095.14160156
1347.65917969	1097.06652832
1348.41833496	1057.88208008
1349.1776123	1039.16601563
1349.93676758	1034.6920166
1350.69592285	1049.49780273
1351.45507813	1066.52502441
1352.2142334	1049.17895508
1352.97338867	1023.32720947
1353.73254395	993.489807129
1354.49182129	998.576049805
1355.25097656	989.41418457
1356.01013184	997.474731445
1356.76928711	971.435180664
1357.52844238	970.87689209
1358.28759766	968.481628418
1359.046875	951.903259277
1359.80603027	939.364807129
1360.56518555	905.243652344
1361.32434082	917.098754883
1362.08349609	898.39074707
1362.84265137	872.996704102
1363.60180664	866.643371582
1364.36108398	860.385803223
1365.12023926	840.234191895
1365.87939453	823.227111816
1366.6385498	817.487304688
1367.39770508	803.993774414
1368.15686035	794.975952148
1368.91601563	782.262817383
1369.67529297	766.487976074
1370.43444824	754.343933105
1371.19360352	735.655456543
1371.95275879	720.61151123
1372.71191406	716.93371582
1373.47106934	714.977294922
1374.23022461	702.624755859
1374.98950195	670.075744629
1375.74865723	635.786193848
1376.5078125	624.925109863
1377.26696777	629.045837402
1378.02612305	618.843505859
1378.78527832	619.940063477
1379.54455566	608.42980957
1380.30371094	582.616943359
1381.06286621	561.543151855
1381.82202148	540.821350098
1382.58117676	547.956726074
1383.34033203	535.22467041
1384.0994873	519.587158203
1384.85876465	513.677612305
1385.61791992	500.369750977
1386.3770752	497.237091064
1387.13623047	479.9347229
1387.89538574	439.95880127
1388.65454102	475.387512207
1389.41369629	445.744232178
1390.17297363	435.840179443
1390.93212891	404.927246094
1391.69128418	428.347900391
1392.45043945	382.363494873
1393.20959473	380.125701904
1393.96875	373.644348145
1394.72790527	406.34362793
1395.48718262	346.193817139
1396.24633789	352.386138916
1397.00549316	326.088623047
1397.76464844	348.206481934
1398.52380371	322.905059814
1399.28295898	306.277557373
1400.04223633	321.00769043
1400.8013916	306.003570557
1401.56054688	296.29385376
1402.31970215	286.47668457
1403.07885742	283.426635742
1403.8380127	289.230499268
1404.59716797	265.336151123
1405.35644531	272.510742188
1406.11560059	252.398071289
1406.87475586	244.285720825
1407.63391113	256.814483643
1408.39306641	252.642562866
1409.15222168	236.447387695
1409.91137695	238.544631958
1410.6706543	221.599777222
1411.42980957	211.671691895
1412.18896484	191.747634888
1412.94812012	193.515716553
1413.70727539	195.078109741
1414.46643066	199.23449707
1415.22558594	178.036331177
1415.98486328	165.566375732
1416.74401855	164.416671753
1417.50317383	172.425415039
1418.2623291	163.713821411
1419.02148438	151.35055542
1419.78063965	148.650253296
1420.53991699	127.817749023
1421.29907227	114.900100708
1422.05822754	135.834014893
1422.81738281	134.645065308
1423.57653809	136.642944336
1424.33569336	133.42616272
1425.09484863	111.753082275
1425.85412598	122.89226532
1426.61328125	116.575386047
1427.37243652	110.54573822
1428.1315918	116.984291077
1428.89074707	121.03478241
1429.64990234	111.745979309
1430.40905762	101.353965759
1431.16833496	82.5529556274
1431.92749023	79.5104904175
1432.68664551	91.6337966919
1433.44580078	73.7494735718
1434.20495605	78.0873184204
1434.96411133	72.0634689331
1435.7232666	75.3573074341
1436.48254395	88.8735656738
1437.24169922	80.556930542
1438.00085449	64.7912597656
1438.76000977	64.0919952393
1439.51916504	70.8645935059
1440.27832031	62.0321464539
1441.03759766	59.7083740234
1441.79675293	72.0471343994
1442.5559082	58.8256530762
1443.31506348	54.2293548584
1444.07421875	48.6998901367
1444.83337402	36.2937164307
1445.5925293	42.2685852051
1446.35180664	36.3892097473
1447.11096191	24.9482460022
1447.87011719	31.2560005188
1448.62927246	20.0996437073
1449.38842773	15.3909187317
1450.14758301	20.9203529358
1450.90673828	23.2105293274
1451.66601563	19.0677871704
1452.4251709	25.0082321167
1453.18432617	10.4638748169
1453.94348145	13.1225814819
1454.70263672	16.0513076782
1455.46179199	18.3615646362
1456.22094727	31.4198684692
1456.98022461	16.9806156158
1457.73937988	17.6531181335
1458.49853516	10.596247673
1459.25769043	17.942943573
1460.0168457	30.8464012146
1460.77600098	25.5524711609
1461.53515625	22.4207115173
1462.29443359	38.9414825439
1463.05358887	34.7385559082
1463.81274414	6.99632167816
1464.57189941	6.52715969086
1465.33105469	4.8299703598
1466.09020996	19.0538024902
1466.8494873	25.1446399689
1467.60864258	10.3503437042
1468.36779785	8.20393562317
1469.12695313	-0.0684484690428
1469.8861084	-1.15607953072
1470.64526367	2.2253446579
1471.40441895	-5.80698871613
1472.16369629	9.65128135681
1472.92285156	22.7752590179
1473.68200684	9.16950035095
1474.44116211	14.9252529144
1475.20031738	-3.56972646713
1475.95947266	1.88616037369
1476.71862793	7.27686452866
1477.47790527	-23.10039711
1478.23706055	13.1325464249
1478.99621582	-9.71684741974
1479.75537109	18.7584667206
1480.51452637	-10.8962860107
1481.27368164	6.32103204727
1482.03283691	14.3090410233
1482.79211426	8.8766040802
1483.55126953	23.7241096497
1484.3104248	41.6313095093
1485.06958008	11.7625055313
1485.82873535	-5.79690980911
1486.58789063	14.4033794403
1487.34716797	18.1171207428
1488.10632324	25.2963542938
1488.86547852	20.8336181641
1489.62463379	25.7052326202
1490.38378906	45.7984657288
1491.14294434	34.8055801392
1491.90209961	23.7813186646
1492.66137695	32.3957595825
1493.42053223	33.0323867798
1494.1796875	53.2814445496
1494.93884277	63.1767997742
1495.69799805	49.9093170166
1496.45715332	56.2779998779
1497.21630859	48.8901557922
1497.97558594	46.873916626
1498.73474121	43.0571784973
1499.49389648	49.0494613647
1500.25305176	57.5466842651
1501.01220703	70.0693588257
1501.7713623	52.1469078064
1502.53051758	71.8802185059
1503.28979492	36.3502464294
1504.0489502	61.8704833984
1504.80810547	83.4374694824
1505.56726074	80.57421875
1506.32641602	94.0040664673
1507.08557129	87.4115066528
1507.84484863	92.8889846802
1508.60400391	91.3088150024
1509.36315918	96.8314285278
1510.12231445	111.425643921
1510.88146973	112.543106079
1511.640625	109.190292358
1512.39978027	101.496536255
1513.15905762	110.491775513
1513.91821289	121.226425171
1514.67736816	114.582115173
1515.43652344	118.981315613
1516.19567871	124.240501404
1516.95483398	113.763671875
1517.71398926	134.281402588
1518.4732666	136.502044678
1519.23242188	130.798217773
1519.99157715	160.865997314
1520.75073242	145.9453125
1521.5098877	155.390594482
1522.26904297	168.170730591
1523.02819824	135.18119812
1523.78747559	172.275726318
1524.54663086	162.839675903
1525.30578613	173.795028687
1526.06494141	162.468032837
1526.82409668	184.39024353
1527.58325195	194.946182251
1528.3425293	185.858108521
1529.10168457	189.866500854
1529.86083984	206.779922485
1530.61999512	199.452682495
1531.37915039	208.474456787
1532.13830566	219.696594238
1532.89746094	206.147186279
1533.65673828	223.886322021
1534.41589355	244.901306152
1535.17504883	255.709381104
1535.9342041	265.597717285
1536.69335938	277.479766846
1537.45251465	271.699279785
1538.21166992	243.098129272
1538.97094727	270.415618896
1539.73010254	298.280090332
1540.48925781	298.846343994
1541.24841309	300.382507324
1542.00756836	292.806640625
1542.76672363	320.855621338
1543.52587891	325.887084961
1544.28515625	346.346679688
1545.04431152	360.74508667
1545.8034668	362.313964844
1546.56262207	340.781280518
1547.32177734	368.179077148
1548.08093262	392.624053955
1548.84020996	398.816864014
1549.59936523	391.290405273
1550.35852051	395.512176514
1551.11767578	401.093261719
1551.87683105	396.855316162
1552.63598633	443.633544922
1553.3951416	458.621490479
1554.15441895	452.522613525
1554.91357422	456.904724121
1555.67272949	468.021270752
1556.43188477	519.703674316
1557.19104004	512.129516602
1557.95019531	515.102844238
1558.70935059	517.7890625
1559.46862793	528.314453125
1560.2277832	518.1484375
1560.98693848	547.574279785
1561.74609375	569.325561523
1562.50524902	573.483520508
1563.2644043	578.237731934
1564.02355957	600.647766113
1564.78283691	624.323669434
1565.54199219	629.586669922
1566.30114746	658.772949219
1567.06030273	692.901611328
1567.81945801	693.970153809
1568.57861328	715.836608887
1569.33789063	724.592590332
1570.0970459	721.334960938
1570.85620117	762.990844727
1571.61535645	774.61505127
1572.37451172	791.612731934
1573.13366699	790.420410156
1573.89282227	825.735717773
1574.65209961	835.384521484
1575.41125488	872.49810791
1576.17041016	904.08416748
1576.92956543	890.564697266
1577.6887207	896.972412109
1578.44787598	928.604797363
1579.20703125	932.188903809
1579.96630859	977.512634277
1580.72546387	989.380737305
1581.48461914	1021.72387695
1582.24377441	1043.98632813
1583.00292969	1035.80834961
1583.76208496	1104.41760254
1584.52124023	1116.47070313
1585.28051758	1138.29821777
1586.03967285	1181.15649414
1586.79882813	1157.48388672
1587.5579834	1198.23864746
1588.31713867	1230.11865234
1589.07629395	1238.27661133
1589.83557129	1275.70532227
1590.59472656	1290.82336426
1591.35388184	1278.96362305
1592.11303711	1290.18933105
1592.87219238	1298.31115723
1593.63134766	1289.95458984
1594.39050293	1287.13842773
1595.14978027	1314.35961914
1595.90893555	1324.83691406
1596.66809082	1273.74963379
1597.42724609	1286.72363281
1598.18640137	1283.09130859
1598.94555664	1266.74890137
1599.70471191	1270.30639648
1600.46398926	1245.20581055
1601.22314453	1231.046875
1601.9822998	1239.44995117
1602.74145508	1204.46630859
1603.50061035	1189.48999023
1604.25976563	1187.81359863
1605.0189209	1195.68481445
1605.77819824	1181.40856934
1606.53735352	1160.26037598
1607.29650879	1148.07531738
1608.05566406	1137.02844238
1608.81481934	1090.75854492
1609.57397461	1082.28540039
1610.33325195	1075.01647949
1611.09240723	1075.85083008
1611.8515625	1053.5378418
1612.61071777	1046.66638184
1613.36987305	1013.22503662
1614.12902832	986.984313965
1614.88818359	982.606933594
1615.64746094	957.986816406
1616.40661621	954.584594727
1617.16577148	926.363220215
1617.92492676	892.18939209
1618.68408203	875.161499023
1619.4432373	860.829956055
1620.20239258	843.920715332
1620.96166992	821.366027832
1621.7208252	797.761901855
1622.47998047	775.504516602
1623.23913574	749.145019531
1623.99829102	730.75994873
1624.75744629	703.391662598
1625.51660156	702.939147949
1626.27587891	681.000488281
1627.03503418	630.22442627
1627.79418945	619.492370605
1628.55334473	605.115539551
1629.3125	588.293212891
1630.07165527	571.368408203
1630.83093262	555.902282715
1631.59008789	544.827575684
1632.34924316	523.433837891
1633.10839844	489.573577881
1633.86755371	471.574981689
1634.62670898	486.104492188
1635.38586426	476.688323975
1636.1451416	441.830169678
1636.90429688	430.75201416
1637.66345215	415.518035889
1638.42260742	400.45300293
1639.1817627	374.001495361
1639.94091797	369.836914063
1640.70007324	356.421173096
1641.45935059	348.740142822
1642.21850586	325.000549316
1642.97766113	313.618438721
1643.73681641	300.024902344
1644.49597168	303.834442139
1645.25512695	273.615478516
1646.01428223	268.213043213
1646.77355957	273.005157471
1647.53271484	253.181167603
1648.29187012	241.571640015
1649.05102539	237.467666626
1649.81018066	218.290206909
1650.56933594	210.149246216
1651.32861328	204.984909058
1652.08776855	189.165939331
1652.84692383	179.267227173
1653.6060791	176.245910645
1654.36523438	167.444000244
1655.12438965	151.120361328
1655.88354492	150.76461792
1656.64282227	150.409423828
1657.40197754	145.163330078
1658.16113281	135.946166992
1658.92028809	128.13949585
1659.67944336	117.016639709
1660.43859863	111.523078918
1661.19775391	103.45514679
1661.95703125	111.166877747
1662.71618652	94.3635025024
1663.4753418	92.0748748779
1664.23449707	86.2388458252
1664.99365234	80.3316497803
1665.75280762	79.9761199951
1666.51196289	78.0592880249
1667.27124023	70.152633667
1668.03039551	70.2244796753
1668.78955078	69.5733566284
1669.54870605	65.7077560425
1670.30786133	50.6258201599
1671.0670166	56.0914306641
1671.82629395	52.4539451599
1672.58544922	54.1460876465
1673.34460449	46.2554016113
1674.10375977	37.0129127502
1674.86291504	34.7565345764
1675.62207031	35.5723342896
1676.38122559	39.0122795105
1677.14050293	33.4312210083
1677.8996582	34.6608047485
1678.65881348	21.1139030457
1679.41796875	28.1185436249
1680.17712402	26.83943367
1680.9362793	24.9678535461
1681.69543457	18.6416072845
1682.45471191	20.7324237823
1683.21386719	27.7613430023
1683.97302246	22.3446884155
1684.73217773	21.9601688385
1685.49133301	18.0282707214
1686.25048828	19.6198863983
1687.00964355	13.5434732437
1687.7689209	9.6048412323
1688.52807617	2.45488023758
1689.28723145	5.48387432098
1690.04638672	10.5473527908
1690.80554199	14.5171737671
1691.56469727	10.0259075165
1692.32397461	8.32534408569
1693.08312988	13.2825469971
1693.84228516	3.04486489296
1694.60144043	2.22566986084
1695.3605957	7.00135421753
1696.11975098	3.8087310791
1696.87890625	2.05780410767
1697.63818359	5.5452747345
1698.39733887	7.89764976501
1699.15649414	2.92788124084
1699.91564941	0.717344224453
1700.67480469	1.93690669537
1701.43395996	4.04916954041
1702.19311523	-0.175954967737
1702.95239258	4.22388458252
1703.71154785	-7.10004043579
1704.47070313	0.76432788372
1705.2298584	6.18564224243
1705.98901367	2.01137518883
1706.74816895	-0.307026147842
1707.50732422	-2.46211266518
1708.26660156	1.53555083275
1709.02575684	-1.76164078712
1709.78491211	-2.62992310524
1710.54406738	-2.92163681984
1711.30322266	-5.35753107071
1712.06237793	-3.84942483902
1712.82165527	1.89387488365
1713.58081055	-9.85572433472
1714.33996582	-4.26841020584
1715.09912109	-3.96420717239
1715.85827637	-5.68818712234
1716.61743164	4.1687502861
1717.37658691	-1.83692216873
1718.13586426	0.344747126102
1718.89501953	-0.462561130524
1719.6541748	1.3656744957
1720.41333008	1.12883126736
1721.17248535	5.05992650986
1721.93164063	-0.423315674067
1722.6907959	1.47979474068
1723.45007324	-3.30839967728
1724.20922852	1.68957459927
1724.96838379	1.95904862881
1725.72753906	3.98912739754
1726.48669434	9.6988325119
1727.24584961	8.60102748871
1728.00500488	5.23018169403
1728.76428223	5.46299886703
1729.5234375	2.65145683289
1730.28259277	3.89351677895
1731.04174805	5.20035028458
1731.80090332	-1.09822404385
1732.56005859	4.87497615814
1733.31921387	5.36398410797
1734.07849121	5.38442277908
1734.83764648	4.68353557587
1735.59680176	5.2372713089
1736.35595703	3.26535701752
1737.1151123	4.83899068832
1737.87426758	5.7189745903
1738.63354492	2.40504741669
1739.3927002	9.81644916534
1740.15185547	6.00066328049
1740.91101074	2.4541182518
1741.67016602	6.2889213562
1742.42932129	-0.4804020226
1743.18847656	-1.74743640423
1743.94775391	-6.75573015213
1744.70690918	-3.17060661316
1745.46606445	-3.27893447876
1746.22521973	-2.27926039696
1746.984375	2.88360643387
1747.74353027	-0.867253661156
1748.50268555	-4.32137584686
1749.26196289	-6.65478849411
1750.02111816	-7.59189748764
1750.78027344	-8.53131008148
1751.53942871	-1.07024109364
1752.29858398	1.68021118641
1753.05773926	1.10519337654
1753.81689453	-2.88579416275
1754.57617188	0.718720436096
1755.33532715	1.23997044563
1756.09448242	-1.88295996189
1756.8536377	-7.41401720047
1757.61279297	-4.45773887634
1758.37194824	-7.02341842651
1759.13122559	-0.528950214386
1759.89038086	4.40405797958
1760.64953613	-9.42597961426
1761.40869141	-6.61758995056
1762.16784668	0.61745095253
1762.92700195	-4.59437704086
1763.68615723	-6.3121714592
1764.44543457	-7.76895141602
1765.20458984	1.94146192074
1765.96374512	5.47789430618
1766.72290039	-7.59118795395
1767.48205566	-4.4905462265
1768.24121094	-3.07897663116
1769.00036621	-6.6874871254
1769.75964355	-3.36465001106
1770.51879883	0.746901512146
1771.2779541	-8.87502193451
1772.03710938	-2.47591853142
1772.79626465	-0.0171379633248
1773.55541992	-1.38362908363
1774.3145752	-2.6352519989
1775.07385254	-0.573126375675
1775.83300781	-5.16517305374
1776.59216309	-3.42770600319
1777.35131836	-5.92601776123
1778.11047363	-6.51531791687
1778.86962891	-7.73221158981
1779.62890625	-3.82055282593
1780.38806152	-4.51689338684
1781.1472168	-0.321403205395
1781.90637207	-12.6355876923
1782.66552734	-4.51465177536
1783.42468262	-5.48996829987
1784.18383789	-4.1161031723
1784.94311523	0.735939562321
1785.70227051	2.56520342827
1786.46142578	-7.31446552277
1787.22058105	-2.66930675507
1787.97973633	-0.347115367651
1788.7388916	-4.11693429947
1789.49804688	-4.72206544876
1790.25732422	-2.5062520504
1791.01647949	-6.33965444565
1791.77563477	0.539146959782
1792.53479004	-14.0144395828
1793.29394531	-8.74412822723
1794.05310059	6.588347435
1794.81225586	-3.43269228935
1795.5715332	-2.4292049408
1796.33068848	-4.19536209106
1797.08984375	-1.9943100214
1797.84899902	-0.236907467246
1798.6081543	-1.46981549263
1799.36730957	-3.09382176399
1800.12658691	0.230695307255
1800.88574219	3.23707556725
1801.64489746	-5.52500724792
1802.40405273	-5.28915023804
1803.16320801	-3.26526808739
1803.92236328	-1.40473127365
1804.68151855	-4.50998449326
1805.4407959	-4.69842195511
1806.19995117	-4.40984582901
1806.95910645	-5.31064653397
1807.71826172	-1.00029575825
1808.47741699	-3.63017654419
1809.23657227	-5.87082099915
1809.99572754	-1.53141748905
1810.75500488	-3.19356441498
1811.51416016	-7.77959108353
1812.27331543	-8.22752666473
1813.0324707	-4.4058842659
1813.79162598	-15.0056438446
1814.55078125	5.9810218811
1815.30993652	2.66763901711
1816.06921387	-7.46632480621
1816.82836914	-12.5678853989
1817.58752441	-13.5696687698
1818.34667969	-10.875834465
1819.10583496	-7.08826494217
1819.86499023	-4.26550912857
1820.62426758	-2.90817022324
1821.38342285	5.45940065384
1822.14257813	-13.4639215469
1822.9017334	-12.1924200058
1823.66088867	-6.75053882599
1824.42004395	-12.5402708054
1825.17919922	-12.096786499
1825.93847656	-7.39398956299
1826.69763184	-3.10143041611
1827.45678711	-10.1891202927
1828.21594238	-2.26684689522
1828.97509766	-7.19900417328
1829.73425293	-16.8008232117
1830.4934082	-4.32694482803
1831.25268555	-13.1415576935
1832.01184082	-3.14042639732
1832.77099609	-4.90730047226
1833.53015137	-5.56325864792
1834.28930664	-3.56057095528
1835.04846191	-5.46109676361
1835.80761719	-6.00325489044
1836.56689453	-2.64136910439
1837.3260498	0.574544847012
1838.08520508	-3.440284729
1838.84436035	-3.41086363792
1839.60351563	-8.26723098755
1840.3626709	-14.7255411148
1841.12194824	-2.89766764641
1841.88110352	-3.62082529068
1842.64025879	-4.0202832222
1843.39941406	-4.10998725891
1844.15856934	-1.03387451172
1844.91772461	-5.207654953
1845.67687988	0.372074484825
1846.43615723	-10.5756254196
1847.1953125	-9.72856235504
1847.95446777	5.18782186508
1848.71362305	-4.32964754105
1849.47277832	-0.845163524151
1850.23193359	-5.39185333252
1850.99108887	-7.86351585388
1851.75036621	-4.39600849152
1852.50952148	-6.48197460175
1853.26867676	-7.7551202774
1854.02783203	-5.08554697037
1854.7869873	-8.10077285767
1855.54614258	-15.013917923
1856.30529785	-8.40582275391
1857.0645752	-10.7146215439
1857.82373047	-2.9289753437
1858.58288574	-3.15835857391
1859.34204102	-0.672242045403
1860.10119629	-3.33961367607
1860.86035156	-5.07017183304
1861.61962891	-7.66527175903
1862.37878418	-10.5151081085
1863.13793945	-12.4874410629
1863.89709473	-6.73283147812
1864.65625	2.29106616974
1865.41540527	-3.93865299225
1866.17456055	-2.91196322441
1866.93383789	0.837984025478
1867.69299316	1.32986843586
1868.45214844	-5.98113393784
1869.21130371	-8.84070587158
1869.97045898	-13.3432359695
1870.72961426	-9.22095012665
1871.48876953	-5.45317173004
1872.24804688	-6.42044878006
1873.00720215	-9.37068748474
1873.76635742	-8.90678787231
1874.5255127	0.547529459
1875.28466797	3.06132555008
1876.04382324	-7.69996404648
1876.80297852	-9.75055980682
1877.56225586	0.0684943050146
1878.32141113	-5.50175523758
1879.08056641	-8.52003288269
1879.83972168	-17.0403404236
1880.59887695	0.104757495224
1881.35803223	4.74637651443
1882.11730957	-0.455046594143
1882.87646484	-7.35154438019
1883.63562012	-6.73009729385
1884.39477539	-5.93056535721
1885.15393066	-7.19162559509
1885.91308594	-10.9045143127
1886.67224121	-9.20021247864
1887.43151855	-9.47487735748
1888.19067383	-5.48577022552
1888.9498291	-2.91315150261
1889.70898438	-8.22168254852
1890.46813965	-3.99589586258
1891.22729492	-6.02178812027
1891.9864502	-8.2837638855
1892.74572754	-3.45216703415
1893.50488281	1.4312274456
1894.26403809	-3.03076076508
1895.02319336	-7.29890155792
1895.78234863	-10.5150098801
1896.54150391	-6.7155995369
1897.30065918	7.24413442612
1898.05993652	-3.40861296654
1898.8190918	-4.0723528862
1899.57824707	-0.486733704805
1900.33740234	-0.756415486336
1901.09655762	-4.25703907013
1901.85571289	-5.29567241669
1902.61499023	-1.98397254944
1903.37414551	-2.48525214195
1904.13330078	-5.79066991806
1904.89245605	-3.78633451462
1905.65161133	-4.40060567856
1906.4107666	0.361939281225
1907.16992188	-2.15495014191
1907.92919922	5.33683347702
1908.68835449	-2.79780769348
1909.44750977	-3.76719665527
1910.20666504	-2.57410979271
1910.96582031	-0.089992120862
1911.72497559	0.70593893528
1912.48413086	4.71346378326
1913.2434082	-0.482862979174
1914.00256348	-0.551696777344
1914.76171875	-0.687911987305
1915.52087402	-1.99003601074
1916.2800293	1.03321838379
1917.03918457	-6.48791503906
1917.79833984	-2.6423034668
1918.55761719	-3.40321350098
1919.31677246	4.81607055664
1920.07592773	-1.62840270996
1920.83508301	-2.12971496582
1921.59423828	7.29089355469
1922.35339355	8.61790466309
1923.1126709	3.84184265137
1923.87182617	-1.59686279297
1924.63098145	-4.99584960938
1925.39013672	2.94253540039
1926.14929199	2.33653259277
1926.90844727	2.97302246094
1927.66760254	0.90869140625
1928.42687988	-4.24113464355
1929.18603516	6.1468963623
1929.94519043	2.79672241211
1930.7043457	4.65010070801
1931.46350098	8.13552856445
1932.22265625	3.19047546387
1932.98181152	-0.793365478516
1933.74108887	2.48011779785
1934.50024414	1.74858093262
1935.25939941	18.8968658447
1936.01855469	-2.71745300293
1936.77770996	0.893585205078
1937.53686523	0.55793762207
1938.29602051	-0.0813140869141
1939.05529785	1.89468383789
1939.81445313	4.37187194824
1940.5736084	4.58760070801
1941.33276367	3.00741577148
1942.09191895	14.215927124
1942.85107422	3.42086791992
1943.61035156	-4.73960876465
1944.36950684	0.16194152832
1945.12866211	-5.97926330566
1945.88781738	-4.80471801758
1946.64697266	-2.1360168457
1947.40612793	-0.646835327148
1948.1652832	-1.13397216797
1948.92456055	0.860595703125
1949.68371582	-3.30599975586
1950.44287109	4.52438354492
1951.20202637	8.41592407227
1951.96118164	-2.16221618652
1952.72033691	-1.64700317383
1953.47949219	-0.425155639648
1954.23876953	-3.82035827637
1954.9979248	-11.5091552734
1955.75708008	-4.07884216309
1956.51623535	-11.3103485107
1957.27539063	3.12692260742
1958.0345459	-5.39994812012
1958.79370117	-5.08949279785
1959.55297852	-1.77093505859
1960.31213379	-5.53924560547
1961.07128906	-5.77087402344
1961.83044434	-8.71617126465
1962.58959961	-11.5423431396
1963.34875488	-1.75033569336
1964.10803223	-19.226890564
1964.8671875	-9.38584899902
1965.62634277	-14.5602111816
1966.38549805	-8.00462341309
1967.14465332	-0.818054199219
1967.90380859	0.501846313477
1968.66296387	-6.79719543457
1969.42224121	-0.852630615234
1970.18139648	-4.14289855957
1970.94055176	-8.61973571777
1971.69970703	2.02116394043
1972.4588623	-4.50749206543
1973.21801758	-1.32328796387
1973.97717285	-3.15788269043
1974.7364502	-5.81083679199
1975.49560547	-8.90696716309
1976.25476074	-1.3786315918
1977.01391602	-0.502670288086
1977.77307129	-6.92208862305
1978.53222656	-6.73100280762
1979.29138184	0.182357788086
1980.05065918	-6.0216217041
1980.80981445	-3.32830810547
1981.56896973	-4.8968963623
1982.328125	0.415420532227
1983.08728027	-7.09780883789
1983.84643555	1.90414428711
1984.60559082	4.24249267578
1985.36486816	-5.06666564941
1986.12402344	-3.8318939209
1986.88317871	-1.13121032715
1987.64233398	-3.58241271973
1988.40148926	-7.48863220215
1989.16064453	-6.93019104004
1989.91992188	2.20851135254
1990.67907715	-1.30807495117
1991.43823242	-0.882308959961
1992.1973877	-4.22373962402
1992.95654297	-4.41754150391
1993.71569824	-1.24942016602
1994.47485352	-2.69862365723
1995.23413086	-1.68562316895
1995.99328613	-10.6699981689
1996.75244141	-13.7639007568
1997.51159668	-6.60336303711
1998.27075195	-2.25186157227
1999.02990723	-7.30924987793
1999.7890625	-7.1722869873
2000.54833984	-4.24653625488
2001.30749512	-2.7413482666
2002.06665039	-2.42782592773
2002.82580566	-4.59703063965
2003.58496094	-5.11473083496
2004.34411621	-0.0710754394531
2005.10327148	-6.68751525879
2005.86254883	-0.109298706055
2006.6217041	-4.70269775391
2007.38085938	-10.219909668
2008.14001465	-2.44088745117
2008.89916992	-3.12728881836
2009.6583252	-1.83654785156
2010.41760254	-6.73414611816
2011.17675781	0.0308227539063
2011.93591309	-2.19993591309
2012.69506836	-4.58206176758
2013.45422363	-5.2293548584
2014.21337891	-4.69401550293
2014.97253418	-7.20681762695
2015.73181152	-8.28884887695
2016.4909668	-0.417175292969
2017.25012207	-7.59158325195
2018.00927734	-3.1563873291
2018.76843262	-4.18074035645
2019.52758789	-0.790649414063
2020.28674316	-8.10871887207
2021.04602051	-8.51914978027
2021.80517578	-10.4361572266
2022.56433105	-10.7218322754
2023.32348633	-10.6878051758
2024.0826416	-3.15377807617
2024.84179688	-8.21713256836
2025.60095215	-11.1912994385
2026.36022949	-6.91441345215
2027.11938477	3.75332641602
2027.87854004	-1.6237487793
2028.63769531	-1.84045410156
2029.39685059	-0.57160949707
2030.15600586	4.08180236816
2030.9152832	-1.77340698242
2031.67443848	-7.54147338867
2032.43359375	-13.7597351074
2033.19274902	-0.547760009766
2033.9519043	-3.2548828125
2034.71105957	-12.9293212891
2035.47021484	-6.34469604492
2036.22949219	-2.7843170166
2036.98864746	-9.20941162109
2037.74780273	-6.01220703125
2038.50695801	-2.40240478516
2039.26611328	-1.61405944824
2040.02526855	-4.47073364258
2040.78442383	-5.70732116699
2041.54370117	-4.07409667969
2042.30285645	-4.15365600586
2043.06201172	-11.1488037109
2043.82116699	-9.02261352539
2044.58032227	-3.7886505127
2045.33947754	-13.4510345459
2046.09863281	-5.15487670898
2046.85791016	-10.3283538818
2047.61706543	-13.1343994141
2048.3762207	-1.34164428711
2049.13549805	-5.0947265625
2049.89453125	-1.84832763672
2050.65380859	-1.05191040039
2051.4128418	-4.94253540039
2052.17211914	-15.7262115479
2052.93115234	-4.283203125
2053.69042969	-4.43487548828
2054.44970703	-4.69204711914
2055.20874023	-9.62049865723
2055.96801758	-12.2721252441
2056.72705078	-14.1769561768
2057.48632813	-5.13917541504
2058.24536133	-2.82791137695
2059.00463867	3.02058410645
2059.76391602	-3.70083618164
2060.52294922	-14.0375976563
2061.28222656	-4.61140441895
2062.04125977	-8.78813171387
2062.80053711	-15.1165924072
2063.55957031	-9.83554077148
2064.31884766	-14.1886749268
2065.078125	-5.45161437988
2065.8371582	-5.00274658203
2066.59643555	-9.48335266113
2067.35546875	-8.49055480957
2068.11474609	-0.730895996094
2068.8737793	-11.7208557129
2069.63305664	-7.25260925293
2070.39233398	-11.7435455322
2071.15136719	-7.14668273926
2071.91064453	-6.67939758301
2072.66967773	-10.8869628906
2073.42895508	-11.0877380371
2074.18798828	-8.56494140625
2074.94726563	-7.88862609863
2075.70654297	3.07495117188
2076.46557617	-3.26203918457
2077.22485352	-9.20115661621
2077.98388672	-7.18370056152
2078.74316406	-9.67805480957
2079.50244141	-8.33297729492
2080.26147461	-2.26080322266
2081.02075195	-2.83654785156
2081.77978516	-0.0409088134766
2082.5390625	-2.02494812012
2083.2980957	-8.16296386719
2084.05737305	-8.21528625488
2084.81665039	-12.1850891113
2085.57568359	-4.01322937012
2086.33496094	-14.7307281494
2087.09399414	0.977767944336
2087.85327148	-2.8512878418
2088.61230469	-10.2119293213
2089.37158203	-8.58491516113
2090.13085938	-7.82327270508
2090.88989258	1.81382751465
2091.64916992	-14.119140625
2092.40820313	-8.44209289551
2093.16748047	-9.47387695313
2093.92651367	-13.0732727051
2094.68579102	-5.65258789063
2095.44506836	-0.756622314453
2096.20410156	-8.46722412109
2096.96337891	-4.34013366699
2097.72241211	-5.96389770508
2098.48168945	-6.22024536133
2099.24072266	-2.58750915527
2100	0.466796875
