100	974.682434082
100.775512695	956.90423584
101.551017761	957.774780273
102.326530457	964.839782715
103.102043152	967.569458008
103.877548218	975.638061523
104.653060913	993.675231934
105.428573608	999.065856934
106.204078674	999.756591797
106.97959137	1005.88470459
107.755104065	1001.82904053
108.530609131	999.307861328
109.306121826	996.734069824
110.081634521	989.542297363
110.857139587	983.276489258
111.632652283	999.991699219
112.408164978	1005.0958252
113.183670044	1008.52655029
113.959182739	1008.72717285
114.734695435	1006.49841309
115.5102005	1009.22039795
116.285713196	1019.34283447
117.061225891	1021.93493652
117.836730957	1039.18139648
118.612243652	1029.34484863
119.387756348	1031.14587402
120.163269043	1027.64794922
120.938774109	1025.58972168
121.714286804	1035.12756348
122.4897995	1045.43481445
123.265304565	1034.16174316
124.040817261	1042.52758789
124.816329956	1026.36682129
125.591835022	1026.19299316
126.367347717	1025.36755371
127.142860413	1022.44042969
127.918365479	1031.26159668
128.693878174	1034.78027344
129.469390869	1031.30932617
130.244903564	1022.77868652
131.020401001	1021.32421875
131.795913696	1021.54248047
132.571426392	1019.98876953
133.346939087	1016.7855835
134.122451782	1015.47753906
134.897964478	1026.15686035
135.673461914	1007.08758545
136.448974609	1011.2119751
137.224487305	1017.16925049
138	1028.70996094
138.775512695	1037.4720459
139.551025391	1032.35717773
140.326538086	1024.42700195
141.102035522	1009.91784668
141.877548218	1020.15100098
142.653060913	1011.29553223
143.428573608	1001.58447266
144.204086304	1001.831604
144.979598999	1010.20550537
145.755096436	1014.96124268
146.530609131	1000.37158203
147.306121826	1011.58691406
148.081634521	1021.21081543
148.857147217	1008.98907471
149.632659912	997.542785645
150.408157349	1009.2019043
151.183670044	1029.07263184
151.959182739	1015.43286133
152.734695435	1009.06744385
153.51020813	1012.35699463
154.285720825	1023.6428833
155.061218262	1014.92022705
155.836730957	1006.40545654
156.612243652	1003.24029541
157.387756348	997.464172363
158.163269043	998.784362793
158.938781738	1009.95324707
159.714279175	1007.93341064
160.48979187	1017.34356689
161.265304565	1008.39471436
162.040817261	1002.39343262
162.816329956	1002.77801514
163.591842651	994.467224121
164.367340088	1000.84991455
165.142852783	994.039367676
165.918365479	988.606933594
166.693878174	994.014648438
167.469390869	1009.89099121
168.244903564	1008.27996826
169.020401001	992.610290527
169.795913696	996.267944336
170.571426392	1000.84259033
171.346939087	992.562072754
172.122451782	986.68963623
172.897964478	994.297058105
173.673461914	1000.37640381
174.448974609	997.255187988
175.224487305	993.840209961
176	1001.33447266
176.775512695	998.272705078
177.551025391	981.573242188
178.326538086	989.315612793
179.102035522	996.128295898
179.877548218	998.24822998
180.653060913	997.101623535
181.428573608	998.603088379
182.204086304	1004.86425781
182.979598999	989.368469238
183.755096436	982.386047363
184.530609131	987.458740234
185.306121826	984.252075195
186.081634521	989.625366211
186.857147217	1001.331604
187.632659912	1002.65942383
188.408157349	988.626586914
189.183670044	985.113647461
189.959182739	985.901611328
190.734695435	982.551879883
191.51020813	977.391906738
192.285720825	985.451477051
193.061218262	991.127319336
193.836730957	984.434753418
194.612243652	985.497009277
195.387756348	1000.36187744
196.163269043	982.139953613
196.938781738	983.170288086
197.714279175	969.422302246
198.48979187	971.383789063
199.265304565	980.139160156
200.040817261	979.677246094
200.816329956	977.767211914
201.591842651	971.250793457
202.367340088	992.114807129
203.142852783	979.272460938
203.918365479	986.024536133
204.693878174	987.334716797
205.469390869	988.354858398
206.244903564	993.754150391
207.020401001	992.179931641
207.795913696	994.751220703
208.571426392	983.698303223
209.346939087	998.355895996
210.122451782	1014.22479248
210.897964478	1016.08270264
211.673461914	1018.31256104
212.448974609	1026.33166504
213.224487305	1025.94995117
214	1011.14660645
214.775512695	1010.53070068
215.551025391	1038.44555664
216.326538086	1050.13916016
217.102035522	1042.1114502
217.877548218	1035.6060791
218.653060913	1047.34521484
219.428573608	1061.22851563
220.204086304	1041.4453125
220.979598999	1057.29406738
221.755096436	1045.41906738
222.530609131	1049.0604248
223.306121826	1041.91796875
224.081634521	1044.21533203
224.857147217	1050.4765625
225.632659912	1049.42272949
226.408157349	1054.83837891
227.183670044	1074.32653809
227.959182739	1059.43493652
228.734695435	1053.40539551
229.51020813	1061.16894531
230.285720825	1071.21728516
231.061218262	1079.94885254
231.836730957	1091.87792969
232.612243652	1102.26123047
233.387756348	1085.81225586
234.163269043	1081.22717285
234.938781738	1094.32653809
235.714279175	1097.6920166
236.48979187	1089.65185547
237.265304565	1096.81604004
238.040817261	1107.62609863
238.816329956	1102.03430176
239.591842651	1101.83898926
240.367340088	1112.11938477
241.142852783	1097.02978516
241.918365479	1116.29284668
242.693878174	1114.9642334
243.469390869	1122.94055176
244.244903564	1141.4675293
245.020401001	1152.35705566
245.795913696	1148.91540527
246.571426392	1140.58703613
247.346939087	1142.8828125
248.122451782	1160.84973145
248.897964478	1165.38183594
249.673461914	1173.23400879
250.448974609	1181.0748291
251.224487305	1178.70825195
252	1169.88354492
252.775512695	1172.85974121
253.551025391	1181.88757324
254.326538086	1152.74487305
255.102035522	1186.26330566
255.877548218	1188.40490723
256.653076172	1188.04296875
257.42855835	1199.77197266
258.204071045	1210.84094238
258.97958374	1205.90551758
259.755096436	1192.39306641
260.530609131	1203.18115234
261.306121826	1208.69763184
262.081634521	1214.16967773
262.857147217	1219.3347168
263.632659912	1220.35302734
264.408172607	1225.74328613
265.183685303	1233.81237793
265.959197998	1234.03063965
266.734680176	1246.0501709
267.510192871	1233.30749512
268.285705566	1241.31408691
269.061218262	1234.60925293
269.836730957	1230.9119873
270.612243652	1238.14074707
271.387756348	1249.96728516
272.163269043	1257.13061523
272.938781738	1257.3392334
273.714294434	1251.84069824
274.489807129	1246.43859863
275.265319824	1274.5501709
276.040802002	1277.27990723
276.816314697	1272.93115234
277.591827393	1281.49707031
278.367340088	1296.49780273
279.142852783	1301.84716797
279.918365479	1298.70898438
280.693878174	1293.01586914
281.469390869	1287.078125
282.244903564	1286.74060059
283.02041626	1282.58776855
283.795928955	1289.15527344
284.57144165	1296.37341309
285.346923828	1290.87097168
286.122436523	1286.49731445
286.897949219	1306.2331543
287.673461914	1274.19995117
288.448974609	1274.19995117
289.224487305	1271.96264648
290	1269.47753906
290.775512695	1254.85437012
291.551025391	1252.82849121
292.326538086	1256.36047363
293.102050781	1239.8092041
293.877563477	1223.77380371
294.653076172	1238.76965332
295.42855835	1245.44262695
296.204071045	1234.30822754
296.97958374	1223.99536133
297.755096436	1221.28198242
298.530609131	1225.85388184
299.306121826	1223.94592285
300.081634521	1215.20007324
300.857147217	1223.04406738
301.632659912	1219.59460449
302.408172607	1200.45080566
303.183685303	1208.5880127
303.959197998	1199.91760254
304.734680176	1209.07763672
305.510192871	1207.95507813
306.285705566	1193.00976563
307.061218262	1184.89489746
307.836730957	1183.36401367
308.612243652	1194.87609863
309.387756348	1192.82666016
310.163269043	1190.44250488
310.938781738	1193.57250977
311.714294434	1199.61975098
312.489807129	1187.33349609
313.265319824	1174.27624512
314.040802002	1173.94812012
314.816314697	1172.28100586
315.591827393	1187.35009766
316.367340088	1170.27685547
317.142852783	1158.87658691
317.918365479	1160.546875
318.693878174	1163.10229492
319.469390869	1175.07714844
320.244903564	1176.81567383
321.02041626	1167.06677246
321.795928955	1167.11242676
322.57144165	1167.22644043
323.346923828	1165.09887695
324.122436523	1157.13659668
324.897949219	1163.02587891
325.673461914	1148.81164551
326.448974609	1144.56335449
327.224487305	1149.19763184
328	1147.74414063
328.775512695	1142.69177246
329.551025391	1147.78979492
330.326538086	1144.70129395
331.102050781	1160.01123047
331.877563477	1155.10998535
332.653076172	1155.58947754
333.42855835	1138.15136719
334.204071045	1132.8013916
334.97958374	1145.41162109
335.755096436	1151.5637207
336.530609131	1138.6114502
337.306121826	1130.23425293
338.081634521	1133.58459473
338.857147217	1132.24047852
339.632659912	1132.09997559
340.408172607	1133.9864502
341.183685303	1121.7109375
341.959197998	1126.21325684
342.734680176	1127.53637695
343.510192871	1115.09082031
344.285705566	1133.0670166
345.061218262	1130.47900391
345.836730957	1133.70739746
346.612243652	1119.51452637
347.387756348	1129.22668457
348.163269043	1121.42932129
348.938781738	1128.3449707
349.714294434	1133.42529297
350.489807129	1123.63134766
351.265319824	1113.15856934
352.040802002	1106.94433594
352.816314697	1119.76745605
353.591827393	1102.44592285
354.367340088	1120.03857422
355.142852783	1109.83203125
355.918365479	1103.04833984
356.693878174	1098.82788086
357.469390869	1100.26245117
358.244903564	1106.80566406
359.02041626	1106.24963379
359.795928955	1096.32653809
360.57144165	1098.54931641
361.346923828	1082.82995605
362.122436523	1085.00317383
362.897949219	1088.54248047
363.673461914	1090.54101563
364.448974609	1091.8380127
365.224487305	1094.25036621
366	1096.76318359
366.775512695	1094.40112305
367.551025391	1086.31835938
368.326538086	1094.33398438
369.102050781	1102.89526367
369.877563477	1094.44177246
370.653076172	1087.78125
371.42855835	1089.37963867
372.204071045	1088.34667969
372.97958374	1091.44934082
373.755096436	1096.45324707
374.530609131	1092.15649414
375.306121826	1096.42236328
376.081634521	1089.1262207
376.857147217	1065.94616699
377.632659912	1097.06604004
378.408172607	1083.37548828
379.183685303	1071.93029785
379.959197998	1081.57116699
380.734680176	1088.39587402
381.510192871	1078.65771484
382.285705566	1073.16296387
383.061218262	1089.26647949
383.836730957	1098.55932617
384.612243652	1099.73291016
385.387756348	1094.86376953
386.163269043	1094.90466309
386.938781738	1088.10632324
387.714294434	1097.10791016
388.489807129	1093.47717285
389.265319824	1080.69104004
390.040802002	1087.11413574
390.816314697	1093.6262207
391.591827393	1110.85168457
392.367340088	1099.19702148
393.142852783	1099.86853027
393.918365479	1102.11706543
394.693878174	1103.04382324
395.469390869	1091.48754883
396.244903564	1095.88317871
397.02041626	1106.12451172
397.795928955	1110.1940918
398.57144165	1121.63134766
399.346923828	1098.81726074
400.122436523	1114.03100586
400.897949219	1110.05212402
401.673461914	1134.24133301
402.448974609	1128.21325684
403.224487305	1129.3762207
404	1124.94396973
404.775512695	1120.64685059
405.551025391	1122.28857422
406.326538086	1129.48962402
407.102050781	1152.61096191
407.877563477	1138.76586914
408.653076172	1132.8828125
409.42855835	1127.16186523
410.204071045	1125.5369873
410.97958374	1130.40490723
411.755096436	1136.99597168
412.530609131	1128.58081055
413.306121826	1127.61474609
414.081634521	1139.75463867
414.857147217	1130.64440918
415.632659912	1122.88879395
416.408172607	1148.58886719
417.183685303	1113.25842285
417.959197998	1125.96142578
418.734680176	1118.31176758
419.510192871	1123.63476563
420.285705566	1131.08459473
421.061218262	1130.86315918
421.836730957	1132.31018066
422.612243652	1134.54040527
423.387756348	1120.77612305
424.163269043	1111.65222168
424.938781738	1134.83581543
425.714294434	1120.92932129
426.489807129	1126.46557617
427.265319824	1125.20349121
428.040802002	1127.16442871
428.816314697	1120.76367188
429.591827393	1131.87731934
430.367340088	1151.7376709
431.142852783	1148.25390625
431.918365479	1138.85388184
432.693878174	1136.86706543
433.469390869	1139.32006836
434.244903564	1148.14489746
435.02041626	1158.05200195
435.795928955	1166.65148926
436.57144165	1181.12561035
437.346923828	1181.04052734
438.122436523	1179.84570313
438.897949219	1180.57653809
439.673461914	1178.70874023
440.448974609	1187.49523926
441.224487305	1182.88867188
442	1194.37011719
442.775512695	1209.94165039
443.551025391	1206.96960449
444.326538086	1201.45178223
445.102050781	1215.58300781
445.877563477	1219.75939941
446.653076172	1229.35620117
447.42855835	1246.45471191
448.204071045	1250.00085449
448.97958374	1247.89038086
449.755096436	1258.02075195
450.530609131	1241.87145996
451.306121826	1279.78833008
452.081634521	1262.85107422
452.857147217	1276.60595703
453.632659912	1286.15100098
454.408172607	1292.11462402
455.183685303	1297.08325195
455.959197998	1298.41040039
456.734680176	1304.66040039
457.510192871	1321.88745117
458.285705566	1333.13964844
459.061218262	1346.96520996
459.836730957	1327.21166992
460.612243652	1352.50219727
461.387756348	1348.69104004
462.163269043	1350.0916748
462.938781738	1358.8026123
463.714294434	1375.79785156
464.489807129	1398.48571777
465.265319824	1405.22753906
466.040802002	1405.68994141
466.816314697	1432.32775879
467.591827393	1430.73059082
468.367340088	1437.10571289
469.142852783	1455.50634766
469.918365479	1458.6652832
470.693878174	1475.42614746
471.469390869	1501.01721191
472.244903564	1513.73864746
473.02041626	1507.23486328
473.795928955	1518.17333984
474.57144165	1544.72363281
475.346923828	1560.62243652
476.122436523	1587.30761719
476.897949219	1600.00317383
477.673461914	1622.96923828
478.448974609	1646.70275879
479.224487305	1664.77185059
480	1688.27514648
480.775512695	1725.01599121
481.551025391	1755.45336914
482.326538086	1795.47253418
483.102050781	1825.0456543
483.877563477	1835.32507324
484.653076172	1853.50097656
485.42855835	1878.25854492
486.204071045	1916.16906738
486.97958374	1957.90539551
487.755096436	1980.10375977
488.530609131	1995.51281738
489.306121826	2018.70544434
490.081634521	2038.03796387
490.857147217	2044.75732422
491.632659912	2045.30004883
492.408172607	2047.71801758
493.183685303	2055.0144043
493.959197998	2047.72619629
494.734680176	2007.94091797
495.510192871	1996.22607422
496.285705566	1980.94787598
497.061218262	1962.67504883
497.836730957	1896.15234375
498.612243652	1833.62341309
499.387756348	1792.99584961
500.163269043	1751.47546387
500.938781738	1695.75915527
501.714294434	1661.04064941
502.489807129	1621.06567383
503.265319824	1549.24609375
504.040802002	1508.71618652
504.816314697	1482.43908691
505.591827393	1414.99975586
506.367340088	1412.33422852
507.142852783	1356.44628906
507.918365479	1325.19396973
508.693878174	1295.28540039
509.469390869	1259.20556641
510.244903564	1243.02160645
511.02041626	1227.70825195
511.795928955	1216.42736816
512.571411133	1208.90039063
513.346923828	1178.59973145
514.122436523	1144.52258301
514.897949219	1137.11962891
515.673461914	1126.71984863
516.448974609	1109.56286621
517.224487305	1116.99768066
518	1103.58215332
518.775512695	1092.17785645
519.551025391	1082.21240234
520.326538086	1069.47546387
521.102050781	1054.26696777
521.877563477	1047.19445801
522.653076172	1051.54589844
523.428588867	1053.34423828
524.204101563	1047.02160645
524.979614258	1042.27770996
525.755126953	1016.49023438
526.530639648	1029.93994141
527.306152344	1019.45928955
528.081604004	1017.00506592
528.857116699	1018.16534424
529.632629395	1006.6875
530.40814209	1006.62463379
531.183654785	1003.07409668
531.95916748	997.702636719
532.734680176	992.207458496
533.510192871	972.985290527
534.285705566	979.930480957
535.061218262	988.683105469
535.836730957	972.382080078
536.612243652	980.33215332
537.387756348	969.853942871
538.163269043	966.222839355
538.938781738	959.32421875
539.714294434	961.476135254
540.489807129	965.491027832
541.265319824	972.491821289
542.04083252	970.348266602
542.816345215	953.968261719
543.59185791	949.854675293
544.367370605	962.285827637
545.142883301	943.749328613
545.918395996	955.686584473
546.693847656	949.486206055
547.469360352	969.297241211
548.244873047	963.88873291
549.020385742	954.834838867
549.795898438	956.030700684
550.571411133	963.424743652
551.346923828	970.771057129
552.122436523	969.032470703
552.897949219	958.084716797
553.673461914	955.854431152
554.448974609	967.463317871
555.224487305	958.490478516
556	933.695739746
556.775512695	973.098815918
557.551025391	975.699707031
558.326538086	972.147155762
559.102050781	961.864501953
559.877563477	956.78717041
560.653076172	957.691162109
561.428588867	963.013916016
562.204101563	973.517211914
562.979614258	975.175720215
563.755126953	975.102661133
564.530639648	983.78729248
565.306152344	978.056518555
566.081604004	966.262817383
566.857116699	978.193908691
567.632629395	962.830444336
568.40814209	991.008911133
569.183654785	960.90032959
569.95916748	981.287231445
570.734680176	988.003662109
571.510192871	981.54284668
572.285705566	973.706848145
573.061218262	980.734069824
573.836730957	990.516601563
574.612243652	996.797302246
575.387756348	994.334411621
576.163269043	980.767822266
576.938781738	995.092773438
577.714294434	988.89440918
578.489807129	975.660461426
579.265319824	990.092224121
580.04083252	989.198669434
580.816345215	980.186218262
581.59185791	992.487548828
582.367370605	989.35534668
583.142883301	985.278259277
583.918395996	981.440246582
584.693847656	988.817565918
585.469360352	991.689025879
586.244873047	985.158630371
587.020385742	987.049743652
587.795898438	987.589904785
588.571411133	999.377929688
589.346923828	994.641113281
590.122436523	989.122375488
590.897949219	1001.42767334
591.673461914	989.137390137
592.448974609	996.346496582
593.224487305	989.468139648
594	980.183837891
594.775512695	986.065185547
595.551025391	985.501464844
596.326538086	980.752075195
597.102050781	984.148986816
597.877563477	976.168762207
598.653076172	958.783447266
599.428588867	972.874511719
600.204101563	981.185913086
600.979614258	985.913635254
601.755126953	975.418945313
602.530639648	978.499389648
603.306152344	987.38092041
604.081604004	992.495117188
604.857116699	971.533508301
605.632629395	973.869628906
606.40814209	981.529052734
607.183654785	977.762878418
607.95916748	982.31817627
608.734680176	982.633422852
609.510192871	976.515686035
610.285705566	974.297790527
611.061218262	959.129882813
611.836730957	969.259643555
612.612243652	988.010314941
613.387756348	978.535644531
614.163269043	974.923828125
614.938781738	984.106445313
615.714294434	981.281799316
616.489807129	975.836853027
617.265319824	984.436889648
618.04083252	993.32244873
618.816345215	998.018493652
619.59185791	993.526306152
620.367370605	985.563171387
621.142883301	986.980163574
621.918395996	987.81060791
622.693847656	977.541931152
623.469360352	981.948974609
624.244873047	995.586547852
625.020385742	969.288269043
625.795898438	989.74621582
626.571411133	993.418212891
627.346923828	1006.74206543
628.122436523	994.957702637
628.897949219	985.444519043
629.673461914	993.211120605
630.448974609	981.252990723
631.224487305	987.683959961
632	990.95111084
632.775512695	993.23059082
633.551025391	997.05670166
634.326538086	996.235900879
635.102050781	993.981933594
635.877563477	987.932373047
636.653076172	992.708496094
637.428588867	993.911376953
638.204101563	989.297668457
638.979614258	1005.31317139
639.755126953	993.38104248
640.530639648	988.633850098
641.306152344	985.645935059
642.081604004	991.057373047
642.857116699	990.259399414
643.632629395	992.226623535
644.40814209	996.546264648
645.183654785	991.125854492
645.95916748	991.507202148
646.734680176	993.946228027
647.510192871	997.048156738
648.285705566	995.795349121
649.061218262	972.084533691
649.836730957	993.36517334
650.612243652	1000.53839111
651.387756348	991.295410156
652.163269043	994.854309082
652.938781738	981.177490234
653.714294434	992.449584961
654.489807129	1000.62609863
655.265319824	996.348632813
656.04083252	999.694519043
656.816345215	985.015319824
657.59185791	986.672790527
658.367370605	993.262451172
659.142883301	989.644348145
659.918395996	991.064086914
660.693847656	1001.32897949
661.469360352	1005.484375
662.244873047	1001.50933838
663.020385742	992.331481934
663.795898438	977.286560059
664.571411133	983.985961914
665.346923828	989.012390137
666.122436523	1019.83410645
666.897949219	994.423522949
667.673461914	1003.23260498
668.448974609	992.261108398
669.224487305	995.411254883
670	983.44744873
670.775512695	982.114013672
671.551025391	988.597961426
672.326538086	992.417053223
673.102050781	993.151916504
673.877563477	993.524719238
674.653076172	994.513977051
675.428588867	992.198425293
676.204101563	987.218017578
676.979614258	993.203491211
677.755126953	999.609985352
678.530639648	973.747375488
679.306152344	968.200012207
680.081604004	977.675720215
680.857116699	977.013305664
681.632629395	980.615722656
682.40814209	979.586791992
683.183654785	974.795593262
683.95916748	981.486633301
684.734680176	983.513305664
685.510192871	984.66204834
686.285705566	985.973632813
687.061218262	987.072143555
687.836730957	985.724304199
688.612243652	979.077026367
689.387756348	980.035766602
690.163269043	979.180114746
690.938781738	969.192504883
691.714294434	990.81427002
692.489807129	985.028259277
693.265319824	982.520385742
694.04083252	983.430786133
694.816345215	980.099914551
695.59185791	984.364501953
696.367370605	987.2265625
697.142883301	976.067321777
697.918395996	976.46496582
698.693847656	991.817260742
699.469360352	995.799987793
700.244873047	981.075500488
701.020385742	992.427612305
701.795898438	991.702758789
702.571411133	987.444274902
703.346923828	993.198242188
704.122436523	988.336547852
704.897949219	983.17767334
705.673461914	986.165466309
706.448974609	976.767272949
707.224487305	979.640808105
708	992.807067871
708.775512695	987.547363281
709.551025391	985.559020996
710.326538086	985.770629883
711.102050781	979.498718262
711.877563477	978.642089844
712.653076172	988.011352539
713.428588867	998.167663574
714.204101563	1006.574646
714.979614258	999.070495605
715.755126953	1001.63110352
716.530639648	996.991271973
717.306152344	1001.22332764
718.081604004	1004.58410645
718.857116699	1004.80645752
719.632629395	1009.38269043
720.40814209	1009.19433594
721.183654785	1007.28637695
721.95916748	1014.92785645
722.734680176	1015.23474121
723.510192871	1006.15350342
724.285705566	1007.30969238
725.061218262	1000.98126221
725.836730957	1001.26245117
726.612243652	1018.7878418
727.387756348	1018.51733398
728.163269043	1012.87799072
728.938781738	1020.17889404
729.714294434	1026.76293945
730.489807129	1025.10217285
731.265319824	1015.94519043
732.04083252	1017.0894165
732.816345215	1016.90612793
733.59185791	1015.97369385
734.367370605	1009.77148438
735.142883301	1016.95513916
735.918395996	1036.5657959
736.693847656	1030.31713867
737.469360352	1024.41174316
738.244873047	1043.25610352
739.020385742	1036.65661621
739.795898438	1022.54351807
740.571411133	1032.72363281
741.346923828	1021.59503174
742.122436523	1029.04138184
742.897949219	1032.56274414
743.673461914	1041.41577148
744.448974609	1034.34667969
745.224487305	1047.46508789
746	1037.68664551
746.775512695	1030.64575195
747.551025391	1054.74145508
748.326538086	1047.18371582
749.102050781	1043.5456543
749.877563477	1035.40844727
750.653076172	1044.18261719
751.428588867	1051.14099121
752.204101563	1044.49133301
752.979614258	1038.43481445
753.755126953	1036.32617188
754.530639648	1038.69543457
755.306152344	1044.22814941
756.081604004	1045.84008789
756.857116699	1045.41015625
757.632629395	1048.89343262
758.40814209	1052.05578613
759.183654785	1051.31311035
759.95916748	1052.44689941
760.734680176	1035.64929199
761.510192871	1054.91308594
762.285705566	1056.2869873
763.061218262	1040.6270752
763.836730957	1056.38989258
764.612243652	1054.75842285
765.387756348	1044.89208984
766.163269043	1043.47888184
766.938781738	1053.73815918
767.714294434	1045.26574707
768.489807129	1058.10864258
769.265319824	1061.09411621
770.04083252	1058.28613281
770.816345215	1060.6295166
771.59185791	1066.44726563
772.367370605	1053.52990723
773.142883301	1043.28063965
773.918395996	1048.08862305
774.693847656	1059.35839844
775.469360352	1064.72229004
776.244873047	1051.19641113
777.020385742	1046.28869629
777.795898438	1062.02770996
778.571411133	1054.0769043
779.346923828	1048.11694336
780.122436523	1066.80603027
780.897949219	1069.27893066
781.673461914	1055.64465332
782.448974609	1062.2923584
783.224487305	1054.0234375
784	1057.96130371
784.775512695	1042.47753906
785.551025391	1069.19299316
786.326538086	1063.20727539
787.102050781	1065.87756348
787.877563477	1062.9810791
788.653076172	1067.17028809
789.428588867	1056.75378418
790.204101563	1054.98583984
790.979614258	1067.98400879
791.755126953	1070.74914551
792.530639648	1065.45629883
793.306152344	1071.17346191
794.081604004	1080.0357666
794.857116699	1072.70507813
795.632629395	1068.15881348
796.40814209	1069.50866699
797.183654785	1060.2322998
797.95916748	1063.18762207
798.734680176	1081.5267334
799.510192871	1083.00061035
800.285705566	1077.01330566
801.061218262	1082.84851074
801.836730957	1079.47607422
802.612243652	1067.37719727
803.387756348	1072.45556641
804.163269043	1068.8223877
804.938781738	1085.71594238
805.714294434	1091.11608887
806.489807129	1098.23571777
807.265319824	1092.53283691
808.04083252	1092.21118164
808.816345215	1071.19958496
809.59185791	1092.25744629
810.367370605	1102.10754395
811.142883301	1085.17553711
811.918395996	1091.44140625
812.693847656	1084.8951416
813.469360352	1103.69458008
814.244873047	1102.89526367
815.020385742	1080.81933594
815.795898438	1091.92016602
816.571411133	1110.42102051
817.346923828	1101.31054688
818.122436523	1097.83496094
818.897949219	1100.78259277
819.673461914	1107.28625488
820.448974609	1110.24780273
821.224487305	1105.12902832
822	1109.35327148
822.775512695	1108.51135254
823.551025391	1116.55957031
824.326538086	1125.41687012
825.102050781	1127.85864258
825.877563477	1119.43237305
826.653076172	1133.50634766
827.428588867	1131.81286621
828.204101563	1117.51623535
828.979614258	1125.60583496
829.755126953	1126.5144043
830.530639648	1120.58129883
831.306152344	1142.47302246
832.081604004	1111.0032959
832.857116699	1125.96801758
833.632629395	1129.89172363
834.40814209	1129.73376465
835.183654785	1135.20251465
835.95916748	1146.30029297
836.734680176	1135.77490234
837.510192871	1138.12341309
838.285705566	1143.49121094
839.061218262	1124.64050293
839.836730957	1126.76757813
840.612243652	1132.14648438
841.387756348	1140.48791504
842.163269043	1136.4407959
842.938781738	1129.21386719
843.714294434	1147.35571289
844.489807129	1146.41430664
845.265319824	1137.75170898
846.04083252	1138.26416016
846.816345215	1141.12561035
847.59185791	1145.80529785
848.367370605	1152.12329102
849.142883301	1157.87365723
849.918395996	1160.38293457
850.693847656	1165.75
851.469360352	1156.18151855
852.244873047	1160.04785156
853.020385742	1154.43786621
853.795898438	1157.62390137
854.571411133	1151.16931152
855.346923828	1143.99609375
856.122436523	1147.17407227
856.897949219	1174.84399414
857.673461914	1150.73498535
858.448974609	1157.70422363
859.224487305	1160.48596191
860	1170.9375
860.775512695	1149.92956543
861.551025391	1169.40661621
862.326538086	1169.89404297
863.102050781	1183.80334473
863.877563477	1169.11743164
864.653076172	1167.27941895
865.428588867	1161.82421875
866.204101563	1175.17492676
866.979614258	1169.62402344
867.755126953	1173.02624512
868.530639648	1186.59118652
869.306152344	1180.88415527
870.081604004	1188.39880371
870.857116699	1180.70935059
871.632629395	1196.0546875
872.40814209	1199.35571289
873.183654785	1184.66271973
873.95916748	1200.43615723
874.734680176	1205.86987305
875.510192871	1201.15270996
876.285705566	1194.96618652
877.061218262	1195.92626953
877.836730957	1203.16308594
878.612243652	1206.19677734
879.387756348	1203.49169922
880.163269043	1209.64453125
880.938781738	1221.81652832
881.714294434	1222.0135498
882.489807129	1219.13037109
883.265319824	1223.34997559
884.04083252	1222.61621094
884.816345215	1215.36889648
885.59185791	1216.50915527
886.367370605	1216.81982422
887.142883301	1231.08105469
887.918395996	1227.29638672
888.693847656	1238.37634277
889.469360352	1241.64111328
890.244873047	1237.85107422
891.020385742	1227.80700684
891.795898438	1231.48095703
892.571411133	1233.63098145
893.346923828	1232.72973633
894.122436523	1234.46166992
894.897949219	1238.2779541
895.673461914	1235.24316406
896.448974609	1231.22192383
897.224487305	1240.94836426
898	1231.32299805
898.775512695	1234.30969238
899.551025391	1261.5723877
900.326538086	1247.48156738
901.102050781	1249.78796387
901.877563477	1236.47631836
902.653076172	1232.53430176
903.428588867	1230.66210938
904.204101563	1243.61560059
904.979614258	1243.62939453
905.755126953	1253.1550293
906.530639648	1242.12731934
907.306152344	1251.33129883
908.081604004	1249.39611816
908.857116699	1253.00708008
909.632629395	1254.52770996
910.40814209	1260.38366699
911.183654785	1261.85498047
911.95916748	1250.44091797
912.734680176	1257.75683594
913.510192871	1250.39978027
914.285705566	1263.43212891
915.061218262	1267.69946289
915.836730957	1255.43920898
916.612243652	1256.77087402
917.387756348	1261.46166992
918.163269043	1258.3927002
918.938781738	1260.40881348
919.714294434	1265.52929688
920.489807129	1257.45092773
921.265319824	1253.27954102
922.04083252	1257.1151123
922.816345215	1261.51013184
923.59185791	1255.85522461
924.367370605	1249.02001953
925.142883301	1248.13708496
925.918395996	1249.29541016
926.693847656	1245.51391602
927.469360352	1248.73718262
928.244873047	1246.89416504
929.020385742	1250.13171387
929.795898438	1245.39099121
930.571411133	1264.48059082
931.346923828	1256.34875488
932.122436523	1249.25695801
932.897949219	1250.41064453
933.673461914	1248.80834961
934.448974609	1239.84521484
935.224487305	1241.55285645
936	1241.79455566
936.775512695	1238.36853027
937.551025391	1230.98413086
938.326538086	1233.50061035
939.102050781	1238.6439209
939.877563477	1242.24731445
940.653076172	1240.94238281
941.428588867	1230.17126465
942.204101563	1222.96691895
942.979614258	1225.57910156
943.755126953	1228.81542969
944.530639648	1227.62097168
945.306152344	1229.05383301
946.081604004	1220.16455078
946.857116699	1210.82116699
947.632629395	1212.50524902
948.40814209	1215.62451172
949.183654785	1219.6986084
949.95916748	1215.77539063
950.734680176	1201.64611816
951.510192871	1205.98413086
952.285705566	1208.32250977
953.061218262	1195.57922363
953.836730957	1187.65136719
954.612243652	1190.46618652
955.387756348	1199.53588867
956.163269043	1196.6217041
956.938781738	1192.8515625
957.714294434	1192.93884277
958.489807129	1184.55981445
959.265319824	1179.38793945
960.04083252	1187.98999023
960.816345215	1190.97155762
961.59185791	1189.52734375
962.367370605	1190.76501465
963.142883301	1192.60266113
963.918395996	1186.50292969
964.693847656	1181.56933594
965.469360352	1181.48999023
966.244873047	1172.57104492
967.020385742	1172.82763672
967.795898438	1179.81213379
968.571411133	1175.82006836
969.346923828	1176.58190918
970.122436523	1183.91601563
970.897949219	1178.98681641
971.673461914	1166.86633301
972.448974609	1171.89941406
973.224487305	1178.27966309
974	1170.75927734
974.775512695	1170.42797852
975.551025391	1166.81933594
976.326538086	1167.13391113
977.102050781	1156.20800781
977.877563477	1156.9161377
978.653076172	1161.89794922
979.428588867	1157.62304688
980.204101563	1163.51928711
980.979614258	1153.39367676
981.755126953	1172.08544922
982.530639648	1161.01171875
983.306152344	1167.59851074
984.081604004	1163.44055176
984.857116699	1158.12585449
985.632629395	1166.85925293
986.40814209	1157.48022461
987.183654785	1156.80908203
987.95916748	1155.70239258
988.734680176	1151.04638672
989.510192871	1151.4251709
990.285705566	1152.59533691
991.061218262	1147.23706055
991.836730957	1152.38146973
992.612243652	1154.42700195
993.387756348	1154.53552246
994.163269043	1154.21386719
994.938781738	1154.03649902
995.714294434	1152.94836426
996.489807129	1148.90039063
997.265319824	1149.3684082
998.04083252	1148.33239746
998.816345215	1146.26635742
999.59185791	1148.70849609
1000.36737061	1147.94213867
1001.1428833	1149.92749023
1001.918396	1152.31567383
1002.69384766	1150.38867188
1003.46936035	1148.17089844
1004.24487305	1143.68920898
1005.02038574	1144.28173828
1005.79589844	1145.58813477
1006.57141113	1142.4876709
1007.34692383	1149.13745117
1008.12243652	1142.55957031
1008.89794922	1146.75683594
1009.67346191	1157.47558594
1010.44897461	1150.56384277
1011.2244873	1141.98791504
1012	1138.82434082
1012.7755127	1161.57043457
1013.55102539	1148.3963623
1014.32653809	1147.72875977
1015.10205078	1155.56530762
1015.87756348	1161.74963379
1016.65307617	1157.07873535
1017.42858887	1151.98913574
1018.20410156	1145.07397461
1018.97961426	1148.15979004
1019.75512695	1151.14562988
1020.53063965	1153.39331055
1021.30615234	1159.36914063
1022.081604	1150.06542969
1022.8571167	1150.39904785
1023.63262939	1153.52307129
1024.40820313	1152.1854248
1025.18371582	1163.65917969
1025.95922852	1158.92675781
1026.73474121	1157.41467285
1027.51025391	1152.89819336
1028.2857666	1155.06945801
1029.0612793	1156.43200684
1029.83679199	1154.8248291
1030.61230469	1153.37585449
1031.38769531	1154.05554199
1032.16320801	1158.68334961
1032.9387207	1165.38928223
1033.7142334	1165.4263916
1034.48974609	1159.51806641
1035.26525879	1160.92321777
1036.04077148	1157.515625
1036.81628418	1150.37890625
1037.59179688	1153.8861084
1038.36730957	1158.79724121
1039.14282227	1163.00305176
1039.91833496	1157.74658203
1040.69384766	1150.20092773
1041.46936035	1154.23059082
1042.24487305	1154.31848145
1043.02038574	1153.25488281
1043.79589844	1146.25195313
1044.57141113	1143.72070313
1045.34692383	1149.60595703
1046.12243652	1146.98425293
1046.89794922	1152.06518555
1047.67346191	1154.47595215
1048.44897461	1146.13000488
1049.2244873	1151.94775391
1050	1149.39111328
1050.7755127	1151.06689453
1051.55102539	1150.03527832
1052.32653809	1142.62817383
1053.10205078	1147.71240234
1053.87756348	1142.16931152
1054.65307617	1151.9609375
1055.42858887	1141.65917969
1056.20410156	1150.26733398
1056.97961426	1145.79211426
1057.75512695	1139.29992676
1058.53063965	1134.15405273
1059.30615234	1152.16113281
1060.08166504	1149.7253418
1060.85717773	1142.12402344
1061.63269043	1153.86901855
1062.40820313	1137.65429688
1063.18371582	1152.80212402
1063.95922852	1144.88122559
1064.73474121	1148.16967773
1065.51025391	1141.8614502
1066.2857666	1154.17993164
1067.0612793	1154.43371582
1067.83679199	1140.92236328
1068.61230469	1145.96398926
1069.38769531	1147.61401367
1070.16320801	1148.48974609
1070.9387207	1144.08862305
1071.7142334	1142.14428711
1072.48974609	1157.64501953
1073.26525879	1150.3046875
1074.04077148	1144.93774414
1074.81628418	1143.83007813
1075.59179688	1152.17712402
1076.36730957	1145.22106934
1077.14282227	1140.74121094
1077.91833496	1145.2833252
1078.69384766	1147.09667969
1079.46936035	1152.25646973
1080.24487305	1147.86938477
1081.02038574	1143.98571777
1081.79589844	1145.64758301
1082.57141113	1143.33398438
1083.34692383	1151.27111816
1084.12243652	1154.35766602
1084.89794922	1144.36193848
1085.67346191	1157.60876465
1086.44897461	1160.0111084
1087.2244873	1146.42785645
1088	1151.70349121
1088.7755127	1160.31176758
1089.55102539	1150.59411621
1090.32653809	1144.97631836
1091.10205078	1150.14758301
1091.87756348	1153.95471191
1092.65307617	1152.09851074
1093.42858887	1152.26062012
1094.20410156	1154.32653809
1094.97961426	1150.64538574
1095.75512695	1152.05053711
1096.53063965	1155.64746094
1097.30615234	1151.92858887
1098.08166504	1153.57592773
1098.85717773	1157.72021484
1099.63269043	1154.92468262
1100.40820313	1148.14733887
1101.18371582	1148.2989502
1101.95922852	1154.58813477
1102.73474121	1153.7109375
1103.51025391	1154.3079834
1104.2857666	1153.27661133
1105.0612793	1148.83508301
1105.83679199	1150.86804199
1106.61230469	1148.66442871
1107.38769531	1147.41796875
1108.16320801	1153.64746094
1108.9387207	1151.98925781
1109.7142334	1145.59655762
1110.48974609	1151.08459473
1111.26525879	1149.53222656
1112.04077148	1146.59008789
1112.81628418	1155.3157959
1113.59179688	1155.39282227
1114.36730957	1152.30773926
1115.14282227	1153.05029297
1115.91833496	1159.20239258
1116.69384766	1160.21435547
1117.46936035	1158.62976074
1118.24487305	1154.40161133
1119.02038574	1156.65319824
1119.79589844	1154.82299805
1120.57141113	1157.14575195
1121.34692383	1153.88061523
1122.12243652	1154.1895752
1122.89794922	1166.51586914
1123.67346191	1158.55578613
1124.44897461	1154.82580566
1125.2244873	1151.18103027
1126	1151.35107422
1126.7755127	1155.6036377
1127.55102539	1156.06665039
1128.32653809	1153.03808594
1129.10205078	1147.65600586
1129.87756348	1147.52331543
1130.65307617	1147.39794922
1131.42858887	1147.51452637
1132.20410156	1144.3371582
1132.97961426	1153.25317383
1133.75512695	1156.82373047
1134.53063965	1146.49780273
1135.30615234	1143.15234375
1136.08166504	1159.08007813
1136.85717773	1163.49975586
1137.63269043	1155.17443848
1138.40820313	1160.47180176
1139.18371582	1159.10253906
1139.95922852	1158.29650879
1140.73474121	1162.58349609
1141.51025391	1161.3494873
1142.2857666	1148.58349609
1143.0612793	1156.52758789
1143.83679199	1158.7989502
1144.61230469	1157.78820801
1145.38769531	1156.98364258
1146.16320801	1151.8380127
1146.9387207	1150.25439453
1147.7142334	1159.56616211
1148.48974609	1159.74890137
1149.26525879	1158.08398438
1150.04077148	1159.08935547
1150.81628418	1166.57324219
1151.59179688	1163.046875
1152.36730957	1164.69152832
1153.14282227	1158.3494873
1153.91833496	1156.57141113
1154.69384766	1153.66247559
1155.46936035	1159.29541016
1156.24487305	1158.50073242
1157.02038574	1158.4810791
1157.79589844	1162.21337891
1158.57141113	1163.79162598
1159.34692383	1160.31835938
1160.12243652	1164.23376465
1160.89794922	1166.90258789
1161.67346191	1162.75488281
1162.44897461	1158.02563477
1163.2244873	1160.91589355
1164	1166.96740723
1164.7755127	1164.32519531
1165.55102539	1164.47021484
1166.32653809	1164.53369141
1167.10205078	1167.62023926
1167.87756348	1167.79089355
1168.65307617	1169.0333252
1169.42858887	1165.64379883
1170.20410156	1159.18835449
1170.97961426	1155.94335938
1171.75512695	1161.00634766
1172.53063965	1163.62939453
1173.30615234	1162.39074707
1174.08166504	1167.47253418
1174.85717773	1164.2220459
1175.63269043	1159.98376465
1176.40820313	1161.92895508
1177.18371582	1163.77038574
1177.95922852	1166.1652832
1178.73474121	1161.67333984
1179.51025391	1161.375
1180.2857666	1166.63842773
1181.0612793	1163.07373047
1181.83679199	1159.11157227
1182.61230469	1161.90979004
1183.38769531	1165.32922363
1184.16320801	1168.37902832
1184.9387207	1159.04858398
1185.7142334	1156.84558105
1186.48974609	1156.91064453
1187.26525879	1162.97851563
1188.04077148	1164.8581543
1188.81628418	1164.90905762
1189.59179688	1160.54638672
1190.36730957	1159.6986084
1191.14282227	1163.75793457
1191.91833496	1162.41589355
1192.69384766	1161.63317871
1193.46936035	1161.85461426
1194.24487305	1157.57446289
1195.02038574	1170.62414551
1195.79589844	1167.66040039
1196.57141113	1166.64196777
1197.34692383	1167.47570801
1198.12243652	1167.12414551
1198.89794922	1172.25231934
1199.67346191	1171.84973145
1200.44897461	1173.79150391
1201.2244873	1172.86352539
1202	1171.78234863
1202.7755127	1166.75268555
1203.55102539	1174.27844238
1204.32653809	1180.04980469
1205.10205078	1176.59265137
1205.87756348	1175.05200195
1206.65307617	1171.79089355
1207.42858887	1176.69946289
1208.20410156	1171.6081543
1208.97961426	1180.34667969
1209.75512695	1171.39111328
1210.53063965	1173.68945313
1211.30615234	1172.41491699
1212.08166504	1183.03662109
1212.85717773	1183.23278809
1213.63269043	1182.92858887
1214.40820313	1172.95532227
1215.18371582	1167.17102051
1215.95922852	1172.87011719
1216.73474121	1182.92932129
1217.51025391	1172.5078125
1218.2857666	1179.28747559
1219.0612793	1171.87023926
1219.83679199	1176.16137695
1220.61230469	1177.48071289
1221.38769531	1177.24279785
1222.16320801	1177.93469238
1222.9387207	1178.31494141
1223.7142334	1185.55737305
1224.48974609	1177.65844727
1225.26525879	1182.32629395
1226.04077148	1182.19592285
1226.81628418	1184.03479004
1227.59179688	1188.00561523
1228.36730957	1187.84082031
1229.14282227	1179.46435547
1229.91833496	1186.03979492
1230.69384766	1184.05090332
1231.46936035	1186.62817383
1232.24487305	1189.98974609
1233.02038574	1189.74597168
1233.79589844	1181.48254395
1234.57141113	1175.93395996
1235.34692383	1185.83459473
1236.12243652	1180.42248535
1236.89794922	1185.89086914
1237.67346191	1189.94360352
1238.44897461	1189.20922852
1239.2244873	1199.10876465
1240	1194.29992676
1240.7755127	1185.2545166
1241.55102539	1191.42041016
1242.32653809	1198.57763672
1243.10205078	1193.28564453
1243.87756348	1184.1887207
1244.65307617	1192.00769043
1245.42858887	1197.23596191
1246.20410156	1199.53088379
1246.97961426	1196.50878906
1247.75512695	1195.8182373
1248.53063965	1196.66577148
1249.30615234	1193.43530273
1250.08166504	1201.08435059
1250.85717773	1200.17248535
1251.63269043	1200.28845215
1252.40820313	1191.14733887
1253.18371582	1198.80871582
1253.95922852	1196.31787109
1254.73474121	1199.44372559
1255.51025391	1189.96069336
1256.2857666	1200.03173828
1257.0612793	1194.49365234
1257.83679199	1198.6940918
1258.61230469	1201.26342773
1259.38769531	1196.93640137
1260.16320801	1202.13439941
1260.9387207	1191.52246094
1261.7142334	1204.09216309
1262.48974609	1206.02416992
1263.26525879	1183.66162109
1264.04077148	1205.30773926
1264.81628418	1203.18286133
1265.59179688	1202.59887695
1266.36730957	1196.49121094
1267.14282227	1193.51367188
1267.91833496	1206.60510254
1268.69384766	1203.49328613
1269.46936035	1208.03613281
1270.24487305	1212.18554688
1271.02038574	1201.00585938
1271.79589844	1200.15185547
1272.57141113	1205.08178711
1273.34692383	1204.41503906
1274.12243652	1206.25341797
1274.89794922	1205.25537109
1275.67346191	1202.08630371
1276.44897461	1195.2767334
1277.2244873	1201.55822754
1278	1199.8482666
1278.7755127	1198.83666992
1279.55102539	1192.85852051
1280.32653809	1194.12341309
1281.10205078	1204.03173828
1281.87756348	1206.45507813
1282.65307617	1194.68359375
1283.42858887	1197.35437012
1284.20410156	1202.9395752
1284.97961426	1211.64550781
1285.75512695	1211.60302734
1286.53063965	1211.93115234
1287.30615234	1206.23925781
1288.08166504	1212.95324707
1288.85717773	1217.72937012
1289.63269043	1216.25976563
1290.40820313	1207.02539063
1291.18371582	1196.66662598
1291.95922852	1219.36462402
1292.73474121	1222.30615234
1293.51025391	1210.62634277
1294.2857666	1220.77893066
1295.0612793	1222.21716309
1295.83679199	1214.47338867
1296.61230469	1212.13757324
1297.38769531	1212.42443848
1298.16320801	1215.66809082
1298.9387207	1233.21557617
1299.7142334	1222.4453125
1300.48974609	1212.81176758
1301.26525879	1226.18615723
1302.04077148	1236.5324707
1302.81628418	1230.3079834
1303.59179688	1225.69592285
1304.36730957	1235.25073242
1305.14282227	1241.5847168
1305.91833496	1240.04296875
1306.69384766	1238.70373535
1307.46936035	1243.609375
1308.24487305	1241.87475586
1309.02038574	1236.64794922
1309.79589844	1244.96923828
1310.57141113	1248.08288574
1311.34692383	1247.89135742
1312.12243652	1246.87304688
1312.89794922	1248.59741211
1313.67346191	1248.87475586
1314.44897461	1262.40673828
1315.2244873	1253.22119141
1316	1262.70300293
1316.7755127	1275.92028809
1317.55102539	1263.72277832
1318.32653809	1262.49829102
1319.10205078	1284.9453125
1319.87756348	1279.2019043
1320.65307617	1278.14501953
1321.42858887	1290.03820801
1322.20410156	1295.48144531
1322.97961426	1296.74255371
1323.75512695	1288.16967773
1324.53063965	1283.97949219
1325.30615234	1294.08227539
1326.08166504	1304.14306641
1326.85717773	1300.97253418
1327.63269043	1304.09472656
1328.40820313	1308.52294922
1329.18371582	1313.29321289
1329.95922852	1321.89050293
1330.73474121	1318.66918945
1331.51025391	1325.85290527
1332.2857666	1324.22888184
1333.0612793	1321.49816895
1333.83679199	1330.23681641
1334.61230469	1334.0435791
1335.38769531	1346.92285156
1336.16320801	1345.25634766
1336.9387207	1346.94567871
1337.7142334	1348.22570801
1338.48974609	1341.86828613
1339.26525879	1335.05786133
1340.04077148	1345.84509277
1340.81628418	1341.25634766
1341.59179688	1349.5703125
1342.36730957	1348.57141113
1343.14282227	1351.19775391
1343.91833496	1350.95166016
1344.69384766	1360.51135254
1345.46936035	1343.4284668
1346.24487305	1344.18859863
1347.02038574	1351.63000488
1347.79589844	1349.59350586
1348.57141113	1350.24035645
1349.34692383	1337.28930664
1350.12243652	1345.26989746
1350.89794922	1348.75036621
1351.67346191	1346.25817871
1352.44897461	1335.25793457
1353.2244873	1334.24499512
1354	1331.93164063
1354.7755127	1330.43017578
1355.55102539	1339.36682129
1356.32653809	1332.40026855
1357.10205078	1327.75305176
1357.87756348	1325.75805664
1358.65307617	1316.24926758
1359.42858887	1318.2097168
1360.20410156	1308.14794922
1360.97961426	1310.49731445
1361.75512695	1319.55737305
1362.53063965	1311.09667969
1363.30615234	1302.56481934
1364.08166504	1298.84655762
1364.85717773	1295.4888916
1365.63269043	1289.38269043
1366.40820313	1302.61279297
1367.18371582	1289.10974121
1367.95922852	1301.03100586
1368.73474121	1301.39428711
1369.51025391	1292.0826416
1370.2857666	1284.90783691
1371.0612793	1276.29162598
1371.83679199	1278.06152344
1372.61230469	1284.84362793
1373.38769531	1277.72143555
1374.16320801	1268.24365234
1374.9387207	1266.30249023
1375.7142334	1268.02038574
1376.48974609	1264.3347168
1377.26525879	1268.50244141
1378.04077148	1271.40393066
1378.81628418	1266.89282227
1379.59179688	1252.17077637
1380.36730957	1257.62536621
1381.14282227	1260.7890625
1381.91833496	1262.15441895
1382.69384766	1249.66943359
1383.46936035	1252.09069824
1384.24487305	1253.71520996
1385.02038574	1246.97094727
1385.79589844	1255.96362305
1386.57141113	1266.76525879
1387.34692383	1261.53283691
1388.12243652	1251.5682373
1388.89794922	1250.46716309
1389.67346191	1242.5201416
1390.44897461	1245.03088379
1391.2244873	1246.8458252
1392	1239.09838867
1392.7755127	1239.64294434
1393.55102539	1227.83581543
1394.32653809	1233.3425293
1395.10205078	1236.97668457
1395.87756348	1235.82214355
1396.65307617	1258.36315918
1397.42858887	1232.11047363
1398.20410156	1242.43188477
1398.97961426	1237.72607422
1399.75512695	1238.98522949
1400.53063965	1232.99377441
1401.30615234	1232.90844727
1402.08166504	1244.89953613
1402.85717773	1239.25891113
1403.63269043	1235.31005859
1404.40820313	1237.109375
1405.18371582	1240.32641602
1405.95922852	1242.16833496
1406.73474121	1239.49291992
1407.51025391	1234.68652344
1408.2857666	1236.5690918
1409.0612793	1240.72521973
1409.83679199	1243.9230957
1410.61230469	1232.21203613
1411.38769531	1232.33032227
1412.16320801	1231.4934082
1412.9387207	1251.71081543
1413.7142334	1233.49584961
1414.48974609	1235.87792969
1415.26525879	1241.69836426
1416.04077148	1240.06066895
1416.81628418	1247.00610352
1417.59179688	1231.41955566
1418.36730957	1237.33349609
1419.14282227	1246.81591797
1419.91833496	1246.54638672
1420.69384766	1240.69238281
1421.46936035	1235.94482422
1422.24487305	1235.64782715
1423.02038574	1241.23449707
1423.79589844	1240.19287109
1424.57141113	1235.98254395
1425.34692383	1249.03198242
1426.12243652	1249.54370117
1426.89794922	1241.98266602
1427.67346191	1242.18664551
1428.44897461	1248.85046387
1429.2244873	1244.01074219
1430	1245.73718262
1430.7755127	1241.38439941
1431.55102539	1245.83666992
1432.32653809	1240.95043945
1433.10205078	1248.13952637
1433.87756348	1243.99902344
1434.65307617	1245.8046875
1435.42858887	1249.93115234
1436.20410156	1248.65527344
1436.97961426	1248.8260498
1437.75512695	1252.04003906
1438.53063965	1251.80688477
1439.30615234	1253.21203613
1440.08166504	1249.30297852
1440.85717773	1252.41247559
1441.63269043	1252.26525879
1442.40820313	1255.29589844
1443.18371582	1253.41955566
1443.95922852	1251.02929688
1444.73474121	1244.97827148
1445.51025391	1257.29467773
1446.2857666	1261.10009766
1447.0612793	1264.23278809
1447.83679199	1256.42553711
1448.61230469	1251.1151123
1449.38769531	1257.41271973
1450.16320801	1259.5020752
1450.9387207	1261.18469238
1451.7142334	1258.08947754
1452.48974609	1261.02929688
1453.26525879	1260.3338623
1454.04077148	1257.57202148
1454.81628418	1263.17358398
1455.59179688	1256.51635742
1456.36730957	1267.83325195
1457.14282227	1259.84692383
1457.91833496	1264.04577637
1458.69384766	1258.71264648
1459.46936035	1256.59375
1460.24487305	1260.2277832
1461.02038574	1266.59008789
1461.79589844	1271.32678223
1462.57141113	1273.00231934
1463.34692383	1272.04577637
1464.12243652	1271.70031738
1464.89794922	1270.32104492
1465.67346191	1268.45715332
1466.44897461	1274.90917969
1467.2244873	1263.72900391
1468	1271.75048828
1468.7755127	1273.4465332
1469.55102539	1270.87109375
1470.32653809	1259.92810059
1471.10205078	1263.73510742
1471.87756348	1269.84716797
1472.65307617	1268.05761719
1473.42858887	1276.22229004
1474.20410156	1282.52099609
1474.97961426	1283.24438477
1475.75512695	1272.64306641
1476.53063965	1271.5222168
1477.30615234	1274.40734863
1478.08166504	1277.79821777
1478.85717773	1276.98205566
1479.63269043	1273.20898438
1480.40820313	1277.38012695
1481.18371582	1285.37670898
1481.95922852	1277.43408203
1482.73474121	1275.16357422
1483.51025391	1275.13171387
1484.2857666	1272.75976563
1485.0612793	1281.68652344
1485.83679199	1285.38317871
1486.61230469	1277.74169922
1487.38769531	1272.12841797
1488.16320801	1278.70239258
1488.9387207	1281.21618652
1489.7142334	1274.63500977
1490.48974609	1275.15673828
1491.26525879	1279.46643066
1492.04077148	1283.89855957
1492.81628418	1280.58459473
1493.59179688	1283.453125
1494.36730957	1281.7043457
1495.14282227	1282.99414063
1495.91833496	1283.93078613
1496.69384766	1277.30053711
1497.46936035	1273.22314453
1498.24487305	1279.89672852
1499.02038574	1279.13500977
1499.79589844	1282.66455078
1500.57141113	1289.60595703
1501.34692383	1282.83752441
1502.12243652	1282.93029785
1502.89794922	1276.7557373
1503.67346191	1283.47265625
1504.44897461	1291.96984863
1505.2244873	1287.35925293
1506	1284.21960449
1506.7755127	1277.19775391
1507.55102539	1288.26843262
1508.32653809	1287.68371582
1509.10205078	1285.82263184
1509.87756348	1287.85083008
1510.65307617	1285.93579102
1511.42858887	1284.35461426
1512.20410156	1285.90905762
1512.97961426	1283.63671875
1513.75512695	1282.08056641
1514.53063965	1289.29187012
1515.30615234	1294.25683594
1516.08166504	1292.3692627
1516.85717773	1294.00683594
1517.63269043	1287.95544434
1518.40820313	1291.1763916
1519.18371582	1288.42541504
1519.95922852	1297.06665039
1520.73474121	1299.23486328
1521.51025391	1299.75024414
1522.2857666	1294.14831543
1523.0612793	1296.95288086
1523.83679199	1301.51049805
1524.61230469	1298.9498291
1525.38769531	1301.88415527
1526.16320801	1302.77770996
1526.9387207	1302.82275391
1527.7142334	1300.71411133
1528.48974609	1297.05114746
1529.26525879	1306.21789551
1530.04077148	1307.16467285
1530.81628418	1299.77172852
1531.59179688	1302.2454834
1532.36730957	1299.96069336
1533.14282227	1312.07995605
1533.91833496	1316.58630371
1534.69384766	1312.68322754
1535.46936035	1311.43652344
1536.24487305	1307.97692871
1537.02038574	1311.93994141
1537.79589844	1308.54748535
1538.57141113	1317.43591309
1539.34692383	1315.08691406
1540.12243652	1314.125
1540.89794922	1317.1282959
1541.67346191	1322.20373535
1542.44897461	1328.25610352
1543.2244873	1323.75195313
1544	1331.16564941
1544.7755127	1325.84692383
1545.55102539	1323.9630127
1546.32653809	1327.41601563
1547.10205078	1337.71411133
1547.87756348	1335.16906738
1548.65307617	1342.11157227
1549.42858887	1335.5345459
1550.20410156	1338.18347168
1550.97961426	1346.24084473
1551.75512695	1349.89416504
1552.53063965	1346.57141113
1553.30615234	1350.11706543
1554.08166504	1362.69641113
1554.85717773	1363.83483887
1555.63269043	1367.24060059
1556.40820313	1368.05749512
1557.18371582	1367.52685547
1557.95922852	1381.48583984
1558.73474121	1374.04516602
1559.51025391	1379.56018066
1560.2857666	1384.45556641
1561.0612793	1381.8614502
1561.83679199	1389.76745605
1562.61230469	1388.62976074
1563.38769531	1397.98876953
1564.16320801	1399.46350098
1564.9387207	1408.00366211
1565.7142334	1410.56591797
1566.48974609	1412.67333984
1567.26525879	1412.79174805
1568.04077148	1412.1973877
1568.81628418	1417.5123291
1569.59179688	1423.0201416
1570.36730957	1424.59924316
1571.14282227	1428.93701172
1571.91833496	1430.52075195
1572.69384766	1426.94506836
1573.46936035	1438.38684082
1574.24487305	1436.18005371
1575.02038574	1439.19543457
1575.79589844	1432.49401855
1576.57141113	1437.34338379
1577.34692383	1434.37756348
1578.12243652	1435.81396484
1578.89794922	1436.58532715
1579.67346191	1430.00024414
1580.44897461	1429.36779785
1581.2244873	1436.08605957
1582	1445.10339355
1582.7755127	1425.48608398
1583.55102539	1422.22546387
1584.32653809	1419.47546387
1585.10205078	1426.68225098
1585.87756348	1425.4798584
1586.65307617	1426.45227051
1587.42858887	1423.52575684
1588.20410156	1416.34692383
1588.97961426	1418.24230957
1589.75512695	1418.49816895
1590.53063965	1417.43005371
1591.30615234	1411.12060547
1592.08166504	1405.80578613
1592.85717773	1408.07348633
1593.63269043	1401.71594238
1594.40820313	1400.38183594
1595.18371582	1396.48681641
1595.95922852	1396.83813477
1596.73474121	1397.77368164
1597.51025391	1401.63598633
1598.2857666	1392.69384766
1599.0612793	1394.89416504
1599.83679199	1387.171875
1600.61230469	1396.02770996
1601.38769531	1389.61730957
1602.16320801	1390.24072266
1602.9387207	1390.49694824
1603.7142334	1392.52636719
1604.48974609	1383.05664063
1605.26525879	1394.07678223
1606.04077148	1392.58032227
1606.81628418	1388.61376953
1607.59179688	1380.97021484
1608.36730957	1386.56311035
1609.14282227	1389.14855957
1609.91833496	1387.5447998
1610.69384766	1383.08886719
1611.46936035	1376.98974609
1612.24487305	1383.60449219
1613.02038574	1391.81115723
1613.79589844	1386.8170166
1614.57141113	1387.0291748
1615.34692383	1385.7487793
1616.12243652	1379.12243652
1616.89794922	1381.56054688
1617.67346191	1391.54541016
1618.44897461	1384.20959473
1619.2244873	1373.49462891
1620	1369.11791992
1620.7755127	1365.31311035
1621.55102539	1371.19897461
1622.32653809	1366.15124512
1623.10205078	1366.15405273
1623.87756348	1368.14611816
1624.65307617	1370.37512207
1625.42858887	1367.40332031
1626.20410156	1364.24780273
1626.97961426	1361.93725586
1627.75512695	1357.79260254
1628.53063965	1352.20300293
1629.30615234	1356.86950684
1630.08166504	1354.4979248
1630.85717773	1367.27185059
1631.63269043	1359.7677002
1632.40820313	1346.84289551
1633.18371582	1339.68432617
1633.95922852	1337.48083496
1634.73474121	1338.18835449
1635.51025391	1342.61523438
1636.2857666	1339.21850586
1637.0612793	1339.98706055
1637.83679199	1336.66064453
1638.61230469	1333.10644531
1639.38769531	1335.34533691
1640.16320801	1339.17028809
1640.9387207	1340.1875
1641.7142334	1340.50097656
1642.48974609	1330.93029785
1643.26525879	1329.01843262
1644.04077148	1334.60668945
1644.81628418	1327.50109863
1645.59179688	1326.80810547
1646.36730957	1328.1204834
1647.14282227	1334.38085938
1647.91833496	1331.22045898
1648.69384766	1323.12316895
1649.46936035	1324.66699219
1650.24487305	1322.73669434
1651.02038574	1323.22143555
1651.79589844	1319.23999023
1652.57141113	1329.4107666
1653.34692383	1337.42407227
1654.12243652	1327.39709473
1654.89794922	1322.30529785
1655.67346191	1328.28796387
1656.44897461	1337.72705078
1657.2244873	1328.88220215
1658	1326.74694824
1658.7755127	1329.80749512
1659.55102539	1331.1517334
1660.32653809	1331.07788086
1661.10205078	1323.13012695
1661.87756348	1313.45666504
1662.65307617	1329.74731445
1663.42858887	1325.3626709
1664.20410156	1320.9798584
1664.97961426	1325.9440918
1665.75512695	1326.36181641
1666.53063965	1327.61279297
1667.30615234	1327.81311035
1668.08166504	1321.00109863
1668.85717773	1327.0769043
1669.63269043	1329.88049316
1670.40820313	1322.77587891
1671.18371582	1311.14501953
1671.95922852	1327.16650391
1672.73474121	1325.25463867
1673.51025391	1324.97131348
1674.2857666	1318.6862793
1675.0612793	1316.33435059
1675.83679199	1326.46496582
1676.61230469	1324.70031738
1677.38769531	1328.75366211
1678.16320801	1321.46020508
1678.9387207	1328.22595215
1679.7142334	1335.29882813
1680.48974609	1327.06469727
1681.26525879	1334.56665039
1682.04077148	1328.39489746
1682.81628418	1335.51904297
1683.59179688	1327.91369629
1684.36730957	1321.65039063
1685.14282227	1322.67700195
1685.91833496	1325.35046387
1686.69384766	1326.63500977
1687.46936035	1327.3371582
1688.24487305	1323.65942383
1689.02038574	1325.59204102
1689.79589844	1337.69226074
1690.57141113	1336.44567871
1691.34692383	1332.80566406
1692.12243652	1331.69165039
1692.89794922	1331.31884766
1693.67346191	1327.25952148
1694.44897461	1328.98693848
1695.2244873	1326.74853516
1696	1329.87744141
1696.7755127	1323.89379883
1697.55102539	1332.45922852
1698.32653809	1334.94909668
1699.10205078	1324.2442627
1699.87756348	1329.61779785
1700.65307617	1330.75036621
1701.42858887	1329.32202148
1702.20410156	1330.11450195
1702.97961426	1337.15795898
1703.75512695	1327.31005859
1704.53063965	1328.30126953
1705.30615234	1329.77282715
1706.08166504	1328.00024414
1706.85717773	1331.08447266
1707.63269043	1326.23913574
1708.40820313	1336.10424805
1709.18371582	1329.32226563
1709.95922852	1323.95739746
1710.73474121	1333.35546875
1711.51025391	1337.44836426
1712.2857666	1343.31445313
1713.0612793	1347.80419922
1713.83679199	1336.78564453
1714.61230469	1335.9486084
1715.38769531	1336.47216797
1716.16320801	1330.4708252
1716.9387207	1330.61328125
1717.7142334	1337.36816406
1718.48974609	1342.24633789
1719.26525879	1343.45141602
1720.04077148	1338.87658691
1720.81628418	1331.64624023
1721.59179688	1340.79492188
1722.36730957	1340.22814941
1723.14282227	1335.87609863
1723.91833496	1338.78161621
1724.69384766	1331.56652832
1725.46936035	1320.14379883
1726.24487305	1324.64221191
1727.02038574	1336.56677246
1727.79589844	1340.3182373
1728.57141113	1335.12097168
1729.34692383	1338.89978027
1730.12243652	1335.6932373
1730.89794922	1334.63269043
1731.67346191	1326.59863281
1732.44897461	1332.69604492
1733.2244873	1343.90161133
1734	1338.54003906
1734.7755127	1338.30163574
1735.55102539	1337.33813477
1736.32653809	1338.55126953
1737.10205078	1337.67004395
1737.87756348	1338.62438965
1738.65307617	1343.43774414
1739.42858887	1338.31958008
1740.20410156	1341.48034668
1740.97961426	1336.98681641
1741.75512695	1338.53686523
1742.53063965	1342.70605469
1743.30615234	1343.54772949
1744.08166504	1343.78894043
1744.85717773	1340.32727051
1745.63269043	1344.15270996
1746.40820313	1343.76965332
1747.18371582	1344.15222168
1747.95922852	1346.6373291
1748.73474121	1340.51379395
1749.51025391	1352.59960938
1750.2857666	1337.28845215
1751.0612793	1344.51733398
1751.83679199	1336.42224121
1752.61230469	1346.54296875
1753.38769531	1342.82128906
1754.16320801	1342.32055664
1754.9387207	1339.7097168
1755.7142334	1342.19287109
1756.48974609	1340.25842285
1757.26525879	1345.95458984
1758.04077148	1346.52539063
1758.81628418	1346.49499512
1759.59179688	1353.29663086
1760.36730957	1342.32531738
1761.14282227	1336.04858398
1761.91833496	1344.42456055
1762.69384766	1342.90930176
1763.46936035	1346.39355469
1764.24487305	1340.50634766
1765.02038574	1349.17602539
1765.79589844	1349.07141113
1766.57141113	1348.31323242
1767.34692383	1342.95812988
1768.12243652	1339.71313477
1768.89794922	1345.05908203
1769.67346191	1344.01367188
1770.44897461	1352.13781738
1771.2244873	1359.73925781
1772	1348.97473145
1772.7755127	1351.61486816
1773.55102539	1354.5637207
1774.32653809	1353.39770508
1775.10205078	1350.56286621
1775.87756348	1343.59680176
1776.65307617	1345.38989258
1777.42858887	1351.77355957
1778.20410156	1347.58435059
1778.97961426	1350.63684082
1779.75512695	1347.77868652
1780.53063965	1353.80627441
1781.30615234	1349.8371582
1782.08166504	1345.77563477
1782.85717773	1353.97436523
1783.63269043	1360.65942383
1784.40820313	1358.81079102
1785.18371582	1350.48815918
1785.95922852	1354.61022949
1786.73474121	1355.73852539
1787.51025391	1357.44812012
1788.2857666	1360.71813965
1789.0612793	1347.38098145
1789.83679199	1347.07922363
1790.61230469	1350.8815918
1791.38769531	1357.3548584
1792.16320801	1350.21594238
1792.9387207	1355.1829834
1793.7142334	1360.96606445
1794.48974609	1357.37414551
1795.26525879	1361.96789551
1796.04077148	1363.82788086
1796.81628418	1357.70947266
1797.59179688	1362.95385742
1798.36730957	1358.06445313
1799.14282227	1362.9855957
1799.91833496	1354.75268555
1800.69384766	1358.30627441
1801.46936035	1359.95153809
1802.24487305	1358.14709473
1803.02038574	1363.56201172
1803.79589844	1361.45214844
1804.57141113	1354.73950195
1805.34692383	1364.87280273
1806.12243652	1364.60534668
1806.89794922	1366.76940918
1807.67346191	1357.29980469
1808.44897461	1360.11779785
1809.2244873	1362.91345215
1810	1362.63757324
1810.7755127	1365.01147461
1811.55102539	1359.0435791
1812.32653809	1371.33557129
1813.10205078	1345.77111816
1813.87756348	1362.2767334
1814.65307617	1362.19580078
1815.42858887	1363.93591309
1816.20410156	1371.81030273
1816.97961426	1379.11010742
1817.75512695	1354.89233398
1818.53063965	1375.24975586
1819.30615234	1356.42883301
1820.08166504	1371.30944824
1820.85717773	1361.93798828
1821.63269043	1369.77978516
1822.40820313	1372.49865723
1823.18371582	1374.0949707
1823.95922852	1362.9675293
1824.73474121	1364.74475098
1825.51025391	1375.92089844
1826.2857666	1377.40637207
1827.0612793	1366.59558105
1827.83679199	1368.9654541
1828.61230469	1370.89099121
1829.38769531	1370.27197266
1830.16320801	1360.60876465
1830.9387207	1361.79174805
1831.7142334	1379.6796875
1832.48974609	1372.94213867
1833.26525879	1366.4510498
1834.04077148	1368.88647461
1834.81628418	1367.42907715
1835.59179688	1370.69042969
1836.36730957	1375.0045166
1837.14282227	1372.84069824
1837.91833496	1375.97668457
1838.69384766	1371.51330566
1839.46936035	1376.4029541
1840.24487305	1373.64038086
1841.02038574	1374.79785156
1841.79589844	1374.79211426
1842.57141113	1373.81933594
1843.34692383	1373.7109375
1844.12243652	1370.01403809
1844.89794922	1375.88513184
1845.67346191	1378.109375
1846.44897461	1378.11560059
1847.2244873	1370.37683105
1848	1375.9230957
1848.7755127	1383.14331055
1849.55102539	1373.82226563
1850.32653809	1382.67211914
1851.10205078	1382.73803711
1851.87756348	1375.7598877
1852.65307617	1364.29101563
1853.42858887	1364.03869629
1854.20410156	1371.30554199
1854.97961426	1376.04980469
1855.75512695	1369.30871582
1856.53063965	1373.47998047
1857.30615234	1368.82275391
1858.08166504	1377.16003418
1858.85717773	1376.68017578
1859.63269043	1379.13696289
1860.40820313	1386.87487793
1861.18371582	1385.09887695
1861.95922852	1382.2401123
1862.73474121	1385.69348145
1863.51025391	1387.9284668
1864.2857666	1386.64160156
1865.0612793	1370.46337891
1865.83679199	1386.45336914
1866.61230469	1374.06176758
1867.38769531	1383.30664063
1868.16320801	1386.43762207
1868.9387207	1386.03674316
1869.7142334	1382.22277832
1870.48974609	1385.65356445
1871.26525879	1386.9630127
1872.04077148	1381.4440918
1872.81628418	1379.31933594
1873.59179688	1380.15979004
1874.36730957	1381.3112793
1875.14282227	1379.0703125
1875.91833496	1386.16821289
1876.69384766	1383.37463379
1877.46936035	1383.58618164
1878.24487305	1382.73144531
1879.02038574	1367.35266113
1879.79589844	1378.42919922
1880.57141113	1389.47705078
1881.34692383	1388.10253906
1882.12243652	1378.72619629
1882.89794922	1379.02734375
1883.67346191	1385.86132813
1884.44897461	1383.67468262
1885.2244873	1397.34741211
1886	1385.35852051
1886.7755127	1394.10473633
1887.55102539	1382.90490723
1888.32653809	1385.54284668
1889.10205078	1382.24230957
1889.87756348	1384.76867676
1890.65307617	1387.44287109
1891.42858887	1383.42285156
1892.20410156	1387.82800293
1892.97961426	1390.30078125
1893.75512695	1381.54394531
1894.53063965	1380.77844238
1895.30615234	1388.11816406
1896.08166504	1389.74743652
1896.85717773	1383.0760498
1897.63269043	1391.81396484
1898.40820313	1390.99023438
1899.18371582	1379.49194336
1899.95922852	1386.43322754
1900.73474121	1387.28356934
1901.51025391	1378.36279297
1902.2857666	1384.20471191
1903.0612793	1390.41552734
1903.83679199	1384.63110352
1904.61230469	1384.18383789
1905.38769531	1381.92370605
1906.16320801	1386.68994141
1906.9387207	1387.79589844
1907.7142334	1383.56018066
1908.48974609	1381.9909668
1909.26525879	1371.29370117
1910.04077148	1389.82397461
1910.81628418	1383.79187012
1911.59179688	1386.98095703
1912.36730957	1383.56555176
1913.14282227	1381.03161621
1913.91833496	1373.52282715
1914.69384766	1379.5567627
1915.46936035	1389.54003906
1916.24487305	1386.73364258
1917.02038574	1383.80224609
1917.79589844	1390.87438965
1918.57141113	1394.16589355
1919.34692383	1390.65429688
1920.12243652	1385.99841309
1920.89794922	1387.36865234
1921.67346191	1393.91931152
1922.44897461	1395.48693848
1923.2244873	1388.93994141
1924	1384.65014648
1924.7755127	1380.29858398
1925.55102539	1391.74719238
1926.32653809	1383.19360352
1927.10205078	1399.93029785
1927.87756348	1387.08666992
1928.65307617	1386.26464844
1929.42858887	1392.35144043
1930.20410156	1394.59033203
1930.97961426	1395.76953125
1931.75512695	1389.00073242
1932.53063965	1385.74560547
1933.30615234	1386.48950195
1934.08166504	1392.79772949
1934.85717773	1393.62243652
1935.63269043	1395.3939209
1936.40820313	1392.66772461
1937.18371582	1398.5513916
1937.95922852	1395.58703613
1938.73474121	1397.18359375
1939.51025391	1393.77612305
1940.2857666	1395.06945801
1941.0612793	1392.31066895
1941.83679199	1404.30493164
1942.61230469	1401.67370605
1943.38769531	1388.77575684
1944.16320801	1395.96569824
1944.9387207	1392.0168457
1945.7142334	1388.95349121
1946.48974609	1402.90270996
1947.26525879	1404.58374023
1948.04077148	1400.44372559
1948.81628418	1394.42712402
1949.59179688	1403.18078613
1950.36730957	1403.05480957
1951.14282227	1393.46801758
1951.91833496	1385.23828125
1952.69384766	1408.2989502
1953.46936035	1414.96057129
1954.24487305	1406.82067871
1955.02038574	1401.42883301
1955.79589844	1402.2487793
1956.57141113	1410.41333008
1957.34692383	1400.54711914
1958.12243652	1401.03271484
1958.89794922	1406.62182617
1959.67346191	1405.63879395
1960.44897461	1408.22961426
1961.2244873	1399.09716797
1962	1416.61279297
1962.7755127	1402.66748047
1963.55102539	1409.03710938
1964.32653809	1403.86645508
1965.10205078	1403.86791992
1965.87756348	1398.70117188
1966.65307617	1408.63818359
1967.42858887	1414.31005859
1968.20410156	1403.08276367
1968.97961426	1408.87023926
1969.75512695	1405.08691406
1970.53063965	1414.15380859
1971.30615234	1410.69812012
1972.08166504	1396.50427246
1972.85717773	1406.83044434
1973.63269043	1408.07128906
1974.40820313	1416.2800293
1975.18371582	1411.24584961
1975.95922852	1411.20300293
1976.73474121	1406.04040527
1977.51025391	1413.5222168
1978.2857666	1409.09777832
1979.0612793	1414.84240723
1979.83679199	1421.20959473
1980.61230469	1424.93005371
1981.38769531	1429.26806641
1982.16320801	1419.04931641
1982.9387207	1421.07177734
1983.7142334	1424.89978027
1984.48974609	1415.16467285
1985.26525879	1413.61328125
1986.04077148	1416.35241699
1986.81628418	1421.36706543
1987.59179688	1417.51184082
1988.36730957	1425.39794922
1989.14282227	1425.35021973
1989.91833496	1424.41479492
1990.69384766	1414.26245117
1991.46936035	1417.40795898
1992.24487305	1423.10266113
1993.02038574	1424.40014648
1993.79589844	1425.49890137
1994.57141113	1422.15393066
1995.34692383	1423.09313965
1996.12243652	1424.42541504
1996.89794922	1422.57885742
1997.67346191	1420.88427734
1998.44897461	1420.78869629
1999.2244873	1415.75195313
2000	1437.98400879
