310.39730835
327.37713623
337.100952148
343.13873291
344.012756348
346.007385254
351.585845947
341.641296387
326.875976563
345.254730225
368.857452393
366.206115723
359.958618164
350.777648926
319.411743164
349.253631592
328.126556396
362.035339355
356.911834717
344.111541748
340.813781738
338.55255127
336.492523193
367.220550537
355.570159912
368.38772583
368.480224609
350.132324219
335.79385376
343.68637085
356.131866455
352.206542969
347.661132813
343.263916016
355.690704346
354.879058838
352.099029541
371.963165283
347.127227783
341.453552246
339.39364624
328.544189453
337.58203125
354.185333252
355.281585693
342.832427979
349.221160889
343.121612549
351.129577637
357.942138672
357.857055664
361.021453857
364.350982666
354.60836792
363.995117188
379.946044922
357.135498047
352.43536377
350.607940674
346.555999756
347.678070068
352.269805908
334.007171631
354.779266357
363.429901123
370.108398438
361.121795654
358.549560547
365.504882813
351.573760986
351.659942627
338.500549316
337.193878174
339.039672852
348.94519043
350.255950928
338.991760254
336.836517334
342.881744385
346.612548828
323.648834229
330.962493896
344.726318359
357.24786377
367.478485107
367.864013672
360.317718506
347.391571045
343.246398926
333.517547607
338.004058838
340.339691162
340.780303955
355.297332764
355.616241455
357.154510498
346.118621826
350.06854248
345.202392578
341.814575195
339.449127197
329.675415039
328.260772705
326.066986084
335.807342529
336.584259033
333.647216797
327.702362061
326.301971436
329.187683105
323.063140869
328.541229248
332.062255859
308.465911865
325.909881592
320.984466553
309.465026855
317.121917725
317.879180908
310.35055542
295.155792236
325.33605957
315.995239258
305.005889893
306.821685791
308.612121582
301.445068359
302.285827637
311.320526123
328.132293701
307.82220459
297.33404541
304.530517578
306.649047852
303.704406738
318.722412109
299.245910645
293.512207031
289.786407471
287.114471436
290.793823242
291.089782715
287.33380127
294.577667236
317.48425293
295.364074707
290.224578857
285.55670166
279.48348999
276.230621338
275.045715332
272.998016357
270.243225098
269.90057373
284.511077881
293.118743896
285.534942627
273.001464844
268.194763184
273.400909424
282.042724609
287.799133301
289.432617188
272.817321777
272.377929688
267.70135498
275.600891113
277.855316162
270.00491333
272.520263672
285.069671631
283.521606445
266.886016846
277.442047119
270.479675293
257.558013916
267.66897583
284.855316162
275.339691162
283.0809021
273.097503662
282.600524902
263.835449219
266.1902771
262.443206787
253.851211548
258.023681641
265.764068604
256.493011475
253.162841797
256.801300049
254.201812744
260.454650879
250.476837158
245.156845093
257.676971436
257.21295166
261.909332275
264.131164551
262.357177734
258.157470703
256.75
259.68548584
257.504638672
254.909591675
267.669281006
270.401245117
265.95425415
266.174316406
255.362091064
245.521759033
243.169723511
244.557235718
250.02822876
260.263641357
254.592926025
261.045806885
257.145782471
247.444793701
233.510559082
235.29586792
246.505737305
248.407196045
239.856048584
237.607910156
215.117553711
228.546386719
232.978057861
249.374710083
244.454269409
237.3722229
239.277267456
239.72454834
247.012145996
238.644485474
227.02696228
218.075775146
211.131134033
232.095657349
238.364547729
232.868804932
237.253265381
228.713287354
211.179138184
233.31262207
208.126846313
230.15737915
241.250686646
229.999649048
221.735870361
223.446395874
221.303909302
224.766494751
222.98828125
222.093231201
217.188613892
222.796569824
235.671844482
226.527908325
212.527603149
218.741256714
224.948120117
234.09916687
248.206726074
231.308670044
228.5
227.025085449
231.351730347
228.337905884
216.577774048
213.646697998
223.526168823
233.228317261
239.055419922
213.413803101
221.440353394
226.5
225.849212646
227.237731934
224.29800415
212.855117798
215.972229004
215.944366455
232.767547607
217.556625366
208.743499756
222.894927979
229.232910156
215.987213135
206.545608521
215.802108765
215.268554688
217.737747192
200.508773804
218.396392822
220.374801636
214.544143677
208.909912109
206.64263916
207.469924927
207.272949219
204.155639648
203.256988525
199.674438477
195.673080444
198.403533936
203.722381592
213.562850952
216.83102417
205.352767944
196.746749878
211.73765564
220.409103394
191.850662231
200.807449341
201.809570313
201.911209106
199.316116333
202.318756104
204.337509155
190.99029541
193.140792847
176.133590698
204.333648682
194.78527832
196.444366455
196.101776123
201.425384521
205.575759888
200.509719849
194.188995361
196.756317139
211.708618164
192.922332764
188.135101318
174.542694092
174.160736084
175.286987305
179.499694824
180.207000732
175.862487793
185.634307861
193.380905151
189.765182495
190.652359009
195.589920044
185.52772522
171.583892822
177.255950928
197.498565674
198.150772095
176.918502808
186.953399658
180.947814941
158.103240967
188.507553101
182.933914185
172.999343872
167.275222778
163.057876587
168.58883667
179.867294312
174.845291138
162.363052368
137.295593262
179.506454468
167.491195679
178.628860474
165.580230713
145.225402832
153.944671631
161.306045532
142.0574646
148.034210205
161.901168823
160.806228638
136.954833984
140.522766113
133.498733521
127.127929688
139.306137085
140.395095825
133.420059204
135.498031616
119.21975708
126.559989929
145.694747925
137.736862183
139.88861084
141.051177979
140.444244385
146.668441772
146.167358398
134.134338379
126.754241943
127.895393372
118.533668518
129.070907593
120.650726318
112.439674377
118.899177551
125.646446228
116.843475342
123.690742493
133.034606934
130.813186646
141.420639038
120.861724854
131.950927734
110.259185791
116.2004776
126.634010315
114.851226807
130.497207642
131.76725769
123.097846985
124.222389221
114.65436554
107.992523193
123.081588745
129.480941772
116.966545105
94.121963501
114.036613464
120.792678833
121.588356018
127.313049316
120.772819519
108.517059326
120.865371704
123.933097839
118.954811096
122.615211487
127.377868652
113.856864929
121.11050415
131.14831543
126.915077209
124.720123291
130.493728638
130.599609375
129.682388306
135.549530029
123.044128418
124.189117432
126.201789856
132.965026855
118.788497925
122.981536865
105.802696228
97.4203186035
118.299369812
127.110473633
127.022109985
138.830825806
144.160736084
123.757598877
133.210906982
135.933349609
135.896102905
123.234947205
122.267730713
124.756156921
122.671257019
125.596191406
128.135452271
132.216033936
131.731277466
127.141738892
164.008834839
142.374954224
130.227615356
131.24432373
122.76663208
130.003158569
137.705276489
130.418441772
136.911895752
132.640380859
149.91242981
141.309783936
149.139358521
127.666610718
131.245986938
145.912750244
148.139144897
145.867172241
145.411178589
152.468383789
160.055755615
153.067001343
166.437774658
141.437316895
152.271789551
152.951339722
143.306533813
144.799453735
155.709640503
156.355392456
152.213394165
143.456741333
147.069030762
162.763183594
144.504653931
151.511077881
146.989578247
155.758972168
153.979995728
141.024612427
160.207595825
165.41293335
160.111572266
156.091842651
158.185821533
163.252380371
163.990997314
162.454681396
163.236694336
145.906463623
148.216552734
147.339141846
160.193954468
172.266067505
155.34765625
145.486526489
151.573623657
164.763824463
171.559631348
165.513626099
162.777160645
174.458374023
172.839233398
171.096511841
163.695129395
163.685897827
151.788467407
165.235122681
179.63494873
180.677597046
174.204238892
171.331604004
170.953292847
166.600006104
163.80380249
165.876174927
176.340087891
164.270339966
173.288711548
192.565093994
173.074264526
153.60194397
172.073379517
180.951950073
171.667984009
172.219390869
183.385391235
188.385894775
188.092590332
180.505233765
179.129577637
200.496963501
193.524917603
191.495391846
189.868209839
179.247497559
165.833435059
175.381591797
192.11529541
194.803588867
190.284362793
191.090042114
197.899703979
207.799606323
204.178710938
191.229537964
181.199829102
182.750488281
205.550643921
203.724441528
204.922439575
203.113967896
199.081237793
196.899215698
204.901916504
205.285797119
186.176040649
195.645233154
196.93208313
204.857940674
178.624710083
191.206192017
200.972381592
205.077102661
190.545028687
194.525756836
203.715011597
202.822479248
196.172210693
206.243682861
218.42477417
209.138259888
222.340377808
218.71647644
203.490814209
227.895889282
207.316665649
200.262802124
214.511322021
214.913879395
204.147171021
199.75
201.861663818
203.5
213.50692749
230.119400024
227.411575317
211.277206421
219.354553223
206.301040649
232.866043091
226.075683594
218.127105713
223.3253479
227.849182129
212.910171509
203.376052856
207.302505493
213.739578247
214.297821045
217.174102783
226.217315674
227.252960205
220.161102295
224.579299927
221.688186646
230.676055908
193.865859985
220.032485962
215.047012329
204.716796875
204.368133545
213.233520508
224.181625366
235.553543091
232.560699463
215.379806519
208.660522461
217.284500122
223.596664429
229.104995728
219.922317505
236.701766968
215.025787354
225.618286133
236.865722656
224.661697388
216.729614258
241.665863037
246.475311279
244.611968994
239.749359131
235.129684448
237.583908081
243.141540527
243.523696899
242.017089844
255.880844116
260.330718994
242.341171265
233.086608887
235.679382324
241.712402344
252.358856201
232.908401489
246.976821899
246.082946777
254.14994812
258.442932129
257.140228271
258.195861816
258.69430542
260.709503174
264.659606934
263.010314941
261.646911621
259.648345947
262.670715332
246.606079102
278.239929199
272.454986572
268.548370361
269.397003174
280.708221436
278.812835693
297.997161865
295.279388428
279.515167236
275.958465576
276.436126709
278.464477539
288.73928833
297.15914917
288.710876465
307.04296875
288.014282227
265.726043701
280.858917236
269.963165283
285.629669189
295.876190186
289.876708984
307.240325928
311.793945313
316.126617432
311.627838135
301.197479248
308.495025635
317.73638916
310.026977539
304.337127686
304.474273682
316.793945313
332.156768799
346.078460693
325.200500488
301.417602539
321.12411499
302.713867188
319.613647461
319.318450928
313.008239746
300.990386963
315.003540039
309.602111816
308.934570313
328.370391846
339.210845947
329.648651123
333.091674805
356.782440186
345.646484375
334.789245605
336.123291016
335.434417725
351.23348999
325.311798096
338.391876221
321.123413086
323.926849365
340.496002197
345.711273193
348.828796387
346.816162109
325.246154785
327.981689453
339.419342041
345.890960693
348.81640625
348.951660156
354.761962891
359.697906494
355.222381592
340.750427246
351.776519775
352.628967285
362.538970947
338.081787109
368.103942871
357.790802002
347.733001709
349.759674072
360.440673828
355.039367676
370.195648193
374.365844727
368.476623535
370.638916016
376.19519043
372.191650391
372.960357666
378.514953613
375.001159668
371.184448242
367.219970703
372.247039795
378.699432373
375.700775146
359.651123047
390.251251221
375.116119385
403.116912842
392.405761719
389.045135498
385.742858887
397.705657959
414.862457275
403.755493164
406.906585693
405.05859375
389.679107666
399.213623047
396.422332764
386.125671387
394.503173828
403.748199463
414.26663208
408.931488037
384.545196533
393.663299561
403.572113037
409.506774902
405.355651855
385.945007324
399.458221436
404.006195068
405.92956543
433.958740234
447.767364502
430.809448242
418.007385254
415.557617188
438.547821045
443.019714355
425.231170654
420.293334961
423.078735352
418.774993896
422.774658203
434.232055664
430.882293701
423.340179443
420.221221924
411.827453613
428.639160156
445.108917236
431.288024902
433.170654297
452.492736816
428.705963135
455.39553833
424.893463135
420.074371338
443.25012207
456.825500488
462.385467529
456.253479004
472.774505615
443.986907959
441.985015869
440.718170166
447.17578125
446.820129395
455.753631592
427.645355225
422.876068115
441.273681641
452.105041504
444.49420166
427.14541626
442.253845215
434.741760254
438.295318604
425.156829834
412.224853516
418.26449585
414.90423584
444.644683838
390.380157471
413.633911133
415.490478516
406.530853271
402.407287598
401.784179688
399.72869873
389.746002197
393.266387939
396.464263916
378.846710205
409.818328857
409.888092041
391.830078125
397.898345947
400.645965576
396.930725098
388.49230957
393.808441162
400.156524658
404.054901123
406.023010254
388.569824219
384.345977783
385.434570313
369.469512939
381.833435059
372.319793701
372.656066895
384.601287842
366.074768066
380.822814941
378.453063965
365.852142334
341.37588501
367.855712891
362.997497559
352.554382324
363.360107422
378.676330566
354.440979004
353.838653564
363.227416992
348.051574707
348.686187744
367.899871826
357.962524414
357.248809814
360.67767334
373.381896973
367.901184082
359.310913086
350.828796387
358.151794434
350.61529541
354.396209717
366.115692139
353.949493408
352.835357666
355.177398682
353.709564209
346.064117432
354.181213379
357.012695313
349.415527344
350.019897461
358.557861328
366.964904785
349.898376465
369.379943848
345.853179932
361.180755615
379.980041504
370.817352295
371.21987915
346.868774414
361.525177002
356.938690186
345.710754395
361.504241943
361.882049561
358.480316162
357.787628174
377.398132324
363.587219238
380.048706055
368.574310303
366.03036499
359.444549561
362.431121826
373.980194092
372.501586914
376.648529053
380.134490967
369.335296631
373.296813965
387.040466309
396.306335449
384.686065674
382.854614258
380.817810059
370.580993652
384.633056641
390.687957764
389.393280029
386.779968262
393.162109375
404.91784668
386.947692871
391.917602539
387.674468994
398.921722412
404.018493652
399.210266113
407.723815918
416.419403076
417.567657471
399.144256592
416.928588867
416.279510498
413.356719971
401.606323242
399.741668701
424.27142334
429.365936279
431.254699707
446.910919189
453.393737793
437.941986084
421.903137207
453.004852295
459.727661133
450.498809814
458.722808838
461.597717285
457.800842285
461.782989502
467.010803223
474.690246582
536.20904541
498.958679199
482.485809326
472.459991455
497.773071289
480.379302979
486.116271973
493.315979004
509.595489502
515.885375977
513.733337402
512.077392578
512.928466797
524.335632324
522.869140625
529.21295166
537.646850586
552.22644043
543.355407715
538.967102051
532.972229004
539.25402832
558.798095703
556.616577148
559.526855469
558.338378906
566.766235352
581.143310547
585.101135254
587.466064453
586.281677246
593.075500488
592.94720459
596.160095215
608.495117188
608.297302246
613.411071777
622.631286621
614.140991211
619.332519531
629.14440918
628.583679199
633.362731934
640.862548828
644.011108398
647.34362793
654.014160156
657.924621582
663.123901367
667.362854004
701.674316406
669.276672363
676.22479248
680.007385254
686.160461426
690.246154785
706.160766602
693.346191406
697.189453125
697.604553223
699.084960938
706.061584473
719.586914063
718.117553711
736.926086426
729.272399902
725.506652832
722.306396484
724.984130859
740.008972168
746.783569336
749.481384277
748.346313477
757.483947754
763.608398438
771.529724121
763.570800781
767.374938965
760.267700195
784.923950195
784.301025391
767.568725586
760.802612305
769.830749512
774.924560547
780.407531738
760.53918457
776.954162598
771.569885254
760.170349121
782.938171387
780.17364502
776.899841309
795.895080566
805.549072266
794.725036621
800.380554199
793.711425781
795.338317871
807.959655762
773.174743652
803.944824219
814.520263672
818.614624023
811.054260254
818.858764648
824.768310547
810.034301758
822.535888672
837.008361816
835.175720215
832.754089355
824.29864502
825.071594238
834.388244629
838.789123535
826.165405273
851.871826172
841.016906738
830.218322754
841.554870605
849.818786621
837.569824219
845.836181641
862.807922363
877.357543945
880.344604492
874.246032715
869.832519531
853.742004395
872.648376465
885.067565918
887.270812988
892.139038086
915.967895508
874.477966309
923.117919922
884.186401367
898.718078613
913.874633789
915.846130371
933.609802246
924.350646973
919.06652832
919.681640625
947.957763672
944.818786621
926.299682617
921.401977539
936.34753418
945.897094727
932.030212402
939.327514648
944.786254883
954.617919922
951.75958252
948.151733398
969.961181641
970.283752441
970.686523438
979.9375
979.075317383
987.180725098
992.100891113
995.683959961
999.142028809
1008.67718506
1013.33422852
1031.95898438
1046.11914063
1024.95263672
1015.78314209
1022.37347412
1023.41534424
1024.36340332
1032.13037109
1067.21508789
1051.56494141
1049.15563965
1063.4921875
1084.95117188
1085.51940918
1063.75524902
1071.67346191
1076.49255371
1096.09545898
1112.50195313
1104.83813477
1086.02697754
1105.82666016
1096.03637695
1119.40234375
1095.40002441
1069.00512695
1116.54675293
1112.70935059
1124.50256348
1117.74414063
1144.58361816
1150.69421387
1151.05334473
1156.43847656
1154.84082031
1145.58618164
1166.74035645
1160.70812988
1189.75830078
1186.61706543
1198.77282715
1210.92053223
1194.44006348
1195.32946777
1189.9798584
1196.53161621
1227.17321777
1230.04931641
1234.72875977
1236.87011719
1250.89440918
1246.67224121
1256.37609863
1280.68908691
1284.68334961
1289.75036621
1311.97290039
1316.17504883
1294.75817871
1291.90905762
1307.13110352
1324.27258301
1340.21032715
1325.2800293
1314.12756348
1338.43469238
1362.26220703
1358.9642334
1351.97412109
1349.26379395
1356.03613281
1362.69311523
1376.32836914
1391.67749023
1393.40869141
1394.21008301
1395.77490234
1404.44213867
1414.09667969
1413.38171387
1419.14953613
1421.04760742
1414.80944824
1430.14599609
1430.85766602
1414.1739502
1426.22973633
1428.19177246
1420.96069336
1444.46142578
1456.62316895
1457.90698242
1468.1965332
1472.13366699
1469.87438965
1449.8885498
1448.39111328
1465.08251953
1473.31542969
1464.25646973
1465.10412598
1471.13806152
1470.23474121
1476.63745117
1470.05847168
1477.62463379
1504.57946777
1516.02050781
1519.24963379
1508.48132324
1484.96813965
1513.01196289
1534.13891602
1512.70288086
1499.36938477
1520.48999023
1531.3692627
1518.015625
1523.73498535
1555.80480957
1561.50683594
1553.63476563
1563.5559082
1582.90942383
1602.90478516
1582.58862305
1568.69836426
1574.16381836
1595.38256836
1603.66564941
1597.55297852
1598.43359375
1609.27087402
1639.33972168
1631.03466797
1652.88269043
1661.06811523
1636.49255371
1654.67541504
1657.26245117
1646.9855957
1667.06811523
1685.37365723
1676.85534668
1693.49621582
1705.91711426
1699.66918945
1719.41027832
1739.50976563
1733.07946777
1743.22558594
1748.95373535
1769.77661133
1763.05932617
1752.87097168
1768.64929199
1782.23718262
1786.41271973
1777.40014648
1807.82177734
1825.31115723
1833.55981445
1850.61743164
1851.77880859
1845.0670166
1850.40209961
1862.23779297
1853.90112305
1876.89013672
1879.45031738
1882.26989746
1885.98925781
1910.91918945
1919.12036133
1923.58703613
1939.42687988
1972.24060059
1993.06030273
1988.52246094
2004.5065918
1976.74951172
1998.7043457
2012.19885254
2021.46044922
2034.3659668
2062.12768555
2076.56542969
2098.29541016
2095.69897461
2110.26318359
2126.70483398
2120.28735352
2133.0390625
2165.55566406
2178.1340332
2197.33764648
2208.65014648
2228.4206543
2241.33105469
2235.94702148
2273.37109375
2281.34375
2294.48681641
2314.0144043
2312.87695313
2335.69506836
2335.89526367
2328.53833008
2400.98681641
2426.6262207
2444.98876953
2404.33374023
2419.21679688
2450.41845703
2510.47460938
2484.77832031
2547.94750977
2542.29467773
2560.4465332
2615.36352539
2611.59936523
2657.85131836
2604.32104492
2647.50292969
2673.42773438
2682.82543945
2735.30688477
2735.26977539
2746.26171875
2749.70385742
2814.38354492
2827.01489258
2831.56884766
2855.76489258
2866.86132813
2906.6574707
2956.18798828
2964.36474609
3004.45288086
3048.95361328
3047.42041016
3087.31420898
3104.2421875
3146.71777344
3174.76318359
3189.11352539
3219.89794922
3238.25927734
3286.72802734
3330.37109375
3362.4934082
3389.20239258
3413.82006836
3466.03857422
3483.60424805
3486.55615234
3515.33398438
3591.64306641
3616.42114258
3674.20092773
3702.84423828
3691.80200195
3767.07495117
3794.60107422
3794.85522461
3888.96411133
3918.91674805
3997.07080078
3994.19189453
4027.44921875
4112.05029297
4124.23339844
4131.22705078
4187.09960938
4241.6796875
4266.60302734
4323.80859375
4361.15332031
4416.49169922
4463.31689453
4499.22949219
4543.55322266
4540.79589844
4602.15966797
4642.06005859
4683.63427734
4704.41845703
4747.0078125
4796.31982422
4837.09033203
4887.47509766
4894.83935547
4966.68652344
4983.41845703
4972.87060547
5046.55419922
5080.24511719
5079.70117188
5086.15869141
5081.51416016
5140.16162109
5157.36376953
5161.66455078
5194.49658203
5232.84912109
5258.65429688
5223.41162109
5272.0859375
5243.89208984
5242.48291016
5274.11279297
5258.73730469
5302.06835938
5303.02832031
5248.35986328
5237.078125
5300.35058594
5226.24853516
5262.05224609
5218.36914063
5194.40234375
5166.43603516
5139.23242188
5156.65234375
5153.0234375
5087.59912109
5131.99707031
5089.09667969
5064.02539063
5052.98828125
5004.28027344
4989.74658203
4936.16992188
4920.25683594
4907.94775391
4841.08691406
4804.40136719
4792.27001953
4753.38134766
4716.99853516
4675.43652344
4663.18945313
4629.57910156
4550.28173828
4514.28271484
4506.17138672
4410.02246094
4394.49755859
4368.58007813
4331.39599609
4337.66064453
4248.52294922
4227.60498047
4217.49414063
4148.64892578
4145.140625
4087.96264648
4046.3425293
3981.83325195
3939.21557617
3962.84082031
3916.88427734
3868.67285156
3889.13305664
3825.92236328
3760.27758789
3696.06347656
3669.89672852
3649.12207031
3656.38598633
3643.65185547
3588.0793457
3539.01855469
3507.59814453
3485.88305664
3446.78417969
3427.9831543
3394.00292969
3407.96679688
3394.26782227
3329.62109375
3318.45800781
3290.5390625
3318.36010742
3234.66821289
3228.19018555
3199.75463867
3183.81567383
3152.89868164
3141.6171875
3104.54614258
3115.82592773
3089.57568359
3040.16870117
3027.21386719
3031.15649414
3036.8581543
2987.7565918
2955.26904297
2952.26000977
2929.74853516
2893.76220703
2907.71557617
2893.85449219
2896.12744141
2877.73388672
2851.55078125
2797.42382813
2838.40258789
2841.64404297
2801.50708008
2769.11132813
2778.37646484
2770.77807617
2733.34887695
2740.63745117
2732.390625
2719.36279297
2711.16943359
2713.71069336
2704.24365234
2702.29125977
2666.98022461
2625.95800781
2629.57055664
2625.33105469
2639.30224609
2626.57641602
2626.10913086
2594.49584961
2607.85302734
2589.55615234
2590.57983398
2582.62915039
2601.68505859
2587.45703125
2592.39550781
2589.26635742
2588.16748047
2560.43920898
2555.25170898
2549.62719727
2513.43725586
2528.36547852
2515.80322266
2515.29541016
2553.37426758
2536.01391602
2551.75732422
2495.9362793
2451.23901367
2487.65429688
2490.90844727
2498.70263672
2473.74316406
2501.71411133
2497.9699707
2466.38208008
2503.18725586
2507.28149414
2493.70532227
2498.44262695
2484.64355469
2482.33911133
2487.25952148
2482.80151367
2478.90576172
2502.77636719
2479.63842773
2486.92651367
2487.73950195
2480.28686523
2460.00488281
2480.59375
2480.18896484
2468.58374023
2455.98242188
2463.37670898
2451.60668945
2457.86791992
2447.94360352
2444.40307617
2453.30297852
2442.68896484
2474.53320313
2499.8659668
2456.44042969
2459.640625
2473.4519043
2468.60839844
2431.24414063
2488.60961914
2464.15673828
2498.74267578
2476.03710938
2456.90576172
2476.56542969
2459.88891602
2438.47290039
2445.69750977
2452.06665039
2450.54833984
2472.83349609
2462.29248047
2492.08642578
2503.86352539
2472.18774414
2468.81225586
2473.56811523
2497.90722656
2459.30908203
2477.96191406
2476.46459961
2471.66894531
2471.63208008
2486.31787109
2499.42919922
2526.50537109
2529.1081543
2518.9597168
2528.62573242
2509.49316406
2503.05761719
2509.1496582
2525.20825195
2518.55273438
2521.38793945
2520.76831055
2546.74951172
2552.82885742
2548.3293457
2563.03173828
2535.97119141
2560.20947266
2544.33862305
2543.93457031
2554.78393555
2580.48242188
2606.88085938
2593.93945313
2595.87866211
2635.25634766
2626.13037109
2635.08081055
2642.14111328
2614.85302734
2645.06933594
2679.62011719
2673.97460938
2681.5246582
2700.30419922
2697.63183594
2714.11791992
2711.47143555
2742.60595703
2763.46630859
2740.68896484
2777.57397461
2801.03466797
2798.72485352
2821.21264648
2825.390625
2867.77148438
2886.77539063
2887.9362793
2898.00292969
2914.66308594
2934.55810547
2963.26635742
2982.99487305
2989.15185547
2998.31396484
3022.36865234
3064.50097656
3096.21044922
3089.68408203
3105.94824219
3169.1171875
3182.8762207
3182.05712891
3243.63598633
3254.2109375
3306.17138672
3349.77661133
3385.81616211
3404.33203125
3464.75634766
3514.32104492
3519.49243164
3529.20605469
3535.12866211
3601.3659668
3610.97949219
3660.97802734
3667.48217773
3715.87475586
3752.26269531
3771.83081055
3804.84863281
3853.01269531
3878.28491211
3939.84277344
3983.94458008
4043.79077148
4086.20825195
4132.61669922
4117.67871094
4167.11279297
4244.97412109
4266.62695313
4309.44873047
4350.92138672
4408.30371094
4440.30126953
4489.12451172
4510.54931641
4551.79882813
4565.04345703
4625.68017578
4649.65380859
4704.640625
4704.74658203
4749.61962891
4809.94580078
4765.25830078
4862.81005859
4867.18945313
4871.35205078
4902.06445313
4920.27929688
4947.82519531
4970.84082031
4984.10302734
5011.60986328
5003.62158203
5027.61914063
5013.46484375
5005.25097656
4982.22753906
4966.70068359
5017.93701172
5009.34472656
4967.19433594
4971.61230469
4979.04150391
4950.45507813
4938.09277344
4905.34960938
4884.15673828
4851.62109375
4806.05273438
4778.67919922
4733.94335938
4705.53320313
4631.609375
4604.67871094
4596.29882813
4533.76513672
4488.54052734
4423.98486328
4399.35644531
4350.73925781
4277.15917969
4198.25244141
4153.07080078
4088.48144531
4031.51196289
3989.4050293
3923.57714844
3844.53637695
3767.65136719
3720.81298828
3667.63818359
3532.63671875
3516.04150391
3467.98168945
3373.87011719
3316.38037109
3240.87695313
3185.15820313
3122.61376953
3079.59106445
3021.88110352
2944.66064453
2883.75170898
2834.06616211
2758.87304688
2740.48046875
2704.41088867
2632.66259766
2581.86328125
2521.828125
2464.35766602
2422.72412109
2365.76513672
2301.12646484
2273.50195313
2243.08129883
2187.99902344
2140.00024414
2102.87036133
2057.29907227
2039.90698242
2011.98754883
1926.36523438
1904.71447754
1869.21655273
1831.66113281
1800.52099609
1765.66259766
1725.34851074
1682.77758789
1656.46313477
1631.76867676
1604.28369141
1553.56079102
1519.41516113
1532.51147461
1474.92651367
1424.68383789
1405.96740723
1405.42321777
1379.01074219
1330.98571777
1302.60266113
1273.90844727
1260.28161621
1219.2824707
1209.4050293
1178.08898926
1165.16638184
1141.28210449
1135.12487793
1118.4317627
1067.45703125
1075.86669922
1042.58935547
999.38885498
999.15826416
985.61138916
969.275878906
945.637695313
950.855407715
943.803039551
917.658569336
930.110595703
905.098815918
874.372741699
869.387023926
847.88269043
836.537353516
823.709838867
813.631347656
811.202697754
798.713439941
780.716064453
773.046386719
781.139526367
764.024719238
763.307983398
723.703125
726.952575684
722.864929199
720.868774414
694.812316895
693.62121582
696.980041504
688.350280762
680.494262695
681.047729492
662.478088379
648.212036133
644.665344238
637.715515137
647.733581543
633.359436035
616.430236816
633.20489502
618.520812988
612.897338867
604.703552246
609.616088867
610.483398438
603.352416992
592.308349609
575.610717773
577.316650391
593.681884766
561.874206543
563.322143555
548.29296875
546.978393555
559.408325195
559.485351563
545.538269043
532.627929688
549.73260498
530.432617188
531.207763672
515.570129395
508.564147949
512.611083984
503.58380127
513.638977051
498.04006958
497.208557129
495.586181641
499.196624756
478.728607178
477.342681885
497.551696777
483.611480713
483.975463867
495.675842285
497.024047852
480.721405029
470.188781738
456.525878906
452.30947876
465.403961182
455.2394104
474.968780518
459.717376709
439.962738037
469.438964844
471.036895752
467.41104126
451.259033203
458.833282471
447.703796387
442.736450195
442.622955322
449.487091064
447.428253174
446.120666504
474.753540039
427.350006104
452.306549072
454.516143799
435.722259521
435.690185547
443.459442139
436.326263428
441.231079102
438.719360352
454.939910889
441.778137207
446.822052002
410.347045898
437.564117432
428.409179688
435.298309326
429.020904541
417.316345215
411.35635376
423.746459961
439.683288574
415.716430664
410.695861816
412.123962402
427.928955078
409.660186768
427.101837158
420.940948486
412.911621094
409.815338135
424.005340576
420.567230225
410.316101074
429.047729492
402.654418945
414.923553467
413.129638672
415.769500732
406.785552979
409.67489624
409.372924805
418.712524414
417.640991211
413.214569092
400.269287109
419.01675415
420.117706299
410.593719482
406.540710449
410.783081055
416.98046875
416.324005127
398.309326172
405.904541016
412.528442383
391.606262207
405.724395752
387.987609863
391.425292969
399.457336426
400.346405029
396.523254395
399.52935791
412.379180908
419.773529053
391.412414551
413.642211914
393.766601563
400.034362793
412.297943115
403.061279297
396.693145752
404.813018799
409.149841309
400.161315918
403.454772949
415.286804199
404.86151123
408.999908447
403.240203857
395.808502197
390.977905273
386.914428711
394.423828125
399.981445313
396.5027771
375.734130859
382.586334229
385.631896973
392.67010498
396.126312256
392.008972168
404.601806641
400.86605835
388.618164063
394.205078125
380.337982178
392.36907959
402.78012085
403.024627686
386.310424805
390.552215576
404.077331543
400.637054443
402.005554199
392.792175293
392.880889893
411.873657227
387.234741211
398.584228516
387.821105957
398.15234375
391.73236084
409.322570801
390.817169189
390.984527588
387.958770752
391.713317871
393.602111816
397.26373291
385.881958008
389.660339355
394.327728271
398.037414551
396.22958374
402.325592041
392.589599609
389.577392578
397.995910645
392.920593262
394.969207764
400.801483154
388.364654541
390.326049805
396.467163086
394.739257813
386.955444336
393.865081787
376.842071533
400.794219971
399.731292725
391.583068848
389.944152832
377.598510742
393.121246338
394.668060303
385.013153076
394.01663208
392.840454102
396.232757568
416.365661621
397.552215576
384.692352295
406.820098877
377.79083252
388.9949646
396.337432861
381.231292725
384.782897949
406.528564453
395.234344482
393.872772217
390.590576172
402.147979736
390.546600342
382.520111084
388.260406494
390.872955322
388.547180176
394.855834961
408.200927734
390.076660156
402.063873291
398.394592285
395.971099854
387.420898438
383.204925537
394.45715332
396.080688477
391.312316895
384.729736328
382.816131592
376.707183838
380.742553711
385.417114258
390.942169189
399.882110596
396.600860596
389.868804932
389.003356934
382.499328613
384.21105957
391.679046631
391.977355957
386.498504639
392.794799805
404.974578857
387.866088867
391.833557129
377.812286377
372.556488037
393.329528809
392.271331787
399.94418335
398.047210693
375.745391846
372.625610352
391.776885986
400.471008301
402.176452637
400.850891113
396.7762146
397.387084961
382.988372803
374.38671875
388.944915771
398.619720459
390.383270264
382.099243164
378.641479492
384.378051758
388.671875
386.140075684
385.817810059
403.990112305
384.234527588
391.166259766
381.694793701
390.117553711
378.392852783
394.555450439
399.458282471
382.890380859
389.526123047
389.847412109
387.811920166
384.42956543
395.617279053
387.276702881
401.189788818
376.570831299
377.938293457
382.268890381
400.495239258
396.324249268
399.558776855
396.281433105
401.205932617
372.425842285
386.860992432
381.528411865
396.489959717
393.123046875
393.224731445
389.363555908
380.676727295
384.323394775
396.287109375
397.440338135
390.981719971
399.761077881
383.367095947
394.461181641
383.765258789
397.447692871
403.219451904
387.383361816
384.145294189
384.041351318
405.006011963
396.13760376
394.496917725
401.103546143
395.440216064
409.575958252
403.757507324
393.059387207
400.499755859
396.345672607
395.705688477
383.036376953
397.169250488
395.349975586
400.773162842
390.019927979
392.362762451
399.264892578
403.29574585
393.012176514
394.065856934
392.047943115
392.971679688
390.810089111
389.958343506
379.140594482
385.789916992
402.208404541
403.624847412
397.889038086
409.441680908
410.416778564
395.081542969
406.492431641
398.596588135
403.425933838
400.693267822
392.913208008
384.275299072
396.795959473
409.500762939
505.95690918
679.40057373
427.399993896
411.49798584
394.472686768
407.045471191
416.169403076
404.991821289
402.253601074
411.329040527
414.536987305
417.153961182
407.118927002
400.053039551
412.458374023
408.680084229
402.241455078
404.574157715
399.333251953
