100	192.212875366
102.558631897	197.83706665
105.117271423	200.433547974
107.67590332	205.57749939
110.234542847	204.458694458
112.793174744	215.385192871
115.35181427	220.246520996
117.910446167	215.617202759
120.469085693	210.168670654
123.02771759	231.454986572
125.586357117	231.852371216
128.144989014	237.469970703
130.70362854	247.671569824
133.262252808	241.690979004
135.820892334	255.313674927
138.37953186	257.903686523
140.938171387	256.248291016
143.496795654	252.874282837
146.055435181	247.557571411
148.614074707	246.273651123
151.172714233	245.873596191
153.731338501	239.360122681
156.289978027	231.190551758
158.848617554	232.164978027
161.40725708	239.240722656
163.965881348	225.79397583
166.524520874	218.344009399
169.0831604	219.721496582
171.641784668	221.612365723
174.200424194	219.198501587
176.759063721	205.081710815
179.317703247	204.801757813
181.876327515	205.743530273
184.434967041	191.019836426
186.993606567	196.663665771
189.552246094	189.971115112
192.110870361	196.338134766
194.669509888	204.028686523
197.228149414	201.036697388
199.786773682	203.941238403
202.345413208	202.728622437
204.904052734	196.659912109
207.462692261	194.456085205
210.021316528	197.949874878
212.579956055	192.614028931
215.138595581	186.814437866
217.697235107	190.344085693
220.255859375	190.141738892
222.814498901	186.839706421
225.373138428	197.063796997
227.931762695	188.323425293
230.490402222	198.152206421
233.049041748	200.578979492
235.607681274	195.202056885
238.166305542	196.318695068
240.724945068	202.96836853
243.283584595	202.492202759
245.842224121	210.840744019
248.400848389	216.425674438
250.959487915	206.990188599
253.518127441	197.408126831
256.076751709	208.0546875
258.635406494	203.432769775
261.194030762	206.785232544
263.752655029	222.089248657
266.311309814	212.656829834
268.869934082	212.276611328
271.42855835	209.336181641
273.987213135	208.298660278
276.545837402	208.548141479
279.104492188	207.769714355
281.663116455	222.431137085
284.221740723	219.740142822
286.780395508	211.183578491
289.339019775	211.942749023
291.897644043	225.000762939
294.456298828	216.839035034
297.014923096	231.68586731
299.573547363	229.142593384
302.132202148	225.979522705
304.690826416	228.600006104
307.249481201	228.76890564
309.808105469	232.363739014
312.366729736	221.968826294
314.925384521	219.836730957
317.484008789	220.856002808
320.042633057	215.82749939
322.601287842	217.301071167
325.159912109	221.064620972
327.718536377	219.171325684
330.277191162	218.204559326
332.83581543	220.176559448
335.394470215	219.893951416
337.953094482	201.537078857
340.51171875	203.569046021
343.070373535	205.499710083
345.628997803	205.256546021
348.18762207	205.43208313
350.746276855	203.298492432
353.304901123	208.371170044
355.863525391	213.79397583
358.422180176	213.071609497
360.980804443	205.171981812
363.539459229	195.93119812
366.098083496	209.091903687
368.656707764	195.906661987
371.215362549	192.693344116
373.773986816	197.748016357
376.332611084	202.081954956
378.891265869	199.832977295
381.449890137	202.963928223
384.008514404	195.718811035
386.567169189	184.767868042
389.125793457	181.127349854
391.684448242	190.457107544
394.24307251	195.902404785
396.801696777	194.639556885
399.360351563	196.622940063
401.91897583	189.397796631
404.477600098	179.396179199
407.036254883	184.267608643
409.59487915	186.912185669
412.153503418	188.37878418
414.712158203	189.701812744
417.270782471	189.383346558
419.829437256	186.574905396
422.388061523	182.450180054
424.946685791	186.920410156
427.505340576	189.706634521
430.063964844	187.841461182
432.622589111	188.774475098
435.181243896	193.372451782
437.739868164	187.324707031
440.298492432	193.295089722
442.857147217	184.801086426
445.415771484	188.59362793
447.97442627	194.114013672
450.533050537	189.099349976
453.091674805	190.593948364
455.65032959	180.004333496
458.208953857	177.273010254
460.767578125	177.587738037
463.32623291	180.641677856
465.884857178	185.524215698
468.443511963	184.027099609
471.00213623	198.714813232
473.560760498	197.451217651
476.119415283	200.791091919
478.678039551	209.58795166
481.236663818	218.231246948
483.795318604	235.238265991
486.353942871	231.684768677
488.912567139	241.585342407
491.471221924	244.882598877
494.029846191	250.608932495
496.588500977	267.835479736
499.147125244	263.660095215
501.705749512	305.425018311
504.264404297	329.676177979
506.823028564	359.139465332
509.381652832	412.026580811
511.940307617	493.125579834
514.498962402	586.557922363
517.057556152	755.580627441
519.616210938	888.189147949
522.174865723	880.998840332
524.733459473	751.711914063
527.292114258	571.014160156
529.850769043	403.315734863
532.409362793	310.282073975
534.968017578	246.305252075
537.526672363	211.097915649
540.085266113	184.817504883
542.643920898	159.415542603
545.202575684	150.118377686
547.761169434	148.943008423
550.319824219	141.571029663
552.878479004	137.960189819
555.437072754	134.776092529
557.995727539	133.053710938
560.554382324	137.145492554
563.112976074	131.591598511
565.671630859	132.451080322
568.230285645	133.298706055
570.78894043	133.227966309
573.34753418	130.405944824
575.906188965	125.20880127
578.46484375	126.388893127
581.0234375	132.743682861
583.582092285	135.897171021
586.14074707	131.173171997
588.69934082	126.145851135
591.257995605	126.441627502
593.816650391	126.651977539
596.375244141	127.496574402
598.933898926	128.933670044
601.492553711	128.579818726
604.051147461	127.052101135
606.609802246	127.290496826
609.168457031	130.372467041
611.727050781	124.623435974
614.285705566	127.165519714
616.844360352	129.910263062
619.403015137	127.862960815
621.961608887	122.964691162
624.520263672	121.719993591
627.078918457	130.143722534
629.637512207	129.126480103
632.196166992	129
634.754821777	126.284576416
637.313415527	122.996994019
639.872070313	123.324378967
642.430725098	127.37651825
644.989318848	119.734474182
647.547973633	129.439758301
650.106628418	133.040100098
652.665222168	129.107650757
655.223876953	121.780265808
657.782531738	117.861488342
660.341125488	123.531425476
662.899780273	139.015716553
665.458435059	129.039031982
668.017028809	127.784393311
670.575683594	128.506713867
673.134338379	128.608657837
675.692993164	127.821159363
678.251586914	121.432739258
680.810241699	125.865638733
683.368896484	131.349868774
685.927490234	131.67350769
688.48614502	129.066619873
691.044799805	128.052597046
693.603393555	128.375640869
696.16204834	118.161460876
698.720703125	126.196075439
701.279296875	126.383010864
703.83795166	119.84046936
706.396606445	120.370185852
708.955200195	127.033042908
711.51385498	126.717163086
714.072509766	121.584762573
716.631103516	116.791854858
719.189758301	119.289878845
721.748413086	119.456542969
724.307006836	123.568435669
726.865661621	126.547790527
729.424316406	118.771446228
731.982971191	126.999969482
734.541564941	126.828346252
737.100219727	130.380996704
739.658874512	129.501480103
742.217468262	126.760322571
744.776123047	125.516769409
747.334777832	126.193244934
749.893371582	128.371887207
752.452026367	126.137802124
755.010681152	131.932601929
757.569274902	123.809020996
760.127929688	125.703353882
762.686584473	132.569076538
765.245178223	125.265586853
767.803833008	135.026290894
770.362487793	130.546173096
772.921081543	135.293762207
775.479736328	128.469955444
778.038391113	129.156951904
780.596984863	130.250457764
783.155639648	120.575866699
785.714294434	123.376708984
788.272949219	130.627960205
790.831542969	132.154495239
793.390197754	133.85017395
795.948852539	136.483383179
798.507446289	139.672088623
801.066101074	141.496276855
803.624755859	139.13734436
806.183349609	132.736755371
808.742004395	134.801574707
811.30065918	140.755477905
813.85925293	144.040313721
816.417907715	143.912200928
818.9765625	143.916351318
821.53515625	144.705184937
824.093811035	136.739456177
826.65246582	135.524917603
829.21105957	138.512130737
831.769714355	144.821929932
834.328369141	145.951431274
836.887023926	145.268875122
839.445617676	147.599777222
842.004272461	149.092178345
844.562927246	146.832199097
847.121520996	150.054977417
849.680175781	142.76184082
852.238830566	139.680892944
854.797424316	144.068756104
857.356079102	148.730133057
859.914733887	145.201721191
862.473327637	135.751922607
865.031982422	142.024734497
867.590637207	148.786972046
870.149230957	146.747665405
872.707885742	140.925430298
875.266540527	137.426254272
877.825134277	140.8777771
880.383789063	147.873947144
882.942443848	141.977218628
885.501037598	144.944168091
888.059692383	151.745193481
890.618347168	145.740020752
893.177001953	142.655090332
895.735595703	144.795455933
898.294250488	146.88243103
900.852905273	146.600006104
903.411499023	146.722061157
905.970153809	149.172683716
908.528808594	142.410095215
911.087402344	148.77444458
913.646057129	150.834350586
916.204711914	150.382263184
918.763305664	150.267471313
921.321960449	147.778808594
923.880615234	154.959014893
926.439208984	150.923782349
928.99786377	157.863937378
931.556518555	157.271499634
934.115112305	160.702713013
936.67376709	165.170333862
939.232421875	167.679000854
941.791015625	168.808532715
944.34967041	162.353256226
946.908325195	161.82572937
949.46697998	157.114761353
952.02557373	169.5340271
954.584228516	171.575790405
957.142883301	165.294998169
959.701477051	165.741149902
962.260131836	173.738800049
964.818786621	168.787811279
967.377380371	152.61428833
969.936035156	161.259033203
972.494689941	166.533355713
975.053283691	161.839477539
977.611938477	160.29725647
980.170593262	157.254928589
982.729187012	151.748321533
985.287841797	153.353820801
987.846496582	150.640548706
990.405090332	153.997955322
992.963745117	150.37651062
995.522399902	147.59564209
998.080993652	148.721069336
1000.63964844	145.827133179
1003.19830322	145.773239136
1005.75695801	150.125
1008.31555176	142.222763062
1010.87420654	148.261856079
1013.43286133	143.829727173
1015.99145508	141.318069458
1018.55010986	145.613708496
1021.10876465	152.628814697
1023.6673584	158.511505127
1026.22595215	158.190109253
1028.78466797	151.553131104
1031.34326172	150.016159058
1033.90197754	162.428314209
1036.46057129	151.941314697
1039.01916504	154.76133728
1041.57788086	160.434173584
1044.13647461	162.485809326
1046.69506836	156.686950684
1049.25378418	157.295150757
1051.81237793	171.426528931
1054.37097168	173.11076355
1056.9296875	170.977935791
1059.48828125	162.067611694
1062.046875	161.038986206
1064.60559082	178.140060425
1067.16418457	171.710494995
1069.72277832	168.828994751
1072.28149414	174.406768799
1074.84008789	174.646911621
1077.39868164	183.18649292
1079.95739746	181.263397217
1082.51599121	185.730148315
1085.07458496	186
1087.63330078	185.119247437
1090.19189453	189.951797485
1092.75048828	199.694488525
1095.3092041	202.289215088
1097.86779785	199.340805054
1100.4263916	202.180343628
1102.98510742	198.872772217
1105.54370117	216.600219727
1108.10229492	217.138137817
1110.66101074	218.628631592
1113.21960449	223.693695068
1115.77819824	223.450653076
1118.33691406	218.599594116
1120.89550781	219.027374268
1123.45410156	225.03163147
1126.01281738	228.276596069
1128.57141113	246.09387207
1131.13000488	256.520385742
1133.6887207	255.224960327
1136.24731445	254.07069397
1138.80603027	256.091888428
1141.36462402	270.745697021
1143.92321777	286.679107666
1146.48193359	299.642272949
1149.04052734	304.895172119
1151.59912109	293.71206665
1154.15783691	310.484039307
1156.71643066	325.44821167
1159.27502441	333.02041626
1161.83374023	347.929260254
1164.39233398	343.445159912
1166.95092773	342.771575928
1169.50964355	360.791656494
1172.0682373	372.553039551
1174.62683105	368.073974609
1177.18554688	378.573608398
1179.74414063	395.492675781
1182.30273438	398.097595215
1184.8614502	407.683563232
1187.42004395	415.799926758
1189.9786377	408.717437744
1192.53735352	410.179504395
1195.09594727	414.49697876
1197.65454102	427.784332275
1200.21325684	440.156585693
1202.77185059	437.891082764
1205.33044434	446.456207275
1207.88916016	444.110687256
1210.44775391	451.003692627
1213.00634766	467.958099365
1215.56506348	469.568328857
1218.12365723	480.565612793
1220.68225098	492.43536377
1223.2409668	497.927062988
1225.79956055	501.258575439
1228.3581543	508.866729736
1230.91687012	516.816711426
1233.47546387	515.45892334
1236.03405762	519.477844238
1238.59277344	540.769226074
1241.15136719	541.046508789
1243.70996094	550.855957031
1246.26867676	555.659667969
1248.82727051	574.390319824
1251.38598633	575.444580078
1253.94458008	585.854553223
1256.50317383	607.368347168
1259.06188965	606.838439941
1261.6204834	621.143310547
1264.17907715	629.885559082
1266.73779297	646.441955566
1269.29638672	652.83807373
1271.85498047	666.905395508
1274.41369629	661.816772461
1276.97229004	661.189208984
1279.53088379	671.329467773
1282.08959961	696.136291504
1284.64819336	714.064880371
1287.20678711	710.340270996
1289.76550293	707.825927734
1292.32409668	719.682373047
1294.88269043	733.992919922
1297.44140625	758.924621582
1300	771.169372559
1302.55859375	767.123291016
1305.11730957	790.042175293
1307.67590332	792.194091797
1310.23449707	789.115661621
1312.79321289	804.406677246
1315.35180664	829.446228027
1317.91040039	852.373962402
1320.46911621	866.827026367
1323.02770996	862.023071289
1325.58630371	895.397949219
1328.14501953	878.034423828
1330.70361328	880.24420166
1333.26220703	903.498901367
1335.82092285	892.642700195
1338.3795166	887.282897949
1340.93811035	910.857849121
1343.49682617	918.335449219
1346.05541992	906.718994141
1348.61401367	905.119689941
1351.17272949	905.918212891
1353.73132324	894.998779297
1356.29003906	903.928344727
1358.84863281	880.274597168
1361.40722656	874.27947998
1363.96594238	894.797912598
1366.52453613	890.944946289
1369.08312988	867.758361816
1371.6418457	870.819030762
1374.20043945	850.047729492
1376.7590332	840.162902832
1379.31774902	841.121826172
1381.87634277	835.483703613
1384.43493652	826.878967285
1386.99365234	811.599914551
1389.55224609	795.416320801
1392.11083984	788.765197754
1394.66955566	762.91973877
1397.22814941	747.889770508
1399.78674316	744.16784668
1402.34545898	740.493103027
1404.90405273	727.108703613
1407.46264648	732.586791992
1410.0213623	717.34753418
1412.57995605	704.020935059
1415.1385498	695.996337891
1417.69726563	691.071533203
1420.25585938	686.359680176
1422.81445313	666.460144043
1425.37316895	657.514038086
1427.9317627	638.374328613
1430.49035645	637.721313477
1433.04907227	630.26348877
1435.60766602	636.117370605
1438.16625977	621.348693848
1440.72497559	617.852233887
1443.28356934	611.381225586
1445.84216309	599.148803711
1448.40087891	599.670043945
1450.95947266	599.926513672
1453.51806641	597.793945313
1456.07678223	594.630432129
1458.63537598	582.666503906
1461.19396973	575.55871582
1463.75268555	585.238037109
1466.3112793	591.189819336
1468.86999512	591.49810791
1471.42858887	579.85559082
1473.98718262	586.41229248
1476.54589844	567.759033203
1479.10449219	565.036254883
1481.66308594	566.36114502
1484.22180176	574.438659668
1486.78039551	564.767211914
1489.33898926	559.141235352
1491.89770508	561.92565918
1494.45629883	567.690795898
1497.01489258	564.037719727
1499.5736084	556.878356934
1502.13220215	568.798522949
1504.6907959	560.100585938
1507.24951172	557.723693848
1509.80810547	554.409545898
1512.36669922	548.930847168
1514.92541504	565.11730957
1517.48400879	569.62121582
1520.04260254	550.149841309
1522.60131836	556.695983887
1525.15991211	561.570861816
1527.71850586	569.509155273
1530.27722168	569.039428711
1532.83581543	567.71270752
1535.39440918	580.428344727
1537.953125	588.96081543
1540.51171875	592.038757324
1543.0703125	612.848815918
1545.62902832	632.889404297
1548.18762207	630.295043945
1550.74621582	635.987060547
1553.30493164	661.084533691
1555.86352539	671.126281738
1558.42211914	704.687133789
1560.98083496	708.474060059
1563.53942871	760.236450195
1566.09802246	756.198608398
1568.65673828	775.061828613
1571.21533203	814.380493164
1573.77404785	859.453186035
1576.3326416	884.340942383
1578.89123535	915.474304199
1581.44995117	949.897277832
1584.00854492	975.157470703
1586.56713867	1003.36419678
1589.12585449	1036.54956055
1591.68444824	1064.9029541
1594.24304199	1088.16662598
1596.80175781	1101.96044922
1599.36035156	1117.19335938
1601.91894531	1127.5
1604.47766113	1097.06481934
1607.03625488	1104.72070313
1609.59484863	1063.31567383
1612.15356445	1057.41064453
1614.7121582	1022.6340332
1617.27075195	993.779541016
1619.82946777	930.024108887
1622.38806152	876.668640137
1624.94665527	820.263183594
1627.50537109	773.27923584
1630.06396484	724.24621582
1632.62255859	662.619506836
1635.18127441	621.317016602
1637.73986816	593.462158203
1640.29846191	548.274353027
1642.85717773	501.655944824
1645.41577148	471.070617676
1647.97436523	437.875427246
1650.53308105	405.783813477
1653.0916748	395.1434021
1655.65026855	382.773651123
1658.20898438	350.393768311
1660.76757813	336.606658936
1663.32617188	309.963897705
1665.8848877	307.105316162
1668.44348145	300.556182861
1671.0020752	284.627166748
1673.56079102	256.503326416
1676.11938477	250.84487915
1678.67797852	234.713241577
1681.23669434	226.492782593
1683.79528809	229.181442261
1686.35400391	217.020950317
1688.91259766	210.898040771
1691.47119141	199.983047485
1694.02990723	192.927688599
1696.58850098	184.508102417
1699.14709473	179.431472778
1701.70581055	177.387069702
1704.2644043	169.683609009
1706.82299805	166.18157959
1709.38171387	166.601455688
1711.94030762	160.133361816
1714.49890137	152.003662109
1717.05761719	142.231445313
1719.61621094	143.003631592
1722.17480469	144.349731445
1724.73352051	145.543136597
1727.29211426	138.954818726
1729.85070801	135.854949951
1732.40942383	123.69355011
1734.96801758	130.307220459
1737.52661133	118.274307251
1740.08532715	121.565505981
1742.6439209	116.809234619
1745.20251465	119.00957489
1747.76123047	120.274803162
1750.31982422	114.692024231
1752.87841797	119.306510925
1755.43713379	110.429191589
1757.99572754	110.632087708
1760.55432129	107.379776001
1763.11303711	103.710083008
1765.67163086	108.293899536
1768.23022461	106.589027405
1770.78894043	107.799224854
1773.34753418	109.318664551
1775.90612793	106.129890442
1778.46484375	108.371337891
1781.0234375	104.831489563
1783.58203125	98.5942001343
1786.14074707	101.797996521
1788.69934082	101.037841797
1791.25805664	100.39214325
1793.81665039	105.822227478
1796.37524414	104.745429993
1798.93395996	104.390266418
1801.49255371	100.876785278
1804.05114746	96.5532913208
1806.60986328	98.293800354
1809.16845703	97.5158691406
1811.72705078	96.7443466187
1814.2857666	98.6554641724
1816.84436035	97.0864562988
1819.4029541	102.935325623
1821.96166992	95.8514328003
1824.52026367	96.1572341919
1827.07885742	95.4579315186
1829.63757324	92.3670349121
1832.19616699	100.512672424
1834.75476074	98.5953674316
1837.31347656	98.3882751465
1839.87207031	94.4677047729
1842.43066406	92.4731521606
1844.98937988	94.0994491577
1847.54797363	93.4598999023
1850.10656738	87.9616546631
1852.6652832	100.541854858
1855.22387695	99.2425079346
1857.7824707	82.9420623779
1860.34118652	90.8899154663
1862.89978027	93.9814834595
1865.45837402	93.2382049561
1868.01708984	91.429977417
1870.57568359	90.0776367188
1873.13427734	90.7037200928
1875.69299316	93.5075378418
1878.25158691	94.9780349731
1880.81018066	87.2751235962
1883.36889648	86.6341247559
1885.92749023	86.8496322632
1888.48608398	85.6020126343
1891.0447998	83.5055999756
1893.60339355	88.3442611694
1896.1619873	86.3473815918
1898.72070313	85.529083252
1901.27929688	91.5630722046
1903.8380127	96.364982605
1906.39660645	96.7924575806
1908.9552002	95.5212783813
1911.51391602	91.1172332764
1914.07250977	86.4766082764
1916.63110352	86.9080047607
1919.18981934	84.5268936157
1921.74841309	86.2363204956
1924.30700684	91.30078125
1926.86572266	91.7961196899
1929.42431641	92.0053253174
1931.98291016	87.209777832
1934.54162598	88.5912628174
1937.10021973	91.6415710449
1939.65881348	85.8002548218
1942.2175293	83.4375076294
1944.77612305	83.3212432861
1947.3347168	82.482208252
1949.89343262	82.792678833
1952.45202637	84.8155975342
1955.01062012	85.5811843872
1957.56933594	90.1917724609
1960.12792969	86.3819351196
1962.68652344	83.5560531616
1965.24523926	80.172958374
1967.80383301	82.1634521484
1970.36242676	86.8434677124
1972.92114258	78.5440368652
1975.47973633	77.1330947876
1978.03833008	84.6350326538
1980.5970459	82.6229782104
1983.15563965	78.8980712891
1985.7142334	85.3031005859
1988.27294922	87.8361968994
1990.83154297	80.9862442017
1993.39013672	84.2258911133
1995.94885254	80.6169967651
1998.50744629	83.5485153198
2001.06604004	84.7799911499
2003.62475586	80.7210922241
2006.18334961	89.7800064087
2008.74194336	93.6356735229
2011.30065918	93.0930023193
2013.85925293	84.9316177368
2016.41796875	83.4415969849
2018.9765625	82.7071914673
2021.53515625	84.5838928223
2024.09387207	87.1299667358
2026.65246582	86.0200805664
2029.21105957	84.7902908325
2031.76977539	83.3076324463
2034.32836914	85.0742645264
2036.88696289	87.0884094238
2039.44567871	84.9503936768
2042.00427246	82.59009552
2044.56286621	86.9443435669
2047.12158203	88.2478637695
2049.68017578	87.3944549561
2052.23876953	86.9661254883
2054.79736328	89.1730499268
2057.35595703	87.5280685425
2059.91479492	86.6206359863
2062.47338867	86.4409561157
2065.03198242	85.1027069092
2067.59057617	85.4691925049
2070.14916992	84.9790344238
2072.70800781	80.8742904663
2075.26660156	80.3191604614
2077.82519531	77.4452819824
2080.38378906	81.6672363281
2082.94238281	88.0189361572
2085.50097656	86.711265564
2088.05981445	86.208480835
2090.6184082	80.0637588501
2093.17700195	81.2947006226
2095.7355957	84.2519302368
2098.29418945	86.4872817993
2100.8527832	88.9549179077
2103.41162109	85.5717391968
2105.97021484	82.4868621826
2108.52880859	84.914894104
2111.08740234	85.608039856
2113.64599609	87.7003326416
2116.20458984	84.4657745361
2118.76342773	85.8430633545
2121.32202148	83.990020752
2123.88061523	87.1954269409
2126.43920898	87.7519073486
2128.99780273	84.0381546021
2131.55639648	85.4354248047
2134.11523438	79.8242111206
2136.67382813	80.0445632935
2139.23242188	86.9063796997
2141.79101563	84.9323577881
2144.34960938	88.2727050781
2146.90820313	85.9167022705
2149.46704102	88.8760070801
2152.02563477	87.9313201904
2154.58422852	88.431312561
2157.14282227	87.3526535034
2159.70141602	86.9279022217
2162.26000977	91.303604126
2164.81884766	87.9744491577
2167.37744141	88.5290756226
2169.93603516	88.167640686
2172.49462891	87.0961532593
2175.05322266	89.5166549683
2177.61206055	85.6049346924
2180.1706543	81.6081695557
2182.72924805	85.7072219849
2185.2878418	89.5823135376
2187.84643555	88.9497070313
2190.4050293	88.6832351685
2192.96386719	85.2652130127
2195.52246094	84.8755645752
2198.08105469	91.3630599976
2200.63964844	88.703338623
2203.19824219	86.0387115479
2205.75683594	86.3495254517
2208.31567383	86.401260376
2210.87426758	90.6249771118
2213.43286133	89.3672943115
2215.99145508	91.2773666382
2218.55004883	90.8653106689
2221.10864258	94.7059173584
2223.66748047	88.3917007446
2226.22607422	86.947052002
2228.78466797	88.2210159302
2231.34326172	94.6938705444
2233.90185547	92.4014968872
2236.46044922	87.9331207275
2239.01928711	89.8132781982
2241.57788086	85.6779708862
2244.13647461	90.0340423584
2246.69506836	97.9106140137
2249.25366211	95.3757019043
2251.81225586	94.6629562378
2254.37109375	91.7381362915
2256.9296875	98.5040893555
2259.48828125	91.1330337524
2262.046875	92.03956604
2264.60546875	92.3014373779
2267.1640625	94.8936080933
2269.72290039	97.559463501
2272.28149414	92.6143569946
2274.84008789	95.5573425293
2277.39868164	95.4748916626
2279.95727539	100.898918152
2282.51611328	99.845993042
2285.07470703	96.9091720581
2287.63330078	98.3575439453
2290.19189453	96.8312301636
2292.75048828	96.9108200073
2295.30908203	95.9798660278
2297.86791992	97.2524719238
2300.42651367	98.9132766724
2302.98510742	100.354248047
2305.54370117	102.870437622
2308.10229492	97.7140884399
2310.66088867	98.1668548584
2313.21972656	101.064407349
2315.77832031	103.044921875
2318.33691406	97.0751571655
2320.89550781	103.429672241
2323.45410156	100.031333923
2326.01269531	100.41040802
2328.5715332	106.028610229
2331.13012695	112.588539124
2333.6887207	119.971031189
2336.24731445	122.774116516
2338.8059082	118.970344543
2341.36450195	108.578399658
2343.92333984	104.154434204
2346.48193359	101.516281128
2349.04052734	104.993125916
2351.59912109	109.835441589
2354.15771484	111.351501465
2356.71630859	107.853210449
2359.27514648	103.699813843
2361.83374023	113.071525574
2364.39233398	113.108512878
2366.95092773	110.803840637
2369.50952148	114.085678101
2372.06811523	113.116928101
2374.62695313	112.214950562
2377.18554688	110.93775177
2379.74414063	113.656570435
2382.30273438	115.939979553
2384.86132813	118.705986023
2387.41992188	117.273452759
2389.97875977	120.857322693
2392.53735352	115.76815033
2395.09594727	118.327583313
2397.65454102	116.120498657
2400.21313477	119.5679245
2402.77197266	127.255447388
2405.33056641	126.510620117
2407.88916016	125.025375366
2410.44775391	127.00945282
2413.00634766	130.421615601
2415.56494141	130.616424561
2418.1237793	132.170318604
2420.68237305	127.464035034
2423.2409668	138.546295166
2425.79956055	141.561203003
2428.3581543	140.576934814
2430.91674805	151.148239136
2433.47558594	159.379547119
2436.03417969	161.767196655
2438.59277344	177.954086304
2441.15136719	176.638183594
2443.70996094	172.396606445
2446.26855469	172.056640625
2448.82739258	170.570175171
2451.38598633	156.650863647
2453.94458008	152.060745239
2456.50317383	156.584411621
2459.06176758	157.954803467
2461.62036133	154.320922852
2464.17919922	155.205413818
2466.73779297	150.708862305
2469.29638672	148.698501587
2471.85498047	150.562637329
2474.41357422	150.3777771
2476.97216797	150.076217651
2479.53100586	154.066329956
2482.08959961	150.044036865
2484.64819336	154.321838379
2487.20678711	157.556854248
2489.76538086	155.103317261
2492.32397461	149.913101196
2494.8828125	152.502746582
2497.44140625	162.252792358
2500	158.155487061
2502.55859375	161.108947754
2505.1171875	156.896408081
2507.67602539	153.534683228
2510.23461914	157.077377319
2512.79321289	158.124954224
2515.35180664	159.332061768
2517.91040039	163.463760376
2520.46899414	161.249282837
2523.02783203	163.940322876
2525.58642578	164.154022217
2528.14501953	159.106719971
2530.70361328	168.0131073
2533.26220703	167.41986084
2535.82080078	172.621826172
2538.37963867	171.381439209
2540.93823242	170.453353882
2543.49682617	169.073623657
2546.05541992	169.481613159
2548.61401367	172.437179565
2551.17260742	175.302734375
2553.73144531	173.899703979
2556.29003906	174.646682739
2558.84863281	180.424850464
2561.40722656	180.452163696
2563.96582031	174.058700562
2566.52441406	186.543167114
2569.08325195	186.703552246
2571.6418457	175.642623901
2574.20043945	180.017059326
2576.7590332	175.598678589
2579.31762695	177.74836731
2581.8762207	182.053436279
2584.43505859	184.968658447
2586.99365234	178.637542725
2589.55224609	181.125015259
2592.11083984	184.350753784
2594.66943359	182.692337036
2597.22802734	182.804016113
2599.78686523	192.343994141
2602.34545898	183.052597046
2604.90405273	194.407302856
2607.46264648	194.24546814
2610.02124023	196.861679077
2612.58007813	198.019790649
2615.13867188	190.163391113
2617.69726563	189.867431641
2620.25585938	191.325790405
2622.81445313	194.2552948
2625.37304688	192.558883667
2627.93188477	195.78477478
2630.49047852	199.678283691
2633.04907227	192.363220215
2635.60766602	198.093765259
2638.16625977	199.909347534
2640.72485352	196.802124023
2643.28369141	207.324661255
2645.84228516	203.363723755
2648.40087891	201.822463989
2650.95947266	200.971694946
2653.51806641	199.08416748
2656.07666016	196.250442505
2658.63549805	205.496276855
2661.1940918	207.156860352
2663.75268555	198.356307983
2666.3112793	203.068695068
2668.86987305	205.928207397
2671.4284668	204.148773193
2673.98730469	210.046691895
2676.54589844	209.604110718
2679.10449219	199.565551758
2681.66308594	203.795227051
2684.22167969	205.879333496
2686.78027344	201.815811157
2689.33911133	210.310546875
2691.89770508	207.195983887
2694.45629883	218.986999512
2697.01489258	215.942779541
2699.57348633	224.631149292
2702.13208008	213.825378418
2704.69091797	205.836380005
2707.24951172	211.465637207
2709.80810547	216.298828125
2712.36669922	217.299423218
2714.92529297	224.053771973
2717.48388672	213.190658569
2720.04272461	227.13130188
2722.60131836	218.763381958
2725.15991211	220.608047485
2727.71850586	220.522171021
2730.27709961	216.402038574
2732.8359375	212.905700684
2735.39453125	213.015396118
2737.953125	220.095825195
2740.51171875	216.792251587
2743.0703125	221.670928955
2745.62890625	219.065505981
2748.18774414	219.120742798
2750.74633789	216.655822754
2753.30493164	221.841918945
2755.86352539	219.862594604
2758.42211914	215.715866089
2760.98071289	220.734619141
2763.53955078	221.168121338
2766.09814453	221.177642822
2768.65673828	228.02947998
2771.21533203	219.699752808
2773.77392578	215.339126587
2776.33251953	217.810424805
2778.89135742	222.752838135
2781.44995117	227.298171997
2784.00854492	230.03352356
2786.56713867	231.475036621
2789.12573242	234.231292725
2791.68432617	232.414001465
2794.24316406	233.157150269
2796.80175781	237.649597168
2799.36035156	226.87739563
2801.91894531	227.016952515
2804.47753906	230.352615356
2807.03613281	228.451629639
2809.5949707	227.090011597
2812.15356445	233.699813843
2814.7121582	238.267974854
2817.27075195	231.662887573
2819.8293457	237.330062866
2822.38793945	238.461914063
2824.94677734	236.292938232
2827.50537109	244.245010376
2830.06396484	239.563537598
2832.62255859	230.769958496
2835.18115234	235.800430298
2837.73999023	241.73449707
2840.29858398	235.369659424
2842.85717773	228.074905396
2845.41577148	235.948699951
2847.97436523	243.044143677
2850.53295898	235.180130005
2853.09179688	249.082214355
2855.65039063	241.033035278
2858.20898438	243.955062866
2860.76757813	245.164810181
2863.32617188	245.799377441
2865.88476563	239.031295776
2868.44360352	236.057693481
2871.00219727	240.184082031
2873.56079102	252.934753418
2876.11938477	245.427871704
2878.67797852	243.671691895
2881.23657227	243.558776855
2883.79541016	246.83404541
2886.35400391	243.769088745
2888.91259766	247.89074707
2891.47119141	245.756942749
2894.02978516	235.897003174
2896.58837891	259.301605225
2899.1472168	234.75932312
2901.70581055	245.617401123
2904.2644043	251.768325806
2906.82299805	247.549438477
2909.3815918	251.457229614
2911.94018555	253.755828857
2914.49902344	247.719665527
2917.05761719	244.971405029
2919.61621094	247.510620117
2922.17480469	259.471801758
2924.73339844	255.073364258
2927.29199219	252.41078186
2929.85083008	253.79637146
2932.40942383	251.467544556
2934.96801758	242.661682129
2937.52661133	250.351242065
2940.08520508	250.826705933
2942.64404297	245.289169312
2945.20263672	250.863006592
2947.76123047	244.865249634
2950.31982422	247.911468506
2952.87841797	247.18006897
2955.43701172	253.079193115
2957.99584961	240.201309204
2960.55444336	242.233322144
2963.11303711	239.32661438
2965.67163086	241.677124023
2968.23022461	234.815490723
2970.78881836	230.324432373
2973.34765625	224.88633728
2975.90625	218.520217896
2978.46484375	231.038284302
2981.0234375	227.205047607
2983.58203125	231.559341431
2986.140625	224.807373047
2988.69946289	221.733230591
2991.25805664	223.994338989
2993.81665039	226.422576904
2996.37524414	217.691589355
2998.93383789	215.733428955
3001.49243164	215.499069214
3004.05126953	213.682144165
3006.60986328	209.257171631
3009.16845703	213.812255859
3011.72705078	205.056838989
3014.28564453	203.679122925
3016.84423828	206.646728516
3019.40307617	193.421401978
3021.96166992	198.127883911
3024.52026367	199.183959961
3027.07885742	197.120422363
3029.63745117	195.752761841
3032.19604492	200.745254517
3034.75488281	195.351043701
3037.31347656	192.89289856
3039.87207031	201.734191895
3042.43066406	202.183532715
3044.98925781	205.895980835
3047.5480957	193.285507202
3050.10668945	192.046051025
3052.6652832	192.986663818
3055.22387695	199.470474243
3057.7824707	187.431945801
3060.34106445	196.134460449
3062.89990234	190.23890686
3065.45849609	195.13760376
3068.01708984	190.56918335
3070.57568359	187.2578125
3073.13427734	188.154754639
3075.69287109	195.722869873
3078.25170898	194.93901062
3080.81030273	185.367477417
3083.36889648	189.852813721
3085.92749023	183.54019165
3088.48608398	182.240432739
3091.04467773	195.026351929
3093.60351563	177.746063232
3096.16210938	182.476318359
3098.72070313	170.666748047
3101.27929688	173.491729736
3103.83789063	181.39100647
3106.39648438	185.885177612
3108.95532227	180.342086792
3111.51391602	171.250305176
3114.07250977	171.781799316
3116.63110352	168.78314209
3119.18969727	171.630111694
3121.74829102	168.405761719
3124.30712891	177.985198975
3126.86572266	170.796829224
3129.42431641	175.389648438
3131.98291016	173.80847168
3134.54150391	176.407485962
3137.10009766	187.837844849
3139.65893555	183.371231079
3142.2175293	167.948074341
3144.77612305	177.402069092
3147.3347168	169.957489014
3149.89331055	163.428344727
3152.4519043	165.91859436
3155.01074219	175.550918579
3157.56933594	177.542892456
3160.12792969	177.149551392
3162.68652344	174.193832397
3165.24511719	173.424926758
3167.80395508	166.617599487
3170.36254883	172.78678894
3172.92114258	171.702651978
3175.47973633	171.672546387
3178.03833008	175.226745605
3180.59692383	171.551071167
3183.15576172	170.606109619
3185.71435547	175.790313721
3188.27294922	176.305923462
3190.83154297	173.914978027
3193.39013672	174.239273071
3195.94873047	174.803634644
3198.50756836	175.496063232
3201.06616211	168.168045044
3203.62475586	169.485031128
3206.18334961	162.34664917
3208.74194336	173.023834229
3211.30053711	167.936462402
3213.859375	168.766616821
3216.41796875	163.17767334
3218.9765625	153.835906982
3221.53515625	165.315750122
3224.09375	153.430511475
3226.65234375	159.083206177
3229.21118164	155.980117798
3231.76977539	152.22315979
3234.32836914	155.120956421
3236.88696289	155.331115723
3239.44555664	153.496246338
3242.00415039	146.346817017
3244.56298828	148.388549805
3247.12158203	147.591751099
3249.68017578	141.944564819
3252.23876953	144.918212891
3254.79736328	140.702896118
3257.35595703	144.322982788
3259.91479492	142.675613403
3262.47338867	138.254776001
3265.03198242	134.519744873
3267.59057617	140.567092896
3270.14916992	138.922241211
3272.70800781	132.901977539
3275.26660156	132.684555054
3277.82519531	132.066513062
3280.38378906	124.159568787
3282.94238281	128.487167358
3285.50097656	132.73727417
3288.05981445	132.937438965
3290.6184082	132.487564087
3293.17700195	132.985519409
3295.7355957	128.812301636
3298.29418945	125.58114624
3300.8527832	125.176483154
3303.41162109	127.80267334
3305.97021484	131.811584473
3308.52880859	119.512794495
3311.08740234	134.935745239
3313.64599609	132.806472778
3316.20458984	120.886230469
3318.76342773	120.527252197
3321.32202148	125.730476379
3323.88061523	122.48840332
3326.43920898	128.674942017
3328.99780273	124.139213562
3331.55639648	118.724281311
3334.11523438	123.015205383
3336.67382813	126.134750366
3339.23242188	118.890365601
3341.79101563	115.722381592
3344.34960938	116.230567932
3346.90820313	124.069320679
3349.46704102	125.612609863
3352.02563477	119.135269165
3354.58422852	114.188652039
3357.14282227	119.42401123
3359.70141602	122.342903137
3362.26000977	119.889320374
3364.81884766	112.43572998
3367.37744141	122.78036499
3369.93603516	118.068252563
3372.49462891	110.851905823
3375.05322266	112.903930664
3377.61206055	121.192146301
3380.1706543	115.255699158
3382.72924805	118.483543396
3385.2878418	115.069473267
3387.84643555	121.058883667
3390.4050293	115.194816589
3392.96386719	117.591270447
3395.52246094	117.558853149
3398.08105469	118.65914917
3400.63964844	115.788673401
3403.19824219	120.204582214
3405.75683594	115.733627319
3408.31567383	113.078186035
3410.87426758	116.397201538
3413.43286133	115.381866455
3415.99145508	111.119941711
3418.55004883	118.455711365
3421.10864258	123.031219482
3423.66748047	122.84211731
3426.22607422	123.859687805
3428.78466797	114.647224426
3431.34326172	121.766983032
3433.90185547	114.534210205
3436.46044922	114.169487
3439.01928711	123.996391296
3441.57788086	126.947235107
3444.13647461	118.107879639
3446.69506836	120.869392395
3449.25366211	124.032501221
3451.81225586	126.077354431
3454.37109375	112.363609314
3456.9296875	125.900886536
3459.48828125	114.257804871
3462.046875	122.131881714
3464.60546875	125.770553589
3467.1640625	122.763824463
3469.72290039	119.745201111
3472.28149414	114.590934753
3474.84008789	114.413627625
3477.39868164	113.501068115
3479.95727539	124.673469543
3482.51611328	122.06427002
3485.07470703	120.540519714
3487.63330078	120.589363098
3490.19189453	124.512336731
3492.75048828	124.997016907
3495.30908203	120.888961792
3497.86791992	117.819038391
3500.42651367	109.448699951
3502.98510742	123.940940857
3505.54370117	120.928619385
3508.10229492	116.221954346
3510.66088867	124.214599609
3513.21972656	118.095855713
3515.77832031	114.480781555
3518.33691406	116.924186707
3520.89550781	116.979316711
3523.45410156	120.807739258
3526.01269531	120.659408569
3528.5715332	119.29864502
3531.13012695	118.699043274
3533.6887207	116.604553223
3536.24731445	122.048484802
3538.8059082	122.712982178
3541.36450195	116.148849487
3543.92333984	125.68837738
3546.48193359	122.502830505
3549.04052734	125.215019226
3551.59912109	122.506286621
3554.15771484	128.713562012
3556.71630859	125.272949219
3559.27514648	118.862602234
3561.83374023	120.328605652
3564.39233398	120.487113953
3566.95092773	124.822715759
3569.50952148	121.277870178
3572.06811523	122.069023132
3574.62695313	109.89263916
3577.18554688	114.280563354
3579.74414063	120.867050171
3582.30273438	117.854644775
3584.86132813	122.637741089
3587.41992188	115.907051086
3589.97875977	114.746261597
3592.53735352	130.308563232
3595.09594727	127.918128967
3597.65454102	116.205688477
3600.21313477	126.908103943
3602.77197266	122.613113403
3605.33056641	128.816635132
3607.88916016	129.80682373
3610.44775391	125.035728455
3613.00634766	130.499633789
3615.56494141	124.616821289
3618.1237793	124.818954468
3620.68237305	120.815444946
3623.2409668	131.602203369
3625.79956055	124.896751404
3628.3581543	128.145843506
3630.91674805	130.16708374
3633.47558594	128.910705566
3636.03417969	132.505355835
3638.59277344	127.178466797
3641.15136719	113.453186035
3643.70996094	128.261276245
3646.26855469	129.771881104
3648.82739258	130.82371521
3651.38598633	121.939002991
3653.94458008	119.951301575
3656.50317383	125.164894104
3659.06176758	129.131317139
3661.62036133	124.838371277
3664.17919922	129.978652954
3666.73779297	122.9818573
3669.29638672	124.98110199
3671.85498047	121.6328125
3674.41357422	126.670608521
3676.97216797	129.095016479
3679.53100586	126.168746948
3682.08959961	130.048034668
3684.64819336	123.78678894
3687.20678711	126.891807556
3689.76538086	127.035919189
3692.32397461	129.152786255
3694.8828125	129.735031128
3697.44140625	122.716629028
3700	135.582046509
